# ordinar image ID, original image ID, exposure [s], dacs, bias [V], detector type, UTC time, human readable time, chip-board id, adrenalin mode, anomaly mode, latitude [deg], longitude [deg], 
1, 39205, 1.5, [1 100 255 127 127 0 385 7 130 128 80 85 128 128], 70.0, TPX, 1576878663, 2019-12-20 21:51:03, I07-W0167, 0, 0, -12.1138245811, 170.973554829 
2, 39206, 1.5, [1 100 255 127 127 0 385 7 130 128 80 85 128 128], 70.0, TPX, 1576878843, 2019-12-20 21:54:03, I07-W0167, 0, 0, -23.4221598308, 168.609899565 
3, 39207, 1.5, [1 100 255 127 127 0 385 7 130 128 80 85 128 128], 70.0, TPX, 1576879023, 2019-12-20 21:57:03, I07-W0167, 0, 0, -34.7098089989, 165.940702619 
4, 39208, 0.002, [1 100 255 127 127 0 385 7 130 128 80 85 128 128], 70.0, TPX, 1576879201, 2019-12-20 22:00:01, I07-W0167, 0, 0, -45.8324339664, 162.699081179 
5, 39209, 0.002, [1 100 255 127 127 0 385 7 130 128 80 85 128 128], 70.0, TPX, 1576880195, 2019-12-20 22:16:35, I07-W0167, 0, 0, -69.3623400314, 6.16147266833 
6, 39210, 0.002, [1 100 255 127 127 0 385 7 130 128 80 85 128 128], 70.0, TPX, 1576880375, 2019-12-20 22:19:35, I07-W0167, 0, 0, -58.457908872, -2.46956972665 
7, 39211, 0.002, [1 100 255 127 127 0 385 7 130 128 80 85 128 128], 70.0, TPX, 1576880555, 2019-12-20 22:22:35, I07-W0167, 0, 0, -47.2986809207, -7.307238609 
8, 39212, 0.002, [1 100 255 127 127 0 385 7 130 128 80 85 128 128], 70.0, TPX, 1576880735, 2019-12-20 22:25:35, I07-W0167, 0, 0, -36.0419315284, -10.7013081637 
9, 39213, 0.002, [1 100 255 127 127 0 385 7 130 128 80 85 128 128], 70.0, TPX, 1576880915, 2019-12-20 22:28:35, I07-W0167, 0, 0, -24.7385678026, -13.4259030667 
10, 39214, 1.5, [1 100 255 127 127 0 385 7 130 128 80 85 128 128], 70.0, TPX, 1576881097, 2019-12-20 22:31:37, I07-W0167, 0, 0, -13.2849330849, -15.8430660325 
11, 39215, 1.5, [1 100 255 127 127 0 385 7 130 128 80 85 128 128], 70.0, TPX, 1576881277, 2019-12-20 22:34:37, I07-W0167, 0, 0, -1.94535612302, -18.0844284669 
12, 39216, 1.5, [1 100 255 127 127 0 385 7 130 128 80 85 128 128], 70.0, TPX, 1576881457, 2019-12-20 22:37:37, I07-W0167, 0, 0, 9.39688119755, -20.3057921073 
13, 39217, 1.5, [1 100 255 127 127 0 385 7 130 128 80 85 128 128], 70.0, TPX, 1576881637, 2019-12-20 22:40:37, I07-W0167, 0, 0, 20.7331143549, -22.6282271795 
14, 39219, 1.5, [1 100 255 127 127 0 385 7 130 128 80 85 128 128], 70.0, TPX, 1576881997, 2019-12-20 22:46:37, I07-W0167, 0, 0, 43.3367272403, -28.3122064457 
15, 39221, 0.002, [1 100 255 127 127 0 385 7 130 128 80 85 128 128], 70.0, TPX, 1576882355, 2019-12-20 22:52:35, I07-W0167, 0, 0, 65.4658946954, -39.2092097744 
16, 39224, 0.002, [1 100 255 127 127 0 385 7 130 128 80 85 128 128], 70.0, TPX, 1576882895, 2019-12-20 23:01:35, I07-W0167, 0, 0, 76.9646615955, -171.292538323 
17, 39225, 0.002, [1 100 255 127 127 0 385 7 130 128 80 85 128 128], 70.0, TPX, 1576883075, 2019-12-20 23:04:35, I07-W0167, 0, 0, 66.6514037992, 171.524710113 
18, 39227, 0.002, [1 100 255 127 127 0 385 7 130 128 80 85 128 128], 70.0, TPX, 1576883435, 2019-12-20 23:10:35, I07-W0167, 0, 0, 44.4657575099, 159.932513056 
19, 39228, 1.5, [1 100 255 127 127 0 385 7 130 128 80 85 128 128], 70.0, TPX, 1576883617, 2019-12-20 23:13:37, I07-W0167, 0, 0, 33.078278297, 156.72497426 
20, 39229, 1.5, [1 100 255 127 127 0 385 7 130 128 80 85 128 128], 70.0, TPX, 1576883797, 2019-12-20 23:16:37, I07-W0167, 0, 0, 21.7809968546, 154.113547053 
21, 39230, 1.5, [1 100 255 127 127 0 385 7 130 128 80 85 128 128], 70.0, TPX, 1576883977, 2019-12-20 23:19:37, I07-W0167, 0, 0, 10.4671983073, 151.777649678 
22, 39231, 1.5, [1 100 255 127 127 0 385 7 130 128 80 85 128 128], 70.0, TPX, 1576884157, 2019-12-20 23:22:37, I07-W0167, 0, 0, -0.852657390459, 149.554983179 
23, 39232, 1.5, [1 100 255 127 127 0 385 7 130 128 80 85 128 128], 70.0, TPX, 1576884337, 2019-12-20 23:25:37, I07-W0167, 0, 0, -12.1707414012, 147.323683321 
24, 39233, 1.5, [1 100 255 127 127 0 385 7 130 128 80 85 128 128], 70.0, TPX, 1576884517, 2019-12-20 23:28:37, I07-W0167, 0, 0, -23.4790894576, 144.958976208 
25, 39234, 0.002, [1 100 255 127 127 0 385 7 130 128 80 85 128 128], 70.0, TPX, 1576885135, 2019-12-20 23:38:55, I07-W0167, 0, 0, -61.9590843306, 131.602350043 
26, 39237, 0.002, [1 100 255 127 127 0 385 7 130 128 80 85 128 128], 70.0, TPX, 1576885675, 2019-12-20 23:47:55, I07-W0167, 0, 0, -79.8067647805, 9.06393935763 
27, 39238, 0.002, [1 100 255 127 127 0 385 7 130 128 80 85 128 128], 70.0, TPX, 1576885855, 2019-12-20 23:50:55, I07-W0167, 0, 0, -70.1338303886, -16.537496488 
28, 39239, 0.002, [1 100 255 127 127 0 385 7 130 128 80 85 128 128], 70.0, TPX, 1576886035, 2019-12-20 23:53:55, I07-W0167, 0, 0, -59.2624778353, -25.6569328402 
29, 39240, 0.002, [1 100 255 127 127 0 385 7 130 128 80 85 128 128], 70.0, TPX, 1576886215, 2019-12-20 23:56:55, I07-W0167, 0, 0, -48.1141337905, -30.6568908592 
30, 39241, 0.002, [1 100 255 127 127 0 385 7 130 128 80 85 128 128], 70.0, TPX, 1576886395, 2019-12-20 23:59:55, I07-W0167, 0, 0, -36.862216757, -34.1211935416 
31, 39242, 0.002, [1 100 255 127 127 0 385 7 130 128 80 85 128 128], 70.0, TPX, 1576886575, 2019-12-21 00:02:55, I07-W0167, 0, 0, -25.5613426352, -36.8802518715 
32, 39243, 0.002, [1 100 255 127 127 0 385 7 130 128 80 85 128 128], 70.0, TPX, 1576886755, 2019-12-21 00:05:55, I07-W0167, 0, 0, -14.2349867851, -39.288880516 
33, 39244, 1.5, [1 100 255 127 127 0 385 7 130 128 80 85 128 128], 70.0, TPX, 1576886937, 2019-12-21 00:08:57, I07-W0167, 0, 0, -2.77006304537, -41.5619333205 
34, 39245, 1.5, [1 100 255 127 127 0 385 7 130 128 80 85 128 128], 70.0, TPX, 1576887117, 2019-12-21 00:11:57, I07-W0167, 0, 0, 8.57218878934, -43.7808022344 
35, 39246, 1.5, [1 100 255 127 127 0 385 7 130 128 80 85 128 128], 70.0, TPX, 1576887297, 2019-12-21 00:14:57, I07-W0167, 0, 0, 19.909099843, -46.0913152114 
36, 39247, 1.5, [1 100 255 127 127 0 385 7 130 128 80 85 128 128], 70.0, TPX, 1576887477, 2019-12-21 00:17:57, I07-W0167, 0, 0, 31.2299881267, -48.6459152437 
37, 39248, 1.5, [1 100 255 127 127 0 385 7 130 128 80 85 128 128], 70.0, TPX, 1576887657, 2019-12-21 00:20:57, I07-W0167, 0, 0, 42.5176953513, -51.6979613683 
38, 39253, 0.002, [1 100 255 127 127 0 385 7 130 128 80 85 128 128], 70.0, TPX, 1576888555, 2019-12-21 00:35:55, I07-W0167, 0, 0, 77.6411167007, 167.322750416 
39, 39254, 0.002, [1 100 255 127 127 0 385 7 130 128 80 85 128 128], 70.0, TPX, 1576888735, 2019-12-21 00:38:55, I07-W0167, 0, 0, 67.4367594405, 148.638740623 
40, 39255, 0.002, [1 100 255 127 127 0 385 7 130 128 80 85 128 128], 70.0, TPX, 1576889095, 2019-12-21 00:44:55, I07-W0167, 0, 0, 45.2830886818, 136.559933568 
41, 39256, 1.5, [1 100 255 127 127 0 385 7 130 128 80 85 128 128], 70.0, TPX, 1576889277, 2019-12-21 00:47:57, I07-W0167, 0, 0, 33.8992841106, 133.293641485 
42, 39257, 1.5, [1 100 255 127 127 0 385 7 130 128 80 85 128 128], 70.0, TPX, 1576889457, 2019-12-21 00:50:57, I07-W0167, 0, 0, 22.6037221684, 130.653404541 
43, 39258, 1.5, [1 100 255 127 127 0 385 7 130 128 80 85 128 128], 70.0, TPX, 1576889637, 2019-12-21 00:53:57, I07-W0167, 0, 0, 11.2906604277, 128.303751164 
44, 39259, 1.5, [1 100 255 127 127 0 385 7 130 128 80 85 128 128], 70.0, TPX, 1576889817, 2019-12-21 00:56:57, I07-W0167, 0, 0, -0.0291027156781, 126.077150476 
45, 39262, 0.002, [1 100 255 127 127 0 385 7 130 128 80 85 128 128], 70.0, TPX, 1576890355, 2019-12-21 01:05:55, I07-W0167, 0, 0, -33.821525822, 118.891067471 
46, 39264, 0.002, [1 100 255 127 127 0 385 7 130 128 80 85 128 128], 70.0, TPX, 1576890715, 2019-12-21 01:11:55, I07-W0167, 0, 0, -56.2451495623, 111.232437827 
47, 39268, 0.002, [1 100 255 127 127 0 385 7 130 128 80 85 128 128], 70.0, TPX, 1576891435, 2019-12-21 01:23:55, I07-W0167, 0, 0, -75.4422807316, -30.9424952193 
48, 39269, 0.002, [1 100 255 127 127 0 385 7 130 128 80 85 128 128], 70.0, TPX, 1576891615, 2019-12-21 01:26:55, I07-W0167, 0, 0, -64.9418416012, -45.4278989374 
49, 39270, 0.002, [1 100 255 127 127 0 385 7 130 128 80 85 128 128], 70.0, TPX, 1576891795, 2019-12-21 01:29:55, I07-W0167, 0, 0, -53.8983170544, -51.9929504083 
50, 39271, 0.002, [1 100 255 127 127 0 385 7 130 128 80 85 128 128], 70.0, TPX, 1576891975, 2019-12-21 01:32:55, I07-W0167, 0, 0, -42.6893858165, -56.0908111928 
51, 39272, 0.002, [1 100 255 127 127 0 385 7 130 128 80 85 128 128], 70.0, TPX, 1576892155, 2019-12-21 01:35:55, I07-W0167, 0, 0, -31.4097552905, -59.1521361293 
52, 39273, 0.002, [1 100 255 127 127 0 385 7 130 128 80 85 128 128], 70.0, TPX, 1576892335, 2019-12-21 01:38:55, I07-W0167, 0, 0, -20.0945787525, -61.7114763129 
53, 39274, 0.002, [1 100 255 127 127 0 385 7 130 128 80 85 128 128], 70.0, TPX, 1576892515, 2019-12-21 01:41:55, I07-W0167, 0, 0, -8.76093679816, -64.0241920259 
54, 39275, 1.5, [1 100 255 127 127 0 385 7 130 128 80 85 128 128], 70.0, TPX, 1576892697, 2019-12-21 01:44:57, I07-W0167, 0, 0, 2.70659778139, -66.2680730925 
55, 39276, 1.5, [1 100 255 127 127 0 385 7 130 128 80 85 128 128], 70.0, TPX, 1576892877, 2019-12-21 01:47:57, I07-W0167, 0, 0, 14.0473256301, -68.515273631 
56, 39279, 0.002, [1 100 255 127 127 0 385 7 130 128 80 85 128 128], 70.0, TPX, 1576893595, 2019-12-21 01:59:55, I07-W0167, 0, 0, 58.9837651361, -82.0250804491 
57, 39282, 0.002, [1 100 255 127 127 0 385 7 130 128 80 85 128 128], 70.0, TPX, 1576894135, 2019-12-21 02:08:55, I07-W0167, 0, 0, 81.6186568727, 168.991051441 
58, 39284, 0.002, [1 100 255 127 127 0 385 7 130 128 80 85 128 128], 70.0, TPX, 1576894495, 2019-12-21 02:14:55, I07-W0167, 0, 0, 62.1794057427, 120.709386771 
59, 39285, 0.002, [1 100 255 127 127 0 385 7 130 128 80 85 128 128], 70.0, TPX, 1576894675, 2019-12-21 02:17:55, I07-W0167, 0, 0, 51.0794570031, 115.012694815 
60, 39286, 1.5, [1 100 255 127 127 0 385 7 130 128 80 85 128 128], 70.0, TPX, 1576894857, 2019-12-21 02:20:57, I07-W0167, 0, 0, 39.7289154532, 111.222342807 
61, 39287, 1.5, [1 100 255 127 127 0 385 7 130 128 80 85 128 128], 70.0, TPX, 1576895037, 2019-12-21 02:23:57, I07-W0167, 0, 0, 28.4489297574, 108.330119694 
62, 39288, 1.5, [1 100 255 127 127 0 385 7 130 128 80 85 128 128], 70.0, TPX, 1576895217, 2019-12-21 02:26:57, I07-W0167, 0, 0, 17.143180588, 105.856307139 
63, 39289, 1.5, [1 100 255 127 127 0 385 7 130 128 80 85 128 128], 70.0, TPX, 1576895397, 2019-12-21 02:29:57, I07-W0167, 0, 0, 5.82572703576, 103.583001618 
64, 39290, 1.5, [1 100 255 127 127 0 385 7 130 128 80 85 128 128], 70.0, TPX, 1576895577, 2019-12-21 02:32:57, I07-W0167, 0, 0, -5.49445261577, 101.370819459 
65, 39294, 0.002, [1 100 255 127 127 0 385 7 130 128 80 85 128 128], 70.0, TPX, 1576896295, 2019-12-21 02:44:55, I07-W0167, 0, 0, -50.4818052056, 90.1096338591 
66, 39295, 0.002, [1 100 255 127 127 0 385 7 130 128 80 85 128 128], 70.0, TPX, 1576897168, 2019-12-21 02:59:28, I07-W0167, 0, 0, -72.066862716, -61.1083296281 
67, 39296, 0.002, [1 100 255 127 127 0 385 7 130 128 80 85 128 128], 70.0, TPX, 1576897348, 2019-12-21 03:02:28, I07-W0167, 0, 0, -61.2959071133, -71.7009968029 
68, 39297, 0.002, [1 100 255 127 127 0 385 7 130 128 80 85 128 128], 70.0, TPX, 1576897528, 2019-12-21 03:05:28, I07-W0167, 0, 0, -50.1787702027, -77.1668898365 
69, 39298, 0.002, [1 100 255 127 127 0 385 7 130 128 80 85 128 128], 70.0, TPX, 1576897708, 2019-12-21 03:08:28, I07-W0167, 0, 0, -38.9402847363, -80.8277619481 
70, 39301, 1.5, [1 100 255 127 127 0 385 7 130 128 80 85 128 128], 70.0, TPX, 1576898430, 2019-12-21 03:20:30, I07-W0167, 0, 0, 6.481836288, -90.6454758598 
71, 39302, 1.5, [1 100 255 127 127 0 385 7 130 128 80 85 128 128], 70.0, TPX, 1576898610, 2019-12-21 03:23:30, I07-W0167, 0, 0, 17.8202709007, -92.9292179104 
72, 39304, 0.002, [1 100 255 127 127 0 385 7 130 128 80 85 128 128], 70.0, TPX, 1576898968, 2019-12-21 03:29:28, I07-W0167, 0, 0, 40.3151949858, -98.3204911272 
73, 39305, 0.002, [1 100 255 127 127 0 385 7 130 128 80 85 128 128], 70.0, TPX, 1576899148, 2019-12-21 03:32:28, I07-W0167, 0, 0, 51.5522666031, -102.130910231 
74, 39306, 0.002, [1 100 255 127 127 0 385 7 130 128 80 85 128 128], 70.0, TPX, 1576899328, 2019-12-21 03:35:28, I07-W0167, 0, 0, 62.6549986447, -107.964431366 
75, 39309, 0.002, [1 100 255 127 127 0 385 7 130 128 80 85 128 128], 70.0, TPX, 1576899868, 2019-12-21 03:44:28, I07-W0167, 0, 0, 79.2592636469, 126.942098312 
76, 39310, 0.002, [1 100 255 127 127 0 385 7 130 128 80 85 128 128], 70.0, TPX, 1576900048, 2019-12-21 03:47:28, I07-W0167, 0, 0, 69.4118110916, 103.493478328 
77, 39313, 1.5, [1 100 255 127 127 0 385 7 130 128 80 85 128 128], 70.0, TPX, 1576900590, 2019-12-21 03:56:30, I07-W0167, 0, 0, 35.979093788, 86.555258057 
78, 39314, 1.5, [1 100 255 127 127 0 385 7 130 128 80 85 128 128], 70.0, TPX, 1576900770, 2019-12-21 03:59:30, I07-W0167, 0, 0, 24.6883607896, 83.8352376732 
79, 39315, 1.5, [1 100 255 127 127 0 385 7 130 128 80 85 128 128], 70.0, TPX, 1576900950, 2019-12-21 04:02:30, I07-W0167, 0, 0, 13.3774539736, 81.446836634 
80, 39316, 1.5, [1 100 255 127 127 0 385 7 130 128 80 85 128 128], 70.0, TPX, 1576901130, 2019-12-21 04:05:30, I07-W0167, 0, 0, 2.0581515745, 79.2074293413 
81, 39317, 1.5, [1 100 255 127 127 0 385 7 130 128 80 85 128 128], 70.0, TPX, 1576901310, 2019-12-21 04:08:30, I07-W0167, 0, 0, -9.26133523971, 76.989448352 
82, 39318, 0.002, [1 100 255 127 127 0 385 7 130 128 80 85 128 128], 70.0, TPX, 1576902216, 2019-12-21 04:23:36, I07-W0167, 0, 0, -65.7043365992, 57.8474060735 
83, 39319, 0.002, [1 100 255 127 127 0 385 7 130 128 80 85 128 128], 70.0, TPX, 1576902396, 2019-12-21 04:26:36, I07-W0167, 0, 0, -76.1205458369, 42.2669795975 
84, 39320, 0.002, [1 100 255 127 127 0 385 7 130 128 80 85 128 128], 70.0, TPX, 1576902576, 2019-12-21 04:29:36, I07-W0167, 0, 0, -82.6531641545, -13.9365160562 
85, 39321, 0.002, [1 100 255 127 127 0 385 7 130 128 80 85 128 128], 70.0, TPX, 1576902756, 2019-12-21 04:32:36, I07-W0167, 0, 0, -76.792814036, -74.5635632346 
86, 39322, 0.002, [1 100 255 127 127 0 385 7 130 128 80 85 128 128], 70.0, TPX, 1576902936, 2019-12-21 04:35:36, I07-W0167, 0, 0, -66.4595437855, -91.3947134607 
87, 39323, 0.002, [1 100 255 127 127 0 385 7 130 128 80 85 128 128], 70.0, TPX, 1576903116, 2019-12-21 04:38:36, I07-W0167, 0, 0, -55.4559177887, -98.5545685402 
88, 39324, 0.002, [1 100 255 127 127 0 385 7 130 128 80 85 128 128], 70.0, TPX, 1576903296, 2019-12-21 04:41:36, I07-W0167, 0, 0, -44.2620163821, -102.875236926 
89, 39325, 0.002, [1 100 255 127 127 0 385 7 130 128 80 85 128 128], 70.0, TPX, 1576903476, 2019-12-21 04:44:36, I07-W0167, 0, 0, -32.9895404793, -106.0390147 
90, 39326, 1.5, [1 100 255 127 127 0 385 7 130 128 80 85 128 128], 70.0, TPX, 1576903658, 2019-12-21 04:47:38, I07-W0167, 0, 0, -21.5523409043, -108.67660153 
91, 39327, 1.5, [1 100 255 127 127 0 385 7 130 128 80 85 128 128], 70.0, TPX, 1576903838, 2019-12-21 04:50:38, I07-W0167, 0, 0, -10.2205174878, -111.011194339 
92, 39328, 1.5, [1 100 255 127 127 0 385 7 130 128 80 85 128 128], 70.0, TPX, 1576904018, 2019-12-21 04:53:38, I07-W0167, 0, 0, 1.12033351785, -113.235500084 
93, 39330, 0.002, [1 100 255 127 127 0 385 7 130 128 80 85 128 128], 70.0, TPX, 1576904376, 2019-12-21 04:59:36, I07-W0167, 0, 0, 23.6682754523, -117.817744224 
94, 39332, 0.002, [1 100 255 127 127 0 385 7 130 128 80 85 128 128], 70.0, TPX, 1576904736, 2019-12-21 05:05:36, I07-W0167, 0, 0, 46.2505405813, -123.811863597 
95, 39333, 0.002, [1 100 255 127 127 0 385 7 130 128 80 85 128 128], 70.0, TPX, 1576904916, 2019-12-21 05:08:36, I07-W0167, 0, 0, 57.4318846852, -128.460695251 
96, 39334, 0.002, [1 100 255 127 127 0 385 7 130 128 80 85 128 128], 70.0, TPX, 1576905096, 2019-12-21 05:11:36, I07-W0167, 0, 0, 68.3842159613, -136.542366321 
97, 39336, 0.002, [1 100 255 127 127 0 385 7 130 128 80 85 128 128], 70.0, TPX, 1576905456, 2019-12-21 05:17:36, I07-W0167, 0, 0, 82.2629622774, 132.280259978 
98, 39337, 0.002, [1 100 255 127 127 0 385 7 130 128 80 85 128 128], 70.0, TPX, 1576905636, 2019-12-21 05:20:36, I07-W0167, 0, 0, 74.3256062742, 87.4761451419 
99, 39338, 0.002, [1 100 255 127 127 0 385 7 130 128 80 85 128 128], 70.0, TPX, 1576905816, 2019-12-21 05:23:36, I07-W0167, 0, 0, 63.7136164942, 74.5249863262 
100, 39339, 1.5, [1 100 255 127 127 0 385 7 130 128 80 85 128 128], 70.0, TPX, 1576905998, 2019-12-21 05:26:38, I07-W0167, 0, 0, 52.5191789177, 68.3238917305 
101, 39340, 1.5, [1 100 255 127 127 0 385 7 130 128 80 85 128 128], 70.0, TPX, 1576906178, 2019-12-21 05:29:38, I07-W0167, 0, 0, 41.30429517, 64.4036022041 
102, 39341, 1.5, [1 100 255 127 127 0 385 7 130 128 80 85 128 128], 70.0, TPX, 1576906358, 2019-12-21 05:32:38, I07-W0167, 0, 0, 30.0295653047, 61.4262202924 
103, 39342, 1.5, [1 100 255 127 127 0 385 7 130 128 80 85 128 128], 70.0, TPX, 1576906538, 2019-12-21 05:35:38, I07-W0167, 0, 0, 18.7262886638, 58.9097941874 
104, 39343, 1.5, [1 100 255 127 127 0 385 7 130 128 80 85 128 128], 70.0, TPX, 1576906718, 2019-12-21 05:38:38, I07-W0167, 0, 0, 7.40973840408, 56.6178217589 
105, 39344, 1.5, [1 100 255 127 127 0 385 7 130 128 80 85 128 128], 70.0, TPX, 1576906898, 2019-12-21 05:41:38, I07-W0167, 0, 0, -3.9106696319, 54.4042325812 
106, 39345, 1.5, [1 100 255 127 127 0 385 7 130 128 80 85 128 128], 70.0, TPX, 1576907078, 2019-12-21 05:44:38, I07-W0167, 0, 0, -15.2273022808, 52.1501984384 
107, 39347, 0.002, [1 100 255 127 127 0 385 7 130 128 80 85 128 128], 70.0, TPX, 1576907436, 2019-12-21 05:50:36, I07-W0167, 0, 0, -37.6861151558, 46.959186368 
108, 39348, 0.002, [1 100 255 127 127 0 385 7 130 128 80 85 128 128], 70.0, TPX, 1576909136, 2019-12-21 06:18:56, I07-W0167, 0, 0, -33.8104506702, -129.470688984 
109, 39349, 1.5, [1 100 255 127 127 0 385 7 130 128 80 85 128 128], 70.0, TPX, 1576909318, 2019-12-21 06:21:58, I07-W0167, 0, 0, -22.3753735765, -132.137099213 
110, 39350, 1.5, [1 100 255 127 127 0 385 7 130 128 80 85 128 128], 70.0, TPX, 1576909498, 2019-12-21 06:24:58, I07-W0167, 0, 0, -11.0446472591, -134.485181646 
111, 39351, 1.5, [1 100 255 127 127 0 385 7 130 128 80 85 128 128], 70.0, TPX, 1576909678, 2019-12-21 06:27:58, I07-W0167, 0, 0, 0.295783369681, -136.713189353 
112, 39355, 0.002, [1 100 255 127 127 0 385 7 130 128 80 85 128 128], 70.0, TPX, 1576910396, 2019-12-21 06:39:56, I07-W0167, 0, 0, 45.4330762208, -147.176916216 
113, 39356, 0.002, [1 100 255 127 127 0 385 7 130 128 80 85 128 128], 70.0, TPX, 1576910576, 2019-12-21 06:42:56, I07-W0167, 0, 0, 56.6236103442, -151.686056842 
114, 39357, 0.002, [1 100 255 127 127 0 385 7 130 128 80 85 128 128], 70.0, TPX, 1576910756, 2019-12-21 06:45:56, I07-W0167, 0, 0, 67.6025964335, -159.369937695 
115, 39359, 0.002, [1 100 255 127 127 0 385 7 130 128 80 85 128 128], 70.0, TPX, 1576911116, 2019-12-21 06:51:56, I07-W0167, 0, 0, 82.4851893122, 114.735047625 
116, 39360, 0.002, [1 100 255 127 127 0 385 7 130 128 80 85 128 128], 70.0, TPX, 1576911476, 2019-12-21 06:57:56, I07-W0167, 0, 0, 64.5082202116, 51.4977753539 
117, 39362, 1.5, [1 100 255 127 127 0 385 7 130 128 80 85 128 128], 70.0, TPX, 1576911838, 2019-12-21 07:03:58, I07-W0167, 0, 0, 42.122753323, 41.010101847 
118, 39363, 1.5, [1 100 255 127 127 0 385 7 130 128 80 85 128 128], 70.0, TPX, 1576912018, 2019-12-21 07:06:58, I07-W0167, 0, 0, 30.8509809297, 37.9850383847 
119, 39364, 1.5, [1 100 255 127 127 0 385 7 130 128 80 85 128 128], 70.0, TPX, 1576912198, 2019-12-21 07:09:58, I07-W0167, 0, 0, 19.5491061851, 35.4447407686 
120, 39365, 1.5, [1 100 255 127 127 0 385 7 130 128 80 85 128 128], 70.0, TPX, 1576912378, 2019-12-21 07:12:58, I07-W0167, 0, 0, 8.23310063295, 33.1419800563 
121, 39366, 1.5, [1 100 255 127 127 0 385 7 130 128 80 85 128 128], 70.0, TPX, 1576912558, 2019-12-21 07:15:58, I07-W0167, 0, 0, -3.08736396554, 30.9267652936 
122, 39367, 0.002, [1 100 255 127 127 0 385 7 130 128 80 85 128 128], 70.0, TPX, 1576912736, 2019-12-21 07:18:56, I07-W0167, 0, 0, -14.2789117317, 28.7053145682 
123, 39368, 0.002, [1 100 255 127 127 0 385 7 130 128 80 85 128 128], 70.0, TPX, 1576913276, 2019-12-21 07:27:56, I07-W0167, 0, 0, -48.1034377142, 20.0824688271 
124, 39369, 0.002, [1 100 255 127 127 0 385 7 130 128 80 85 128 128], 70.0, TPX, 1576914064, 2019-12-21 07:41:04, I07-W0167, 0, 0, -78.720020212, -114.750948306 
125, 39370, 0.002, [1 100 255 127 127 0 385 7 130 128 80 85 128 128], 70.0, TPX, 1576914244, 2019-12-21 07:44:04, I07-W0167, 0, 0, -68.7401985906, -136.378004649 
126, 39371, 0.002, [1 100 255 127 127 0 385 7 130 128 80 85 128 128], 70.0, TPX, 1576914424, 2019-12-21 07:47:04, I07-W0167, 0, 0, -57.8113699954, -144.648871959 
127, 39374, 1.5, [1 100 255 127 127 0 385 7 130 128 80 85 128 128], 70.0, TPX, 1576914966, 2019-12-21 07:56:06, I07-W0167, 0, 0, -23.9529201708, -155.430298242 
128, 39375, 1.5, [1 100 255 127 127 0 385 7 130 128 80 85 128 128], 70.0, TPX, 1576915146, 2019-12-21 07:59:06, I07-W0167, 0, 0, -12.6244034196, -157.806643997 
129, 39376, 1.5, [1 100 255 127 127 0 385 7 130 128 80 85 128 128], 70.0, TPX, 1576915326, 2019-12-21 08:02:06, I07-W0167, 0, 0, -1.28484182564, -160.04353095 
130, 39377, 1.5, [1 100 255 127 127 0 385 7 130 128 80 85 128 128], 70.0, TPX, 1576915506, 2019-12-21 08:05:06, I07-W0167, 0, 0, 10.0568345656, -162.267276619 
131, 39378, 1.5, [1 100 255 127 127 0 385 7 130 128 80 85 128 128], 70.0, TPX, 1576915686, 2019-12-21 08:08:06, I07-W0167, 0, 0, 21.3919253739, -164.599745239 
132, 39381, 0.002, [1 100 255 127 127 0 385 7 130 128 80 85 128 128], 70.0, TPX, 1576916224, 2019-12-21 08:17:04, I07-W0167, 0, 0, 55.0718084404, -174.573979766 
133, 39382, 0.002, [1 100 255 127 127 0 385 7 130 128 80 85 128 128], 70.0, TPX, 1576916404, 2019-12-21 08:20:04, I07-W0167, 0, 0, 66.0957132688, 178.413857475 
134, 39385, 0.002, [1 100 255 127 127 0 385 7 130 128 80 85 128 128], 70.0, TPX, 1576916944, 2019-12-21 08:29:04, I07-W0167, 0, 0, 76.4143259334, 45.2391705654 
135, 39386, 0.002, [1 100 255 127 127 0 385 7 130 128 80 85 128 128], 70.0, TPX, 1576917124, 2019-12-21 08:32:04, I07-W0167, 0, 0, 66.0245290373, 29.1264469569 
136, 39387, 0.002, [1 100 255 127 127 0 385 7 130 128 80 85 128 128], 70.0, TPX, 1576917302, 2019-12-21 08:35:02, I07-W0167, 0, 0, 55.1324468599, 22.2050371964 
137, 39388, 1.5, [1 100 255 127 127 0 385 7 130 128 80 85 128 128], 70.0, TPX, 1576917486, 2019-12-21 08:38:06, I07-W0167, 0, 0, 43.6902851524, 17.8551987806 
138, 39389, 1.5, [1 100 255 127 127 0 385 7 130 128 80 85 128 128], 70.0, TPX, 1576917846, 2019-12-21 08:44:06, I07-W0167, 0, 0, 21.125771685, 12.1420332624 
139, 39390, 1.5, [1 100 255 127 127 0 385 7 130 128 80 85 128 128], 70.0, TPX, 1576918026, 2019-12-21 08:47:06, I07-W0167, 0, 0, 9.81100922725, 9.81643837387 
140, 39391, 1.5, [1 100 255 127 127 0 385 7 130 128 80 85 128 128], 70.0, TPX, 1576918206, 2019-12-21 08:50:06, I07-W0167, 0, 0, -1.50938248031, 7.59639808257 
141, 39393, 0.002, [1 100 255 127 127 0 385 7 130 128 80 85 128 128], 70.0, TPX, 1576918564, 2019-12-21 08:56:04, I07-W0167, 0, 0, -24.0100751938, 3.01159454265 
142, 39394, 0.002, [1 100 255 127 127 0 385 7 130 128 80 85 128 128], 70.0, TPX, 1576918744, 2019-12-21 08:59:04, I07-W0167, 0, 0, -35.2968398523, 0.319736816417 
143, 39395, 0.002, [1 100 255 127 127 0 385 7 130 128 80 85 128 128], 70.0, TPX, 1576919620, 2019-12-21 09:13:40, I07-W0167, 0, 0, -82.5723015449, -97.1692900635 
144, 39396, 0.002, [1 100 255 127 127 0 385 7 130 128 80 85 128 128], 70.0, TPX, 1576919800, 2019-12-21 09:16:40, I07-W0167, 0, 0, -75.4647725446, -149.079752277 
145, 39397, 0.002, [1 100 255 127 127 0 385 7 130 128 80 85 128 128], 70.0, TPX, 1576919980, 2019-12-21 09:19:40, I07-W0167, 0, 0, -64.9666625086, -163.599491356 
146, 39400, 1.5, [1 100 255 127 127 0 385 7 130 128 80 85 128 128], 70.0, TPX, 1576920522, 2019-12-21 09:28:42, I07-W0167, 0, 0, -31.3101643022, -177.368251136 
147, 39402, 1.5, [1 100 255 127 127 0 385 7 130 128 80 85 128 128], 70.0, TPX, 1576920882, 2019-12-21 09:34:42, I07-W0167, 0, 0, -8.66154815424, 177.764238184 
148, 39403, 1.5, [1 100 255 127 127 0 385 7 130 128 80 85 128 128], 70.0, TPX, 1576921062, 2019-12-21 09:37:42, I07-W0167, 0, 0, 2.67963347521, 175.545259987 
149, 39406, 0.002, [1 100 255 127 127 0 385 7 130 128 80 85 128 128], 70.0, TPX, 1576921600, 2019-12-21 09:46:40, I07-W0167, 0, 0, 36.5321068843, 168.175936666 
150, 39408, 0.002, [1 100 255 127 127 0 385 7 130 128 80 85 128 128], 70.0, TPX, 1576921960, 2019-12-21 09:52:40, I07-W0167, 0, 0, 58.9554471718, 159.798818933 
151, 39409, 0.002, [1 100 255 127 127 0 385 7 130 128 80 85 128 128], 70.0, TPX, 1576922140, 2019-12-21 09:55:40, I07-W0167, 0, 0, 69.8497491607, 150.859822518 
152, 39411, 0.002, [1 100 255 127 127 0 385 7 130 128 80 85 128 128], 70.0, TPX, 1576922680, 2019-12-21 10:04:40, I07-W0167, 0, 0, 72.9275894947, 13.9322898766 
153, 39412, 0.002, [1 100 255 127 127 0 385 7 130 128 80 85 128 128], 70.0, TPX, 1576922862, 2019-12-21 10:07:42, I07-W0167, 0, 0, 62.0864536983, 2.45444939538 
154, 39415, 1.5, [1 100 255 127 127 0 385 7 130 128 80 85 128 128], 70.0, TPX, 1576923402, 2019-12-21 10:16:42, I07-W0167, 0, 0, 28.4785454576, -9.8550733389 
155, 39416, 1.5, [1 100 255 127 127 0 385 7 130 128 80 85 128 128], 70.0, TPX, 1576923582, 2019-12-21 10:19:42, I07-W0167, 0, 0, 17.1725743071, -12.3296824645 
156, 39417, 1.5, [1 100 255 127 127 0 385 7 130 128 80 85 128 128], 70.0, TPX, 1576923762, 2019-12-21 10:22:42, I07-W0167, 0, 0, 5.85480827369, -14.6033542549 
157, 39418, 1.5, [1 100 255 127 127 0 385 7 130 128 80 85 128 128], 70.0, TPX, 1576923942, 2019-12-21 10:25:42, I07-W0167, 0, 0, -5.4657547222, -16.8155910551 
158, 39419, 0.002, [1 100 255 127 127 0 385 7 130 128 80 85 128 128], 70.0, TPX, 1576924120, 2019-12-21 10:28:40, I07-W0167, 0, 0, -16.6558329304, -19.058780565 
159, 39420, 0.002, [1 100 255 127 127 0 385 7 130 128 80 85 128 128], 70.0, TPX, 1576924480, 2019-12-21 10:34:40, I07-W0167, 0, 0, -39.2335115875, -24.3857304754 
160, 39421, 0.002, [1 100 255 127 127 0 385 7 130 128 80 85 128 128], 70.0, TPX, 1576924660, 2019-12-21 10:37:40, I07-W0167, 0, 0, -50.4551572225, -28.0719340511 
161, 39423, 0.002, [1 100 255 127 127 0 385 7 130 128 80 85 128 128], 70.0, TPX, 1576925693, 2019-12-21 10:54:53, I07-W0167, 0, 0, -62.5420546366, 170.938652562 
162, 39424, 0.002, [1 100 255 127 127 0 385 7 130 128 80 85 128 128], 70.0, TPX, 1576925873, 2019-12-21 10:57:53, I07-W0167, 0, 0, -51.4471636522, 165.140614259 
163, 39426, 1.5, [1 100 255 127 127 0 385 7 130 128 80 85 128 128], 70.0, TPX, 1576926235, 2019-12-21 11:03:55, I07-W0167, 0, 0, -28.8030374998, 158.394859889 
164, 39428, 1.5, [1 100 255 127 127 0 385 7 130 128 80 85 128 128], 70.0, TPX, 1576926595, 2019-12-21 11:09:55, I07-W0167, 0, 0, -6.14683386539, 153.630229207 
165, 39429, 1.5, [1 100 255 127 127 0 385 7 130 128 80 85 128 128], 70.0, TPX, 1576926775, 2019-12-21 11:12:55, I07-W0167, 0, 0, 5.19481264381, 151.415171539 
166, 39430, 1.5, [1 100 255 127 127 0 385 7 130 128 80 85 128 128], 70.0, TPX, 1576926955, 2019-12-21 11:15:55, I07-W0167, 0, 0, 16.5337176858, 149.14558164 
167, 39431, 1.5, [1 100 255 127 127 0 385 7 130 128 80 85 128 128], 70.0, TPX, 1576927135, 2019-12-21 11:18:55, I07-W0167, 0, 0, 27.860167451, 146.683803879 
168, 39434, 0.002, [1 100 255 127 127 0 385 7 130 128 80 85 128 128], 70.0, TPX, 1576927853, 2019-12-21 11:30:53, I07-W0167, 0, 0, 72.1795061957, 123.985568968 
169, 39437, 0.002, [1 100 255 127 127 0 385 7 130 128 80 85 128 128], 70.0, TPX, 1576928393, 2019-12-21 11:39:53, I07-W0167, 0, 0, 70.616799895, -13.1919289603 
170, 39438, 0.002, [1 100 255 127 127 0 385 7 130 128 80 85 128 128], 70.0, TPX, 1576928573, 2019-12-21 11:42:53, I07-W0167, 0, 0, 59.7659105884, -22.6444779071 
171, 39439, 1.5, [1 100 255 127 127 0 385 7 130 128 80 85 128 128], 70.0, TPX, 1576928755, 2019-12-21 11:45:55, I07-W0167, 0, 0, 48.5030106108, -27.7964776446 
172, 39440, 1.5, [1 100 255 127 127 0 385 7 130 128 80 85 128 128], 70.0, TPX, 1576928935, 2019-12-21 11:48:55, I07-W0167, 0, 0, 37.2610519932, -31.2941338483 
173, 39441, 1.5, [1 100 255 127 127 0 385 7 130 128 80 85 128 128], 70.0, TPX, 1576929115, 2019-12-21 11:51:55, I07-W0167, 0, 0, 25.9734847874, -34.0686591416 
174, 39442, 1.5, [1 100 255 127 127 0 385 7 130 128 80 85 128 128], 70.0, TPX, 1576929475, 2019-12-21 11:57:55, I07-W0167, 0, 0, 3.34474705121, -38.7333607403 
175, 39443, 0.002, [1 100 255 127 127 0 385 7 130 128 80 85 128 128], 70.0, TPX, 1576929653, 2019-12-21 12:00:53, I07-W0167, 0, 0, -7.84972638375, -40.9231296332 
176, 39444, 0.002, [1 100 255 127 127 0 385 7 130 128 80 85 128 128], 70.0, TPX, 1576929833, 2019-12-21 12:03:53, I07-W0167, 0, 0, -19.163521516, -43.220419364 
177, 39445, 0.002, [1 100 255 127 127 0 385 7 130 128 80 85 128 128], 70.0, TPX, 1576930013, 2019-12-21 12:06:53, I07-W0167, 0, 0, -30.4614108451, -45.7485694887 
178, 39446, 0.002, [1 100 255 127 127 0 385 7 130 128 80 85 128 128], 70.0, TPX, 1576930193, 2019-12-21 12:09:53, I07-W0167, 0, 0, -41.7279718041, -48.7491706285 
179, 39447, 0.002, [1 100 255 127 127 0 385 7 130 128 80 85 128 128], 70.0, TPX, 1576930373, 2019-12-21 12:12:53, I07-W0167, 0, 0, -52.9312476454, -52.7182823471 
180, 39448, 0.002, [1 100 255 127 127 0 385 7 130 128 80 85 128 128], 70.0, TPX, 1576930553, 2019-12-21 12:15:53, I07-W0167, 0, 0, -63.986175193, -58.9514993225 
181, 39449, 0.002, [1 100 255 127 127 0 385 7 130 128 80 85 128 128], 70.0, TPX, 1576930733, 2019-12-21 12:18:53, I07-W0167, 0, 0, -74.5664182537, -72.2017999332 
182, 39452, 0.002, [1 100 255 127 127 0 385 7 130 128 80 85 128 128], 70.0, TPX, 1576931453, 2019-12-21 12:30:53, I07-W0167, 0, 0, -57.2097430277, 144.121253506 
183, 39453, 0.002, [1 100 255 127 127 0 385 7 130 128 80 85 128 128], 70.0, TPX, 1576931633, 2019-12-21 12:33:53, I07-W0167, 0, 0, -46.0351266602, 139.514263591 
184, 39456, 1.5, [1 100 255 127 127 0 385 7 130 128 80 85 128 128], 70.0, TPX, 1576932175, 2019-12-21 12:42:55, I07-W0167, 0, 0, -12.0100970595, 131.154713105 
185, 39457, 1.5, [1 100 255 127 127 0 385 7 130 128 80 85 128 128], 70.0, TPX, 1576932355, 2019-12-21 12:45:55, I07-W0167, 0, 0, -0.67041065451, 128.921596416 
186, 39458, 1.5, [1 100 255 127 127 0 385 7 130 128 80 85 128 128], 70.0, TPX, 1576932535, 2019-12-21 12:48:55, I07-W0167, 0, 0, 10.6709095531, 126.695255276 
187, 39459, 1.5, [1 100 255 127 127 0 385 7 130 128 80 85 128 128], 70.0, TPX, 1576932715, 2019-12-21 12:51:55, I07-W0167, 0, 0, 22.0051141443, 124.352937523 
188, 39462, 0.002, [1 100 255 127 127 0 385 7 130 128 80 85 128 128], 70.0, TPX, 1576933253, 2019-12-21 13:00:53, I07-W0167, 0, 0, 55.6740876912, 114.225829702 
189, 39463, 0.002, [1 100 255 127 127 0 385 7 130 128 80 85 128 128], 70.0, TPX, 1576933433, 2019-12-21 13:03:53, I07-W0167, 0, 0, 66.6812312353, 106.966349483 
190, 39464, 0.002, [1 100 255 127 127 0 385 7 130 128 80 85 128 128], 70.0, TPX, 1576933613, 2019-12-21 13:06:53, I07-W0167, 0, 0, 76.9954179374, 89.7153338685 
191, 39465, 0.002, [1 100 255 127 127 0 385 7 130 128 80 85 128 128], 70.0, TPX, 1576933793, 2019-12-21 13:09:53, I07-W0167, 0, 0, 82.6347499645, 27.6965929582 
192, 39466, 0.002, [1 100 255 127 127 0 385 7 130 128 80 85 128 128], 70.0, TPX, 1576934153, 2019-12-21 13:15:53, I07-W0167, 0, 0, 65.4382324292, -42.2955878448 
193, 39467, 0.002, [1 100 255 127 127 0 385 7 130 128 80 85 128 128], 70.0, TPX, 1576934333, 2019-12-21 13:18:53, I07-W0167, 0, 0, 54.4072617701, -49.0444089704 
194, 39468, 1.5, [1 100 255 127 127 0 385 7 130 128 80 85 128 128], 70.0, TPX, 1576934515, 2019-12-21 13:21:55, I07-W0167, 0, 0, 43.0831598825, -53.2496574041 
195, 39469, 1.5, [1 100 255 127 127 0 385 7 130 128 80 85 128 128], 70.0, TPX, 1576934695, 2019-12-21 13:24:55, I07-W0167, 0, 0, 31.8149699233, -56.3339351913 
196, 39470, 1.5, [1 100 255 127 127 0 385 7 130 128 80 85 128 128], 70.0, TPX, 1576934875, 2019-12-21 13:27:55, I07-W0167, 0, 0, 20.5147053959, -58.9038724134 
197, 39471, 1.5, [1 100 255 127 127 0 385 7 130 128 80 85 128 128], 70.0, TPX, 1576935055, 2019-12-21 13:30:55, I07-W0167, 0, 0, 9.1992249145, -61.2203037493 
198, 39472, 0.002, [1 100 255 127 127 0 385 7 130 128 80 85 128 128], 70.0, TPX, 1576935233, 2019-12-21 13:33:53, I07-W0167, 0, 0, -1.99567796861, -63.4136823972 
199, 39473, 0.002, [1 100 255 127 127 0 385 7 130 128 80 85 128 128], 70.0, TPX, 1576935413, 2019-12-21 13:36:53, I07-W0167, 0, 0, -13.3138973558, -65.6525022936 
200, 39474, 0.002, [1 100 255 127 127 0 385 7 130 128 80 85 128 128], 70.0, TPX, 1576935593, 2019-12-21 13:39:53, I07-W0167, 0, 0, -24.6215103131, -68.0391069931 
201, 39475, 0.002, [1 100 255 127 127 0 385 7 130 128 80 85 128 128], 70.0, TPX, 1576935773, 2019-12-21 13:42:53, I07-W0167, 0, 0, -35.9069225942, -70.7553297917 
202, 39476, 0.002, [1 100 255 127 127 0 385 7 130 128 80 85 128 128], 70.0, TPX, 1576935953, 2019-12-21 13:45:53, I07-W0167, 0, 0, -47.1488265703, -74.1338145623 
203, 39477, 0.002, [1 100 255 127 127 0 385 7 130 128 80 85 128 128], 70.0, TPX, 1576936313, 2019-12-21 13:51:53, I07-W0167, 0, 0, -69.2000888877, -87.4672727262 
204, 39478, 0.002, [1 100 255 127 127 0 385 7 130 128 80 85 128 128], 70.0, TPX, 1576936493, 2019-12-21 13:54:53, I07-W0167, 0, 0, -79.0844176344, -110.285548212 
205, 39479, 0.002, [1 100 255 127 127 0 385 7 130 128 80 85 128 128], 70.0, TPX, 1576937290, 2019-12-21 14:08:10, I07-W0167, 0, 0, -47.0379282038, 116.218305166 
206, 39480, 0.002, [1 100 255 127 127 0 385 7 130 128 80 85 128 128], 70.0, TPX, 1576937470, 2019-12-21 14:11:10, I07-W0167, 0, 0, -35.7799493775, 112.845940244 
207, 39482, 1.5, [1 100 255 127 127 0 385 7 130 128 80 85 128 128], 70.0, TPX, 1576937832, 2019-12-21 14:17:12, I07-W0167, 0, 0, -13.0227596887, 107.720211122 
208, 39484, 1.5, [1 100 255 127 127 0 385 7 130 128 80 85 128 128], 70.0, TPX, 1576938192, 2019-12-21 14:23:12, I07-W0167, 0, 0, 9.65774063607, 103.258560802 
209, 39485, 1.5, [1 100 255 127 127 0 385 7 130 128 80 85 128 128], 70.0, TPX, 1576938372, 2019-12-21 14:26:12, I07-W0167, 0, 0, 20.9928988924, 100.932314484 
210, 39487, 0.002, [1 100 255 127 127 0 385 7 130 128 80 85 128 128], 70.0, TPX, 1576938730, 2019-12-21 14:32:10, I07-W0167, 0, 0, 43.4680956837, 95.2627383796 
211, 39488, 0.002, [1 100 255 127 127 0 385 7 130 128 80 85 128 128], 70.0, TPX, 1576938910, 2019-12-21 14:35:10, I07-W0167, 0, 0, 54.678198299, 91.0546178514 
212, 39489, 0.002, [1 100 255 127 127 0 385 7 130 128 80 85 128 128], 70.0, TPX, 1576939090, 2019-12-21 14:38:10, I07-W0167, 0, 0, 65.712088864, 84.1961585293 
213, 39492, 0.002, [1 100 255 127 127 0 385 7 130 128 80 85 128 128], 70.0, TPX, 1576939810, 2019-12-21 14:50:10, I07-W0167, 0, 0, 66.4079758573, -65.0832743283 
214, 39493, 0.002, [1 100 255 127 127 0 385 7 130 128 80 85 128 128], 70.0, TPX, 1576939990, 2019-12-21 14:53:10, I07-W0167, 0, 0, 55.4026935396, -72.221327444 
215, 39495, 1.5, [1 100 255 127 127 0 385 7 130 128 80 85 128 128], 70.0, TPX, 1576940352, 2019-12-21 14:59:12, I07-W0167, 0, 0, 32.8239083919, -79.7228012651 
216, 39496, 1.5, [1 100 255 127 127 0 385 7 130 128 80 85 128 128], 70.0, TPX, 1576940532, 2019-12-21 15:02:12, I07-W0167, 0, 0, 21.5256177891, -82.3256839046 
217, 39497, 1.5, [1 100 255 127 127 0 385 7 130 128 80 85 128 128], 70.0, TPX, 1576940712, 2019-12-21 15:05:12, I07-W0167, 0, 0, 10.2247231767, -84.6559053925 
218, 39498, 1.5, [1 100 255 127 127 0 385 7 130 128 80 85 128 128], 70.0, TPX, 1576940892, 2019-12-21 15:08:12, I07-W0167, 0, 0, -1.09613618534, -86.8776293254 
219, 39499, 1.5, [1 100 255 127 127 0 385 7 130 128 80 85 128 128], 70.0, TPX, 1576941072, 2019-12-21 15:11:12, I07-W0167, 0, 0, -12.4151460603, -89.1105274478 
220, 39501, 0.002, [1 100 255 127 127 0 385 7 130 128 80 85 128 128], 70.0, TPX, 1576941430, 2019-12-21 15:17:10, I07-W0167, 0, 0, -34.8870728984, -94.1283327511 
221, 39503, 0.002, [1 100 255 127 127 0 385 7 130 128 80 85 128 128], 70.0, TPX, 1576942217, 2019-12-21 15:30:17, I07-W0167, 0, 0, -81.1917290685, -148.43861608 
222, 39507, 0.002, [1 100 255 127 127 0 385 7 130 128 80 85 128 128], 70.0, TPX, 1576942937, 2019-12-21 15:42:17, I07-W0167, 0, 0, -48.6755002081, 93.1615672855 
223, 39513, 0.002, [1 100 255 127 127 0 385 7 130 128 80 85 128 128], 70.0, TPX, 1576944845, 2019-12-21 16:14:05, I07-W0167, 0, 0, 70.5789743074, 55.3759294434 
224, 39514, 0.002, [1 100 255 127 127 0 385 7 130 128 80 85 128 128], 70.0, TPX, 1576945802, 2019-12-21 16:30:02, I07-W0167, 0, 0, 46.7907402427, -99.3182724818 
225, 39515, 0.002, [1 100 255 127 127 0 385 7 130 128 80 85 128 128], 70.0, TPX, 1576945982, 2019-12-21 16:33:02, I07-W0167, 0, 0, 35.5391681339, -102.668903741 
226, 39516, 1.5, [1 100 255 127 127 0 385 7 130 128 80 85 128 128], 70.0, TPX, 1576946164, 2019-12-21 16:36:04, I07-W0167, 0, 0, 24.1211682206, -105.399053295 
227, 39517, 1.5, [1 100 255 127 127 0 385 7 130 128 80 85 128 128], 70.0, TPX, 1576946344, 2019-12-21 16:39:04, I07-W0167, 0, 0, 12.8089073196, -107.776416749 
228, 39518, 1.5, [1 100 255 127 127 0 385 7 130 128 80 85 128 128], 70.0, TPX, 1576946524, 2019-12-21 16:42:04, I07-W0167, 0, 0, 1.48861176832, -110.012005966 
229, 39519, 1.5, [1 100 255 127 127 0 385 7 130 128 80 85 128 128], 70.0, TPX, 1576946704, 2019-12-21 16:45:04, I07-W0167, 0, 0, -9.83156212023, -112.232076993 
230, 39521, 0.002, [1 100 255 127 127 0 385 7 130 128 80 85 128 128], 70.0, TPX, 1576947785, 2019-12-21 17:03:05, I07-W0167, 0, 0, -76.3424108717, -147.450396991 
231, 39525, 0.002, [1 100 255 127 127 0 385 7 130 128 80 85 128 128], 70.0, TPX, 1576948505, 2019-12-21 17:15:05, I07-W0167, 0, 0, -55.1989421665, 72.2160272172 
232, 39528, 1.5, [1 100 255 127 127 0 385 7 130 128 80 85 128 128], 70.0, TPX, 1576949047, 2019-12-21 17:24:07, I07-W0167, 0, 0, -21.2922592535, 62.1594615903 
233, 39529, 1.5, [1 100 255 127 127 0 385 7 130 128 80 85 128 128], 70.0, TPX, 1576949227, 2019-12-21 17:27:07, I07-W0167, 0, 0, -9.96085418611, 59.829083008 
234, 39530, 1.5, [1 100 255 127 127 0 385 7 130 128 80 85 128 128], 70.0, TPX, 1576949407, 2019-12-21 17:30:07, I07-W0167, 0, 0, 1.37926897746, 57.6059383958 
235, 39532, 0.002, [1 100 255 127 127 0 385 7 130 128 80 85 128 128], 70.0, TPX, 1576951112, 2019-12-21 17:58:32, I07-W0167, 0, 0, 69.0617707268, -109.659636507 
236, 39533, 0.002, [1 100 255 127 127 0 385 7 130 128 80 85 128 128], 70.0, TPX, 1576951292, 2019-12-21 18:01:32, I07-W0167, 0, 0, 58.1438431136, -118.113723641 
237, 39534, 0.002, [1 100 255 127 127 0 385 7 130 128 80 85 128 128], 70.0, TPX, 1576951472, 2019-12-21 18:04:32, I07-W0167, 0, 0, 46.9838262754, -122.890074927 
238, 39537, 1.5, [1 100 255 127 127 0 385 7 130 128 80 85 128 128], 70.0, TPX, 1576952014, 2019-12-21 18:13:34, I07-W0167, 0, 0, 13.0035660034, -131.375560441 
239, 39538, 1.5, [1 100 255 127 127 0 385 7 130 128 80 85 128 128], 70.0, TPX, 1576952194, 2019-12-21 18:16:34, I07-W0167, 0, 0, 1.68326351518, -133.612461055 
240, 39539, 1.5, [1 100 255 127 127 0 385 7 130 128 80 85 128 128], 70.0, TPX, 1576952374, 2019-12-21 18:19:34, I07-W0167, 0, 0, -9.63705540817, -135.831821742 
241, 39541, 0.002, [1 100 255 127 127 0 385 7 130 128 80 85 128 128], 70.0, TPX, 1576953487, 2019-12-21 18:38:07, I07-W0167, 0, 0, -77.8447587907, -175.921876617 
242, 39544, 0.002, [1 100 255 127 127 0 385 7 130 128 80 85 128 128], 70.0, TPX, 1576954027, 2019-12-21 18:47:07, I07-W0167, 0, 0, -64.4631682838, 54.1651383943 
243, 39546, 0.002, [1 100 255 127 127 0 385 7 130 128 80 85 128 128], 70.0, TPX, 1576954387, 2019-12-21 18:53:07, I07-W0167, 0, 0, -42.1955460641, 43.7355693066 
244, 39551, 0.002, [1 100 255 127 127 0 385 7 130 128 80 85 128 128], 70.0, TPX, 1576956179, 2019-12-21 19:22:59, I07-W0167, 0, 0, 69.8621118031, 9.01330033513 
245, 39555, 0.002, [1 100 255 127 127 0 385 7 130 128 80 85 128 128], 70.0, TPX, 1576956899, 2019-12-21 19:34:59, I07-W0167, 0, 0, 62.1965768382, -139.302964859 
246, 39556, 0.002, [1 100 255 127 127 0 385 7 130 128 80 85 128 128], 70.0, TPX, 1576957079, 2019-12-21 19:37:59, I07-W0167, 0, 0, 51.0967407968, -145.004355985 
247, 39558, 1.5, [1 100 255 127 127 0 385 7 130 128 80 85 128 128], 70.0, TPX, 1576957441, 2019-12-21 19:44:01, I07-W0167, 0, 0, 28.4653358718, -151.689827106 
248, 39559, 1.5, [1 100 255 127 127 0 385 7 130 128 80 85 128 128], 70.0, TPX, 1576957621, 2019-12-21 19:47:01, I07-W0167, 0, 0, 17.158796108, -154.164145095 
249, 39560, 1.5, [1 100 255 127 127 0 385 7 130 128 80 85 128 128], 70.0, TPX, 1576957801, 2019-12-21 19:50:01, I07-W0167, 0, 0, 5.84038590238, -156.437723824 
250, 39561, 1.5, [1 100 255 127 127 0 385 7 130 128 80 85 128 128], 70.0, TPX, 1576957981, 2019-12-21 19:53:01, I07-W0167, 0, 0, -5.48087590725, -158.650035756 
251, 39562, 1.5, [1 100 255 127 127 0 385 7 130 128 80 85 128 128], 70.0, TPX, 1576958161, 2019-12-21 19:56:01, I07-W0167, 0, 0, -16.7973527425, -160.91944807 
252, 39563, 0.002, [1 100 255 127 127 0 385 7 130 128 80 85 128 128], 70.0, TPX, 1576959055, 2019-12-21 20:10:55, I07-W0167, 0, 0, -72.0923120008, 174.104650148 
253, 39566, 0.002, [1 100 255 127 127 0 385 7 130 128 80 85 128 128], 70.0, TPX, 1576959595, 2019-12-21 20:19:55, I07-W0167, 0, 0, -70.735624696, 36.9465525178 
254, 39567, 0.002, [1 100 255 127 127 0 385 7 130 128 80 85 128 128], 70.0, TPX, 1576959775, 2019-12-21 20:22:55, I07-W0167, 0, 0, -59.8925764466, 27.4101501923 
255, 39568, 0.002, [1 100 255 127 127 0 385 7 130 128 80 85 128 128], 70.0, TPX, 1576959955, 2019-12-21 20:25:55, I07-W0167, 0, 0, -48.7535385344, 22.2749783335 
256, 39569, 0.002, [1 100 255 127 127 0 385 7 130 128 80 85 128 128], 70.0, TPX, 1576960135, 2019-12-21 20:28:55, I07-W0167, 0, 0, -37.5060713693, 18.7529332318 
257, 39570, 0.002, [1 100 255 127 127 0 385 7 130 128 80 85 128 128], 70.0, TPX, 1576960315, 2019-12-21 20:31:55, I07-W0167, 0, 0, -26.207944691, 15.9657311074 
258, 39573, 0.002, [1 100 255 127 127 0 385 7 130 128 80 85 128 128], 70.0, TPX, 1576962553, 2019-12-21 21:09:13, I07-W0167, 0, 0, 63.3601337141, -162.122080458 
259, 39574, 0.002, [1 100 255 127 127 0 385 7 130 128 80 85 128 128], 70.0, TPX, 1576962733, 2019-12-21 21:12:13, I07-W0167, 0, 0, 52.2823489385, -168.1605824 
260, 39576, 0.002, [1 100 255 127 127 0 385 7 130 128 80 85 128 128], 70.0, TPX, 1576963093, 2019-12-21 21:18:13, I07-W0167, 0, 0, 29.7891153252, -175.01642576 
261, 39577, 0.002, [1 100 255 127 127 0 385 7 130 128 80 85 128 128], 70.0, TPX, 1576963273, 2019-12-21 21:21:13, I07-W0167, 0, 0, 18.4846826748, -177.52616511 
262, 39578, 1.5, [1 100 255 127 127 0 385 7 130 128 80 85 128 128], 70.0, TPX, 1576963455, 2019-12-21 21:24:15, I07-W0167, 0, 0, 7.04128683756, -179.840000974 
263, 39579, 1.5, [1 100 255 127 127 0 385 7 130 128 80 85 128 128], 70.0, TPX, 1576963635, 2019-12-21 21:27:15, I07-W0167, 0, 0, -4.28011371028, 177.946836461 
264, 39580, 1.5, [1 100 255 127 127 0 385 7 130 128 80 85 128 128], 70.0, TPX, 1576963815, 2019-12-21 21:30:15, I07-W0167, 0, 0, -15.5975565904, 175.689308676 
265, 39581, 0.002, [1 100 255 127 127 0 385 7 130 128 80 85 128 128], 70.0, TPX, 1576964434, 2019-12-21 21:40:34, I07-W0167, 0, 0, -54.3108468198, 164.844785106 
266, 39582, 0.002, [1 100 255 127 127 0 385 7 130 128 80 85 128 128], 70.0, TPX, 1576964614, 2019-12-21 21:43:34, I07-W0167, 0, 0, -65.3351102331, 158.138632172 
267, 39586, 1.5, [1 100 255 127 127 0 385 7 130 128 80 85 128 128], 70.0, TPX, 1576966291, 2019-12-21 22:11:31, I07-W0167, 0, 0, -7.14262550049, -11.6436761936 
268, 39587, 1.5, [1 100 255 127 127 0 385 7 130 128 80 85 128 128], 70.0, TPX, 1576966471, 2019-12-21 22:14:31, I07-W0167, 0, 0, 4.19807630817, -13.8594792063 
269, 39588, 1.5, [1 100 255 127 127 0 385 7 130 128 80 85 128 128], 70.0, TPX, 1576966651, 2019-12-21 22:17:31, I07-W0167, 0, 0, 15.5367491238, -16.1191815523 
270, 39590, 1.5, [1 100 255 127 127 0 385 7 130 128 80 85 128 128], 70.0, TPX, 1576967011, 2019-12-21 22:23:31, I07-W0167, 0, 0, 38.1658095864, -21.3753536274 
271, 39591, 1.5, [1 100 255 127 127 0 385 7 130 128 80 85 128 128], 70.0, TPX, 1576967191, 2019-12-21 22:26:31, I07-W0167, 0, 0, 49.4165723178, -24.9617800922 
272, 39593, 0.002, [1 100 255 127 127 0 385 7 130 128 80 85 128 128], 70.0, TPX, 1576967549, 2019-12-21 22:32:29, I07-W0167, 0, 0, 71.2580453749, -40.1078236125 
273, 39594, 0.002, [1 100 255 127 127 0 385 7 130 128 80 85 128 128], 70.0, TPX, 1576968089, 2019-12-21 22:41:29, I07-W0167, 0, 0, 71.5444966785, -177.36945325 
274, 39595, 0.002, [1 100 255 127 127 0 385 7 130 128 80 85 128 128], 70.0, TPX, 1576968269, 2019-12-21 22:44:29, I07-W0167, 0, 0, 60.7410293753, 172.475021653 
275, 39598, 1.5, [1 100 255 127 127 0 385 7 130 128 80 85 128 128], 70.0, TPX, 1576968811, 2019-12-21 22:53:31, I07-W0167, 0, 0, 26.9708768212, 160.6880276 
276, 39599, 1.5, [1 100 255 127 127 0 385 7 130 128 80 85 128 128], 70.0, TPX, 1576968991, 2019-12-21 22:56:31, I07-W0167, 0, 0, 15.6620062554, 158.250223803 
277, 39600, 1.5, [1 100 255 127 127 0 385 7 130 128 80 85 128 128], 70.0, TPX, 1576969171, 2019-12-21 22:59:31, I07-W0167, 0, 0, 4.34261975958, 155.991835414 
278, 39602, 1.5, [1 100 255 127 127 0 385 7 130 128 80 85 128 128], 70.0, TPX, 1576969531, 2019-12-21 23:05:31, I07-W0167, 0, 0, -18.2940128215, 151.492366337 
279, 39603, 1.5, [1 100 255 127 127 0 385 7 130 128 80 85 128 128], 70.0, TPX, 1576969711, 2019-12-21 23:08:31, I07-W0167, 0, 0, -29.5943832169, 148.988637554 
280, 39606, 0.002, [1 100 255 127 127 0 385 7 130 128 80 85 128 128], 70.0, TPX, 1576970249, 2019-12-21 23:17:29, I07-W0167, 0, 0, -63.0269365959, 136.287436341 
281, 39610, 0.002, [1 100 255 127 127 0 385 7 130 128 80 85 128 128], 70.0, TPX, 1576970969, 2019-12-21 23:29:29, I07-W0167, 0, 0, -69.0967891067, -12.3614300375 
282, 39611, 0.002, [1 100 255 127 127 0 385 7 130 128 80 85 128 128], 70.0, TPX, 1576971149, 2019-12-21 23:32:29, I07-W0167, 0, 0, -58.1817165125, -20.8351607962 
283, 39612, 0.002, [1 100 255 127 127 0 385 7 130 128 80 85 128 128], 70.0, TPX, 1576971329, 2019-12-21 23:35:29, I07-W0167, 0, 0, -47.0192408063, -25.6195221865 
284, 39613, 0.002, [1 100 255 127 127 0 385 7 130 128 80 85 128 128], 70.0, TPX, 1576971509, 2019-12-21 23:38:29, I07-W0167, 0, 0, -35.7615249423, -28.9902427396 
285, 39614, 0.002, [1 100 255 127 127 0 385 7 130 128 80 85 128 128], 70.0, TPX, 1576971689, 2019-12-21 23:41:29, I07-W0167, 0, 0, -24.4582517165, -31.703279255 
286, 39615, 0.002, [1 100 255 127 127 0 385 7 130 128 80 85 128 128], 70.0, TPX, 1576971869, 2019-12-21 23:44:29, I07-W0167, 0, 0, -13.131293956, -34.0892385016 
287, 39616, 1.5, [1 100 255 127 127 0 385 7 130 128 80 85 128 128], 70.0, TPX, 1576972051, 2019-12-21 23:47:31, I07-W0167, 0, 0, -1.66696273512, -36.353910664 
288, 39617, 1.5, [1 100 255 127 127 0 385 7 130 128 80 85 128 128], 70.0, TPX, 1576972231, 2019-12-21 23:50:31, I07-W0167, 0, 0, 9.6737403542, -38.576034163 
289, 39618, 1.5, [1 100 255 127 127 0 385 7 130 128 80 85 128 128], 70.0, TPX, 1576972411, 2019-12-21 23:53:31, I07-W0167, 0, 0, 21.0081302143, -40.9023897638 
290, 39619, 1.5, [1 100 255 127 127 0 385 7 130 128 80 85 128 128], 70.0, TPX, 1576972591, 2019-12-21 23:56:31, I07-W0167, 0, 0, 32.3252055448, -43.4913354023 
291, 39625, 0.002, [1 100 255 127 127 0 385 7 130 128 80 85 128 128], 70.0, TPX, 1576973849, 2019-12-22 00:17:29, I07-W0167, 0, 0, 66.3969587621, 153.074729922 
292, 39626, 0.002, [1 100 255 127 127 0 385 7 130 128 80 85 128 128], 70.0, TPX, 1576974029, 2019-12-22 00:20:29, I07-W0167, 0, 0, 55.3912461426, 145.941375977 
293, 39627, 0.002, [1 100 255 127 127 0 385 7 130 128 80 85 128 128], 70.0, TPX, 1576974209, 2019-12-22 00:23:29, I07-W0167, 0, 0, 44.2009954721, 141.631649554 
294, 39628, 1.5, [1 100 255 127 127 0 385 7 130 128 80 85 128 128], 70.0, TPX, 1576974391, 2019-12-22 00:26:31, I07-W0167, 0, 0, 32.811634542, 138.442402005 
295, 39629, 1.5, [1 100 255 127 127 0 385 7 130 128 80 85 128 128], 70.0, TPX, 1576974571, 2019-12-22 00:29:31, I07-W0167, 0, 0, 21.5128043543, 135.839881365 
296, 39630, 1.5, [1 100 255 127 127 0 385 7 130 128 80 85 128 128], 70.0, TPX, 1576974751, 2019-12-22 00:32:31, I07-W0167, 0, 0, 10.1975339012, 133.508136745 
297, 39631, 1.5, [1 100 255 127 127 0 385 7 130 128 80 85 128 128], 70.0, TPX, 1576974931, 2019-12-22 00:35:31, I07-W0167, 0, 0, -1.12377465253, 131.286467454 
298, 39632, 0.002, [1 100 255 127 127 0 385 7 130 128 80 85 128 128], 70.0, TPX, 1576975754, 2019-12-22 00:49:14, I07-W0167, 0, 0, -52.6903605338, 118.276104558 
299, 39633, 0.002, [1 100 255 127 127 0 385 7 130 128 80 85 128 128], 70.0, TPX, 1576975934, 2019-12-22 00:52:14, I07-W0167, 0, 0, -63.7510049497, 112.1185934 
300, 39635, 0.002, [1 100 255 127 127 0 385 7 130 128 80 85 128 128], 70.0, TPX, 1576976775, 2019-12-22 01:06:15, I07-W0167, 0, 0, -61.0720271727, -42.7821773514 
301, 39636, 0.002, [1 100 255 127 127 0 385 7 130 128 80 85 128 128], 70.0, TPX, 1576976955, 2019-12-22 01:09:15, I07-W0167, 0, 0, -49.9514000355, -48.19228823 
302, 39637, 0.002, [1 100 255 127 127 0 385 7 130 128 80 85 128 128], 70.0, TPX, 1576977135, 2019-12-22 01:12:15, I07-W0167, 0, 0, -38.7118593048, -51.8299411136 
303, 39638, 0.002, [1 100 255 127 127 0 385 7 130 128 80 85 128 128], 70.0, TPX, 1576977315, 2019-12-22 01:15:15, I07-W0167, 0, 0, -27.4177948816, -54.6732190911 
304, 39639, 0.002, [1 100 255 127 127 0 385 7 130 128 80 85 128 128], 70.0, TPX, 1576977495, 2019-12-22 01:18:15, I07-W0167, 0, 0, -16.0956635035, -57.1235187197 
305, 39640, 0.002, [1 100 255 127 127 0 385 7 130 128 80 85 128 128], 70.0, TPX, 1576977675, 2019-12-22 01:21:15, I07-W0167, 0, 0, -4.75944443334, -59.3882830896 
306, 39641, 1.5, [1 100 255 127 127 0 385 7 130 128 80 85 128 128], 70.0, TPX, 1576977857, 2019-12-22 01:24:17, I07-W0167, 0, 0, 6.7073810872, -61.6282709484 
307, 39642, 1.5, [1 100 255 127 127 0 385 7 130 128 80 85 128 128], 70.0, TPX, 1576978037, 2019-12-22 01:27:17, I07-W0167, 0, 0, 18.0442498791, -63.9144513765 
308, 39643, 1.5, [1 100 255 127 127 0 385 7 130 128 80 85 128 128], 70.0, TPX, 1576978217, 2019-12-22 01:30:17, I07-W0167, 0, 0, 29.3671052572, -66.4151065748 
309, 39644, 1.5, [1 100 255 127 127 0 385 7 130 128 80 85 128 128], 70.0, TPX, 1576978397, 2019-12-22 01:33:17, I07-W0167, 0, 0, 40.660413237, -69.3594167105 
310, 39649, 0.002, [1 100 255 127 127 0 385 7 130 128 80 85 128 128], 70.0, TPX, 1576979295, 2019-12-22 01:48:15, I07-W0167, 0, 0, 79.0994645411, 155.198194754 
311, 39650, 0.002, [1 100 255 127 127 0 385 7 130 128 80 85 128 128], 70.0, TPX, 1576979475, 2019-12-22 01:51:15, I07-W0167, 0, 0, 69.2087700581, 132.317061037 
312, 39651, 0.002, [1 100 255 127 127 0 385 7 130 128 80 85 128 128], 70.0, TPX, 1576979655, 2019-12-22 01:54:15, I07-W0167, 0, 0, 58.2966002944, 123.77694767 
313, 39652, 0.002, [1 100 255 127 127 0 385 7 130 128 80 85 128 128], 70.0, TPX, 1576979835, 2019-12-22 01:57:15, I07-W0167, 0, 0, 47.1384002865, 118.971417816 
314, 39653, 1.5, [1 100 255 127 127 0 385 7 130 128 80 85 128 128], 70.0, TPX, 1576980017, 2019-12-22 02:00:17, I07-W0167, 0, 0, 35.7631641877, 115.559287533 
315, 39654, 1.5, [1 100 255 127 127 0 385 7 130 128 80 85 128 128], 70.0, TPX, 1576980197, 2019-12-22 02:03:17, I07-W0167, 0, 0, 24.4710463683, 112.847920999 
316, 39655, 1.5, [1 100 255 127 127 0 385 7 130 128 80 85 128 128], 70.0, TPX, 1576980377, 2019-12-22 02:06:17, I07-W0167, 0, 0, 13.1588255947, 110.463706866 
317, 39656, 1.5, [1 100 255 127 127 0 385 7 130 128 80 85 128 128], 70.0, TPX, 1576980557, 2019-12-22 02:09:17, I07-W0167, 0, 0, 1.83821734882, 108.225699762 
318, 39657, 1.5, [1 100 255 127 127 0 385 7 130 128 80 85 128 128], 70.0, TPX, 1576980737, 2019-12-22 02:12:17, I07-W0167, 0, 0, -9.48255311407, 106.006824018 
319, 39661, 0.002, [1 100 255 127 127 0 385 7 130 128 80 85 128 128], 70.0, TPX, 1576981455, 2019-12-22 02:24:15, I07-W0167, 0, 0, -54.4187159974, 93.8807793748 
320, 39662, 0.002, [1 100 255 127 127 0 385 7 130 128 80 85 128 128], 70.0, TPX, 1576982152, 2019-12-22 02:35:52, I07-W0167, 0, 0, -78.1917460609, -40.6477261606 
321, 39663, 0.002, [1 100 255 127 127 0 385 7 130 128 80 85 128 128], 70.0, TPX, 1576982332, 2019-12-22 02:38:52, I07-W0167, 0, 0, -68.0962415255, -60.7329560917 
322, 39664, 0.002, [1 100 255 127 127 0 385 7 130 128 80 85 128 128], 70.0, TPX, 1576982512, 2019-12-22 02:41:52, I07-W0167, 0, 0, -57.144221023, -68.6589534904 
323, 39665, 0.002, [1 100 255 127 127 0 385 7 130 128 80 85 128 128], 70.0, TPX, 1576982692, 2019-12-22 02:44:52, I07-W0167, 0, 0, -45.9691231272, -73.2543594049 
324, 39666, 0.002, [1 100 255 127 127 0 385 7 130 128 80 85 128 128], 70.0, TPX, 1576982872, 2019-12-22 02:47:52, I07-W0167, 0, 0, -34.7057757722, -76.5417157916 
325, 39668, 1.5, [1 100 255 127 127 0 385 7 130 128 80 85 128 128], 70.0, TPX, 1576983234, 2019-12-22 02:53:54, I07-W0167, 0, 0, -11.945385286, -81.6047574378 
326, 39669, 1.5, [1 100 255 127 127 0 385 7 130 128 80 85 128 128], 70.0, TPX, 1576983414, 2019-12-22 02:56:54, I07-W0167, 0, 0, -0.606561512549, -83.8373755224 
327, 39670, 1.5, [1 100 255 127 127 0 385 7 130 128 80 85 128 128], 70.0, TPX, 1576983774, 2019-12-22 03:02:54, I07-W0167, 0, 0, 22.0669085733, -88.4070247936 
328, 39673, 0.002, [1 100 255 127 127 0 385 7 130 128 80 85 128 128], 70.0, TPX, 1576984312, 2019-12-22 03:11:52, I07-W0167, 0, 0, 55.7320623368, -98.5486945776 
329, 39677, 0.002, [1 100 255 127 127 0 385 7 130 128 80 85 128 128], 70.0, TPX, 1576985032, 2019-12-22 03:23:52, I07-W0167, 0, 0, 75.8437114397, 120.033430269 
330, 39683, 0.002, [1 100 255 127 127 0 385 7 130 128 80 85 128 128], 70.0, TPX, 1576987474, 2019-12-22 04:04:34, I07-W0167, 0, 0, -75.1179765197, 50.1914811847 
331, 39685, 0.002, [1 100 255 127 127 0 385 7 130 128 80 85 128 128], 70.0, TPX, 1576987834, 2019-12-22 04:10:34, I07-W0167, 0, 0, -77.7446623685, -65.9862868081 
332, 39686, 0.002, [1 100 255 127 127 0 385 7 130 128 80 85 128 128], 70.0, TPX, 1576988014, 2019-12-22 04:13:34, I07-W0167, 0, 0, -67.5637804685, -84.9159375243 
333, 39687, 0.002, [1 100 255 127 127 0 385 7 130 128 80 85 128 128], 70.0, TPX, 1576988194, 2019-12-22 04:16:34, I07-W0167, 0, 0, -56.593888776, -92.5764249794 
334, 39688, 0.002, [1 100 255 127 127 0 385 7 130 128 80 85 128 128], 70.0, TPX, 1576988374, 2019-12-22 04:19:34, I07-W0167, 0, 0, -45.4125241816, -97.0780387362 
335, 39689, 0.002, [1 100 255 127 127 0 385 7 130 128 80 85 128 128], 70.0, TPX, 1576988554, 2019-12-22 04:22:34, I07-W0167, 0, 0, -34.1463457132, -100.323512403 
336, 39690, 1.5, [1 100 255 127 127 0 385 7 130 128 80 85 128 128], 70.0, TPX, 1576988736, 2019-12-22 04:25:36, I07-W0167, 0, 0, -22.7130273932, -103.001991576 
337, 39691, 1.5, [1 100 255 127 127 0 385 7 130 128 80 85 128 128], 70.0, TPX, 1576988916, 2019-12-22 04:28:36, I07-W0167, 0, 0, -11.3838267693, -105.355688424 
338, 39692, 1.5, [1 100 255 127 127 0 385 7 130 128 80 85 128 128], 70.0, TPX, 1576989096, 2019-12-22 04:31:36, I07-W0167, 0, 0, -0.0448032428397, -107.585226094 
339, 39693, 1.5, [1 100 255 127 127 0 385 7 130 128 80 85 128 128], 70.0, TPX, 1576989276, 2019-12-22 04:34:36, I07-W0167, 0, 0, 11.2953109328, -109.814442744 
340, 39694, 1.5, [1 100 255 127 127 0 385 7 130 128 80 85 128 128], 70.0, TPX, 1576989456, 2019-12-22 04:37:36, I07-W0167, 0, 0, 22.6277456512, -112.167080913 
341, 39695, 0.002, [1 100 255 127 127 0 385 7 130 128 80 85 128 128], 70.0, TPX, 1576989634, 2019-12-22 04:40:34, I07-W0167, 0, 0, 33.8153376706, -114.779594119 
342, 39696, 0.002, [1 100 255 127 127 0 385 7 130 128 80 85 128 128], 70.0, TPX, 1576989814, 2019-12-22 04:43:34, I07-W0167, 0, 0, 45.0899138566, -118.002760388 
343, 39697, 0.002, [1 100 255 127 127 0 385 7 130 128 80 85 128 128], 70.0, TPX, 1576990174, 2019-12-22 04:49:34, I07-W0167, 0, 0, 67.2714142211, -129.980945096 
344, 39700, 0.002, [1 100 255 127 127 0 385 7 130 128 80 85 128 128], 70.0, TPX, 1576990714, 2019-12-22 04:58:34, I07-W0167, 0, 0, 75.3587270275, 95.1903930159 
345, 39701, 0.002, [1 100 255 127 127 0 385 7 130 128 80 85 128 128], 70.0, TPX, 1576990894, 2019-12-22 05:01:34, I07-W0167, 0, 0, 64.8452422357, 80.8281307783 
346, 39702, 0.002, [1 100 255 127 127 0 385 7 130 128 80 85 128 128], 70.0, TPX, 1576991074, 2019-12-22 05:04:34, I07-W0167, 0, 0, 53.7997198586, 74.2979508382 
347, 39706, 0.002, [1 100 255 127 127 0 385 7 130 128 80 85 128 128], 70.0, TPX, 1576992799, 2019-12-22 05:33:19, I07-W0167, 0, 0, -54.2846496293, 46.6647061771 
348, 39707, 0.002, [1 100 255 127 127 0 385 7 130 128 80 85 128 128], 70.0, TPX, 1576993681, 2019-12-22 05:48:01, I07-W0167, 0, 0, -67.9268801549, -108.185606552 
349, 39708, 0.002, [1 100 255 127 127 0 385 7 130 128 80 85 128 128], 70.0, TPX, 1576993861, 2019-12-22 05:51:01, I07-W0167, 0, 0, -56.9690471614, -116.025325001 
350, 39709, 0.002, [1 100 255 127 127 0 385 7 130 128 80 85 128 128], 70.0, TPX, 1576994041, 2019-12-22 05:54:01, I07-W0167, 0, 0, -45.7919514352, -120.590404875 
351, 39711, 1.5, [1 100 255 127 127 0 385 7 130 128 80 85 128 128], 70.0, TPX, 1576994403, 2019-12-22 06:00:03, I07-W0167, 0, 0, -23.0954855432, -126.556902964 
352, 39712, 1.5, [1 100 255 127 127 0 385 7 130 128 80 85 128 128], 70.0, TPX, 1576994583, 2019-12-22 06:03:03, I07-W0167, 0, 0, -11.7668526788, -128.917320718 
353, 39713, 1.5, [1 100 255 127 127 0 385 7 130 128 80 85 128 128], 70.0, TPX, 1576994763, 2019-12-22 06:06:03, I07-W0167, 0, 0, -0.428082613103, -131.148907444 
354, 39714, 1.5, [1 100 255 127 127 0 385 7 130 128 80 85 128 128], 70.0, TPX, 1576994943, 2019-12-22 06:09:03, I07-W0167, 0, 0, 10.912051943, -133.376204811 
355, 39715, 0.002, [1 100 255 127 127 0 385 7 130 128 80 85 128 128], 70.0, TPX, 1576995121, 2019-12-22 06:12:01, I07-W0167, 0, 0, 22.118983643, -135.695067695 
356, 39716, 0.002, [1 100 255 127 127 0 385 7 130 128 80 85 128 128], 70.0, TPX, 1576995301, 2019-12-22 06:15:01, I07-W0167, 0, 0, 33.4332261526, -138.321412034 
357, 39717, 0.002, [1 100 255 127 127 0 385 7 130 128 80 85 128 128], 70.0, TPX, 1576995481, 2019-12-22 06:18:01, I07-W0167, 0, 0, 44.7095303765, -141.51738049 
358, 39719, 0.002, [1 100 255 127 127 0 385 7 130 128 80 85 128 128], 70.0, TPX, 1576995841, 2019-12-22 06:24:01, I07-W0167, 0, 0, 66.9060742326, -153.268147219 
359, 39722, 0.002, [1 100 255 127 127 0 385 7 130 128 80 85 128 128], 70.0, TPX, 1576996381, 2019-12-22 06:33:01, I07-W0167, 0, 0, 75.6911250136, 72.3676847375 
360, 39723, 0.002, [1 100 255 127 127 0 385 7 130 128 80 85 128 128], 70.0, TPX, 1576996561, 2019-12-22 06:36:01, I07-W0167, 0, 0, 65.2137582622, 57.4921269536 
361, 39725, 1.5, [1 100 255 127 127 0 385 7 130 128 80 85 128 128], 70.0, TPX, 1576996923, 2019-12-22 06:42:03, I07-W0167, 0, 0, 42.8505031488, 46.6546009122 
362, 39726, 1.5, [1 100 255 127 127 0 385 7 130 128 80 85 128 128], 70.0, TPX, 1576997103, 2019-12-22 06:45:03, I07-W0167, 0, 0, 31.5807900575, 43.5849192392 
363, 39727, 1.5, [1 100 255 127 127 0 385 7 130 128 80 85 128 128], 70.0, TPX, 1576997283, 2019-12-22 06:48:03, I07-W0167, 0, 0, 20.2792858507, 41.0222527535 
364, 39728, 1.5, [1 100 255 127 127 0 385 7 130 128 80 85 128 128], 70.0, TPX, 1576997463, 2019-12-22 06:51:03, I07-W0167, 0, 0, 8.96266131263, 38.7091443046 
365, 39729, 1.5, [1 100 255 127 127 0 385 7 130 128 80 85 128 128], 70.0, TPX, 1576997643, 2019-12-22 06:54:03, I07-W0167, 0, 0, -2.35911724349, 36.4918292588 
366, 39732, 0.002, [1 100 255 127 127 0 385 7 130 128 80 85 128 128], 70.0, TPX, 1576998661, 2019-12-22 07:11:01, I07-W0167, 0, 0, -65.8476886095, 15.8699428269 
367, 39733, 0.002, [1 100 255 127 127 0 385 7 130 128 80 85 128 128], 70.0, TPX, 1576998841, 2019-12-22 07:14:01, I07-W0167, 0, 0, -76.249014865, 0.0637440277514 
368, 39734, 0.002, [1 100 255 127 127 0 385 7 130 128 80 85 128 128], 70.0, TPX, 1576999021, 2019-12-22 07:17:01, I07-W0167, 0, 0, -82.6600148342, -56.9944930312 
369, 39735, 0.002, [1 100 255 127 127 0 385 7 130 128 80 85 128 128], 70.0, TPX, 1576999201, 2019-12-22 07:20:01, I07-W0167, 0, 0, -76.665355876, -116.799021509 
370, 39736, 0.002, [1 100 255 127 127 0 385 7 130 128 80 85 128 128], 70.0, TPX, 1576999381, 2019-12-22 07:23:01, I07-W0167, 0, 0, -66.3138900015, -133.380548812 
371, 39737, 0.002, [1 100 255 127 127 0 385 7 130 128 80 85 128 128], 70.0, TPX, 1576999561, 2019-12-22 07:26:01, I07-W0167, 0, 0, -55.3062410233, -140.478795585 
372, 39738, 0.002, [1 100 255 127 127 0 385 7 130 128 80 85 128 128], 70.0, TPX, 1576999741, 2019-12-22 07:29:01, I07-W0167, 0, 0, -44.1112570317, -144.776678459 
373, 39739, 1.5, [1 100 255 127 127 0 385 7 130 128 80 85 128 128], 70.0, TPX, 1576999923, 2019-12-22 07:32:03, I07-W0167, 0, 0, -32.713317384, -147.96128148 
374, 39740, 1.5, [1 100 255 127 127 0 385 7 130 128 80 85 128 128], 70.0, TPX, 1577000103, 2019-12-22 07:35:03, I07-W0167, 0, 0, -21.4023140916, -150.562272157 
375, 39741, 1.5, [1 100 255 127 127 0 385 7 130 128 80 85 128 128], 70.0, TPX, 1577000283, 2019-12-22 07:38:03, I07-W0167, 0, 0, -10.0715971658, -152.894303645 
376, 39742, 1.5, [1 100 255 127 127 0 385 7 130 128 80 85 128 128], 70.0, TPX, 1577000463, 2019-12-22 07:41:03, I07-W0167, 0, 0, 1.26783326723, -155.117803427 
377, 39744, 1.5, [1 100 255 127 127 0 385 7 130 128 80 85 128 128], 70.0, TPX, 1577000823, 2019-12-22 07:47:03, I07-W0167, 0, 0, 23.9380901226, -159.730885871 
378, 39745, 0.002, [1 100 255 127 127 0 385 7 130 128 80 85 128 128], 70.0, TPX, 1577001181, 2019-12-22 07:53:01, I07-W0167, 0, 0, 46.3901735536, -165.713079734 
379, 39746, 0.002, [1 100 255 127 127 0 385 7 130 128 80 85 128 128], 70.0, TPX, 1577001361, 2019-12-22 07:56:01, I07-W0167, 0, 0, 57.5684269969, -170.386008296 
380, 39747, 0.002, [1 100 255 127 127 0 385 7 130 128 80 85 128 128], 70.0, TPX, 1577001541, 2019-12-22 07:59:01, I07-W0167, 0, 0, 68.5147886876, -178.537183371 
381, 39748, 0.002, [1 100 255 127 127 0 385 7 130 128 80 85 128 128], 70.0, TPX, 1577001721, 2019-12-22 08:02:01, I07-W0167, 0, 0, 78.5447370674, 160.361066445 
382, 39749, 0.002, [1 100 255 127 127 0 385 7 130 128 80 85 128 128], 70.0, TPX, 1577001901, 2019-12-22 08:05:01, I07-W0167, 0, 0, 82.2184431044, 89.4546460385 
383, 39750, 0.002, [1 100 255 127 127 0 385 7 130 128 80 85 128 128], 70.0, TPX, 1577002081, 2019-12-22 08:08:01, I07-W0167, 0, 0, 74.2049168316, 45.3749000846 
384, 39751, 0.002, [1 100 255 127 127 0 385 7 130 128 80 85 128 128], 70.0, TPX, 1577002260, 2019-12-22 08:11:00, I07-W0167, 0, 0, 63.6434841118, 32.618070396 
385, 39753, 1.5, [1 100 255 127 127 0 385 7 130 128 80 85 128 128], 70.0, TPX, 1577002623, 2019-12-22 08:17:03, I07-W0167, 0, 0, 41.1688456886, 22.5091769823 
386, 39754, 1.5, [1 100 255 127 127 0 385 7 130 128 80 85 128 128], 70.0, TPX, 1577002803, 2019-12-22 08:20:03, I07-W0167, 0, 0, 29.8927805213, 19.5393321844 
387, 39755, 1.5, [1 100 255 127 127 0 385 7 130 128 80 85 128 128], 70.0, TPX, 1577003163, 2019-12-22 08:26:03, I07-W0167, 0, 0, 7.27013104501, 14.7362338777 
388, 39757, 0.002, [1 100 255 127 127 0 385 7 130 128 80 85 128 128], 70.0, TPX, 1577003521, 2019-12-22 08:32:01, I07-W0167, 0, 0, -15.2442889613, 10.2929106628 
389, 39758, 0.002, [1 100 255 127 127 0 385 7 130 128 80 85 128 128], 70.0, TPX, 1577003701, 2019-12-22 08:35:01, I07-W0167, 0, 0, -26.5503540269, 7.86523518204 
390, 39759, 0.002, [1 100 255 127 127 0 385 7 130 128 80 85 128 128], 70.0, TPX, 1577003881, 2019-12-22 08:38:01, I07-W0167, 0, 0, -37.8315128077, 5.06586806381 
391, 39760, 0.002, [1 100 255 127 127 0 385 7 130 128 80 85 128 128], 70.0, TPX, 1577004061, 2019-12-22 08:41:01, I07-W0167, 0, 0, -49.0635164246, 1.51762278338 
392, 39761, 0.002, [1 100 255 127 127 0 385 7 130 128 80 85 128 128], 70.0, TPX, 1577004241, 2019-12-22 08:44:01, I07-W0167, 0, 0, -60.1876269583, -3.68040645265 
393, 39765, 1.5, [1 100 255 127 127 0 385 7 130 128 80 85 128 128], 70.0, TPX, 1577005742, 2019-12-22 09:09:02, I07-W0167, 0, 0, -23.5457828397, -173.734945668 
394, 39766, 1.5, [1 100 255 127 127 0 385 7 130 128 80 85 128 128], 70.0, TPX, 1577005922, 2019-12-22 09:12:02, I07-W0167, 0, 0, -12.2178833669, -176.103505008 
395, 39767, 1.5, [1 100 255 127 127 0 385 7 130 128 80 85 128 128], 70.0, TPX, 1577006102, 2019-12-22 09:15:02, I07-W0167, 0, 0, -0.879483918916, -178.337673545 
396, 39773, 0.002, [1 100 255 127 127 0 385 7 130 128 80 85 128 128], 70.0, TPX, 1577007180, 2019-12-22 09:33:00, I07-W0167, 0, 0, 66.4745906922, 159.856738937 
397, 39774, 0.002, [1 100 255 127 127 0 385 7 130 128 80 85 128 128], 70.0, TPX, 1577007360, 2019-12-22 09:36:00, I07-W0167, 0, 0, 76.8145272074, 142.974410103 
398, 39776, 0.002, [1 100 255 127 127 0 385 7 130 128 80 85 128 128], 70.0, TPX, 1577007720, 2019-12-22 09:42:00, I07-W0167, 0, 0, 76.0795168905, 26.0998501172 
399, 39777, 0.002, [1 100 255 127 127 0 385 7 130 128 80 85 128 128], 70.0, TPX, 1577007900, 2019-12-22 09:45:00, I07-W0167, 0, 0, 65.6475845574, 10.5819335325 
400, 39780, 1.5, [1 100 255 127 127 0 385 7 130 128 80 85 128 128], 70.0, TPX, 1577008442, 2019-12-22 09:54:02, I07-W0167, 0, 0, 32.0312034672, -3.58142420498 
401, 39781, 1.5, [1 100 255 127 127 0 385 7 130 128 80 85 128 128], 70.0, TPX, 1577008622, 2019-12-22 09:57:02, I07-W0167, 0, 0, 20.7304727793, -6.15835169877 
402, 39782, 1.5, [1 100 255 127 127 0 385 7 130 128 80 85 128 128], 70.0, TPX, 1577008802, 2019-12-22 10:00:02, I07-W0167, 0, 0, 9.41410266577, -8.47809524958 
403, 39783, 1.5, [1 100 255 127 127 0 385 7 130 128 80 85 128 128], 70.0, TPX, 1577008982, 2019-12-22 10:03:02, I07-W0167, 0, 0, -1.90777663565, -10.6968745172 
404, 39785, 0.002, [1 100 255 127 127 0 385 7 130 128 80 85 128 128], 70.0, TPX, 1577009340, 2019-12-22 10:09:00, I07-W0167, 0, 0, -24.4108672791, -15.2924332572 
405, 39786, 0.002, [1 100 255 127 127 0 385 7 130 128 80 85 128 128], 70.0, TPX, 1577009520, 2019-12-22 10:12:00, I07-W0167, 0, 0, -35.6981749377, -18.0004103099 
406, 39787, 0.002, [1 100 255 127 127 0 385 7 130 128 80 85 128 128], 70.0, TPX, 1577009700, 2019-12-22 10:15:00, I07-W0167, 0, 0, -46.9424626498, -21.3621201359 
407, 39788, 0.002, [1 100 255 127 127 0 385 7 130 128 80 85 128 128], 70.0, TPX, 1577009880, 2019-12-22 10:18:00, I07-W0167, 0, 0, -58.0950345818, -26.1269864588 
408, 39789, 0.002, [1 100 255 127 127 0 385 7 130 128 80 85 128 128], 70.0, TPX, 1577010060, 2019-12-22 10:21:00, I07-W0167, 0, 0, -69.0059612511, -34.544518421 
409, 39790, 0.002, [1 100 255 127 127 0 385 7 130 128 80 85 128 128], 70.0, TPX, 1577010240, 2019-12-22 10:24:00, I07-W0167, 0, 0, -78.930629095, -56.843778077 
410, 39791, 0.002, [1 100 255 127 127 0 385 7 130 128 80 85 128 128], 70.0, TPX, 1577010420, 2019-12-22 10:27:00, I07-W0167, 0, 0, -82.0387339972, -129.439174491 
411, 39792, 0.002, [1 100 255 127 127 0 385 7 130 128 80 85 128 128], 70.0, TPX, 1577010600, 2019-12-22 10:30:00, I07-W0167, 0, 0, -73.769635706, -170.945906223 
412, 39793, 0.002, [1 100 255 127 127 0 385 7 130 128 80 85 128 128], 70.0, TPX, 1577010780, 2019-12-22 10:33:00, I07-W0167, 0, 0, -63.1152782626, 176.766798338 
413, 39796, 1.5, [1 100 255 127 127 0 385 7 130 128 80 85 128 128], 70.0, TPX, 1577011502, 2019-12-22 10:45:02, I07-W0167, 0, 0, -18.07758974, 161.456983957 
414, 39797, 1.5, [1 100 255 127 127 0 385 7 130 128 80 85 128 128], 70.0, TPX, 1577011682, 2019-12-22 10:48:02, I07-W0167, 0, 0, -6.7434773563, 159.170769378 
415, 39798, 1.5, [1 100 255 127 127 0 385 7 130 128 80 85 128 128], 70.0, TPX, 1577011862, 2019-12-22 10:51:02, I07-W0167, 0, 0, 4.59669425893, 156.955506804 
416, 39799, 1.5, [1 100 255 127 127 0 385 7 130 128 80 85 128 128], 70.0, TPX, 1577012042, 2019-12-22 10:54:02, I07-W0167, 0, 0, 15.9344846995, 154.692118717 
417, 39800, 1.5, [1 100 255 127 127 0 385 7 130 128 80 85 128 128], 70.0, TPX, 1577012222, 2019-12-22 10:57:02, I07-W0167, 0, 0, 27.2603795118, 152.245080504 
418, 39803, 0.002, [1 100 255 127 127 0 385 7 130 128 80 85 128 128], 70.0, TPX, 1577012940, 2019-12-22 11:09:00, I07-W0167, 0, 0, 71.6225384199, 130.257212588 
419, 39806, 0.002, [1 100 255 127 127 0 385 7 130 128 80 85 128 128], 70.0, TPX, 1577013480, 2019-12-22 11:18:00, I07-W0167, 0, 0, 71.180707143, -6.99904425199 
420, 39808, 1.5, [1 100 255 127 127 0 385 7 130 128 80 85 128 128], 70.0, TPX, 1577013845, 2019-12-22 11:24:05, I07-W0167, 0, 0, 48.9166571122, -22.2227086033 
421, 39809, 1.5, [1 100 255 127 127 0 385 7 130 128 80 85 128 128], 70.0, TPX, 1577014022, 2019-12-22 11:27:02, I07-W0167, 0, 0, 37.8643352817, -25.7072457211 
422, 39810, 1.5, [1 100 255 127 127 0 385 7 130 128 80 85 128 128], 70.0, TPX, 1577014202, 2019-12-22 11:30:02, I07-W0167, 0, 0, 26.5775911137, -28.5090302994 
423, 39811, 1.5, [1 100 255 127 127 0 385 7 130 128 80 85 128 128], 70.0, TPX, 1577014382, 2019-12-22 11:33:02, I07-W0167, 0, 0, 15.2676977271, -30.9378575208 
424, 39812, 1.5, [1 100 255 127 127 0 385 7 130 128 80 85 128 128], 70.0, TPX, 1577014562, 2019-12-22 11:36:02, I07-W0167, 0, 0, 3.94754710388, -33.1926907957 
425, 39814, 0.002, [1 100 255 127 127 0 385 7 130 128 80 85 128 128], 70.0, TPX, 1577014920, 2019-12-22 11:42:00, I07-W0167, 0, 0, -18.5643107277, -37.6713995132 
426, 39815, 0.002, [1 100 255 127 127 0 385 7 130 128 80 85 128 128], 70.0, TPX, 1577015100, 2019-12-22 11:45:00, I07-W0167, 0, 0, -29.8648723684, -40.182726882 
427, 39816, 0.002, [1 100 255 127 127 0 385 7 130 128 80 85 128 128], 70.0, TPX, 1577015280, 2019-12-22 11:48:00, I07-W0167, 0, 0, -41.1351421201, -43.1496620193 
428, 39817, 0.002, [1 100 255 127 127 0 385 7 130 128 80 85 128 128], 70.0, TPX, 1577015460, 2019-12-22 11:51:00, I07-W0167, 0, 0, -52.3444865844, -47.0472787328 
429, 39818, 0.002, [1 100 255 127 127 0 385 7 130 128 80 85 128 128], 70.0, TPX, 1577015640, 2019-12-22 11:54:00, I07-W0167, 0, 0, -63.4126305481, -53.0989219593 
430, 39819, 0.002, [1 100 255 127 127 0 385 7 130 128 80 85 128 128], 70.0, TPX, 1577016000, 2019-12-22 12:00:00, I07-W0167, 0, 0, -82.1504963826, -108.729788213 
431, 39822, 0.002, [1 100 255 127 127 0 385 7 130 128 80 85 128 128], 70.0, TPX, 1577016540, 2019-12-22 12:09:00, I07-W0167, 0, 0, -57.7897046354, 149.847929993 
432, 39825, 1.5, [1 100 255 127 127 0 385 7 130 128 80 85 128 128], 70.0, TPX, 1577017082, 2019-12-22 12:18:02, I07-W0167, 0, 0, -23.9329948014, 139.073579786 
433, 39826, 1.5, [1 100 255 127 127 0 385 7 130 128 80 85 128 128], 70.0, TPX, 1577017262, 2019-12-22 12:21:02, I07-W0167, 0, 0, -12.6057587107, 136.697807767 
434, 39827, 1.5, [1 100 255 127 127 0 385 7 130 128 80 85 128 128], 70.0, TPX, 1577017442, 2019-12-22 12:24:02, I07-W0167, 0, 0, -1.26770733562, 134.461262323 
435, 39828, 1.5, [1 100 255 127 127 0 385 7 130 128 80 85 128 128], 70.0, TPX, 1577017622, 2019-12-22 12:27:02, I07-W0167, 0, 0, 10.0722955526, 132.237694239 
436, 39829, 1.5, [1 100 255 127 127 0 385 7 130 128 80 85 128 128], 70.0, TPX, 1577017802, 2019-12-22 12:30:02, I07-W0167, 0, 0, 21.4056199032, 129.9052666 
437, 39832, 0.002, [1 100 255 127 127 0 385 7 130 128 80 85 128 128], 70.0, TPX, 1577018340, 2019-12-22 12:39:00, I07-W0167, 0, 0, 55.0803291014, 119.929775319 
438, 39833, 0.002, [1 100 255 127 127 0 385 7 130 128 80 85 128 128], 70.0, TPX, 1577018520, 2019-12-22 12:42:00, I07-W0167, 0, 0, 66.1026800618, 112.915389608 
439, 39837, 0.002, [1 100 255 127 127 0 385 7 130 128 80 85 128 128], 70.0, TPX, 1577019240, 2019-12-22 12:54:00, I07-W0167, 0, 0, 66.0202533389, -36.3702757972 
440, 39839, 1.5, [1 100 255 127 127 0 385 7 130 128 80 85 128 128], 70.0, TPX, 1577019602, 2019-12-22 13:00:02, I07-W0167, 0, 0, 43.6851659256, -47.6391692658 
441, 39840, 1.5, [1 100 255 127 127 0 385 7 130 128 80 85 128 128], 70.0, TPX, 1577019782, 2019-12-22 13:03:02, I07-W0167, 0, 0, 32.4187005893, -50.7625430559 
442, 39841, 1.5, [1 100 255 127 127 0 385 7 130 128 80 85 128 128], 70.0, TPX, 1577019962, 2019-12-22 13:06:02, I07-W0167, 0, 0, 21.11863926, -53.3520624303 
443, 39842, 1.5, [1 100 255 127 127 0 385 7 130 128 80 85 128 128], 70.0, TPX, 1577020142, 2019-12-22 13:09:02, I07-W0167, 0, 0, 9.80248258985, -55.6777076914 
444, 39844, 0.002, [1 100 255 127 127 0 385 7 130 128 80 85 128 128], 70.0, TPX, 1577020500, 2019-12-22 13:15:00, I07-W0167, 0, 0, -12.7137021666, -60.1082874809 
445, 39845, 0.002, [1 100 255 127 127 0 385 7 130 128 80 85 128 128], 70.0, TPX, 1577020680, 2019-12-22 13:18:00, I07-W0167, 0, 0, -24.023641657, -62.4834516135 
446, 39846, 0.002, [1 100 255 127 127 0 385 7 130 128 80 85 128 128], 70.0, TPX, 1577020860, 2019-12-22 13:21:00, I07-W0167, 0, 0, -35.3121394761, -65.1761580708 
447, 39847, 0.002, [1 100 255 127 127 0 385 7 130 128 80 85 128 128], 70.0, TPX, 1577021040, 2019-12-22 13:24:00, I07-W0167, 0, 0, -46.558623094, -68.5069203097 
448, 39848, 0.002, [1 100 255 127 127 0 385 7 130 128 80 85 128 128], 70.0, TPX, 1577021220, 2019-12-22 13:27:00, I07-W0167, 0, 0, -57.7159522527, -73.2014049483 
449, 39849, 0.002, [1 100 255 127 127 0 385 7 130 128 80 85 128 128], 70.0, TPX, 1577021400, 2019-12-22 13:30:00, I07-W0167, 0, 0, -68.6407646966, -81.4135599524 
450, 39850, 0.002, [1 100 255 127 127 0 385 7 130 128 80 85 128 128], 70.0, TPX, 1577021580, 2019-12-22 13:33:00, I07-W0167, 0, 0, -78.6362069607, -102.777346654 
451, 39854, 0.002, [1 100 255 127 127 0 385 7 130 128 80 85 128 128], 70.0, TPX, 1577022300, 2019-12-22 13:45:00, I07-W0167, 0, 0, -52.4136900611, 123.683988795 
452, 39856, 0.002, [1 100 255 127 127 0 385 7 130 128 80 85 128 128], 70.0, TPX, 1577022660, 2019-12-22 13:51:00, I07-W0167, 0, 0, -29.9079230507, 116.802586868 
453, 39857, 1.5, [1 100 255 127 127 0 385 7 130 128 80 85 128 128], 70.0, TPX, 1577022842, 2019-12-22 13:54:02, I07-W0167, 0, 0, -18.4650851545, 114.261305704 
454, 39858, 1.5, [1 100 255 127 127 0 385 7 130 128 80 85 128 128], 70.0, TPX, 1577023022, 2019-12-22 13:57:02, I07-W0167, 0, 0, -7.13147180158, 111.970412446 
455, 39859, 1.5, [1 100 255 127 127 0 385 7 130 128 80 85 128 128], 70.0, TPX, 1577023202, 2019-12-22 14:00:02, I07-W0167, 0, 0, 4.20848167448, 109.75471957 
456, 39864, 0.002, [1 100 255 127 127 0 385 7 130 128 80 85 128 128], 70.0, TPX, 1577024100, 2019-12-22 14:15:00, I07-W0167, 0, 0, 60.4379943725, 93.4370219845 
457, 39865, 0.002, [1 100 255 127 127 0 385 7 130 128 80 85 128 128], 70.0, TPX, 1577024280, 2019-12-22 14:18:00, I07-W0167, 0, 0, 71.2633387715, 83.5005788945 
458, 39867, 0.002, [1 100 255 127 127 0 385 7 130 128 80 85 128 128], 70.0, TPX, 1577024820, 2019-12-22 14:27:00, I07-W0167, 0, 0, 71.5402209801, -53.7598657048 
459, 39868, 0.002, [1 100 255 127 127 0 385 7 130 128 80 85 128 128], 70.0, TPX, 1577025000, 2019-12-22 14:30:00, I07-W0167, 0, 0, 60.7365556014, -63.9119173764 
460, 39870, 1.5, [1 100 255 127 127 0 385 7 130 128 80 85 128 128], 70.0, TPX, 1577025362, 2019-12-22 14:36:02, I07-W0167, 0, 0, 38.2511084038, -72.8775788496 
461, 39871, 1.5, [1 100 255 127 127 0 385 7 130 128 80 85 128 128], 70.0, TPX, 1577025542, 2019-12-22 14:39:02, I07-W0167, 0, 0, 26.965400717, -75.6973199952 
462, 39872, 1.5, [1 100 255 127 127 0 385 7 130 128 80 85 128 128], 70.0, TPX, 1577025722, 2019-12-22 14:42:02, I07-W0167, 0, 0, 15.6559290946, -78.1350759814 
463, 39873, 1.5, [1 100 255 127 127 0 385 7 130 128 80 85 128 128], 70.0, TPX, 1577025902, 2019-12-22 14:45:02, I07-W0167, 0, 0, 4.33583097843, -80.3934916905 
464, 39874, 1.5, [1 100 255 127 127 0 385 7 130 128 80 85 128 128], 70.0, TPX, 1577026082, 2019-12-22 14:48:02, I07-W0167, 0, 0, -6.98618642088, -82.606677887 
465, 39875, 0.002, [1 100 255 127 127 0 385 7 130 128 80 85 128 128], 70.0, TPX, 1577027152, 2019-12-22 15:05:52, I07-W0167, 0, 0, -73.2457123854, -111.478010448 
466, 39876, 0.002, [1 100 255 127 127 0 385 7 130 128 80 85 128 128], 70.0, TPX, 1577027332, 2019-12-22 15:08:52, I07-W0167, 0, 0, -81.7926354512, -150.105523747 
467, 39880, 0.002, [1 100 255 127 127 0 385 7 130 128 80 85 128 128], 70.0, TPX, 1577028052, 2019-12-22 15:20:52, I07-W0167, 0, 0, -47.4980541425, 98.164107116 
468, 39882, 1.5, [1 100 255 127 127 0 385 7 130 128 80 85 128 128], 70.0, TPX, 1577028414, 2019-12-22 15:26:54, I07-W0167, 0, 0, -24.816481478, 91.9929219187 
469, 39883, 1.5, [1 100 255 127 127 0 385 7 130 128 80 85 128 128], 70.0, TPX, 1577028594, 2019-12-22 15:29:54, I07-W0167, 0, 0, -13.4908180383, 89.599992464 
470, 39884, 1.5, [1 100 255 127 127 0 385 7 130 128 80 85 128 128], 70.0, TPX, 1577028774, 2019-12-22 15:32:54, I07-W0167, 0, 0, -2.15359429007, 87.3575184164 
471, 39885, 1.5, [1 100 255 127 127 0 385 7 130 128 80 85 128 128], 70.0, TPX, 1577029134, 2019-12-22 15:38:54, I07-W0167, 0, 0, 20.5200602642, 82.8183591097 
472, 39886, 1.5, [1 100 255 127 127 0 385 7 130 128 80 85 128 128], 70.0, TPX, 1577029314, 2019-12-22 15:41:54, I07-W0167, 0, 0, 31.8371680381, 80.2453175667 
473, 39887, 1.5, [1 100 255 127 127 0 385 7 130 128 80 85 128 128], 70.0, TPX, 1577029494, 2019-12-22 15:44:54, I07-W0167, 0, 0, 43.1199233757, 77.1561664395 
474, 39888, 1.5, [1 100 255 127 127 0 385 7 130 128 80 85 128 128], 70.0, TPX, 1577029674, 2019-12-22 15:47:54, I07-W0167, 0, 0, 54.3317369534, 72.9974623299 
475, 39889, 0.002, [1 100 255 127 127 0 385 7 130 128 80 85 128 128], 70.0, TPX, 1577029852, 2019-12-22 15:50:52, I07-W0167, 0, 0, 65.2521302649, 66.3715572886 
476, 39890, 0.002, [1 100 255 127 127 0 385 7 130 128 80 85 128 128], 70.0, TPX, 1577030032, 2019-12-22 15:53:52, I07-W0167, 0, 0, 75.7303029787, 51.4298286321 
477, 39893, 0.002, [1 100 255 127 127 0 385 7 130 128 80 85 128 128], 70.0, TPX, 1577030752, 2019-12-22 16:05:52, I07-W0167, 0, 0, 55.8755407056, -90.2109870362 
478, 39894, 0.002, [1 100 255 127 127 0 385 7 130 128 80 85 128 128], 70.0, TPX, 1577030932, 2019-12-22 16:08:52, I07-W0167, 0, 0, 44.6897706392, -94.5953879167 
479, 39896, 1.5, [1 100 255 127 127 0 385 7 130 128 80 85 128 128], 70.0, TPX, 1577031294, 2019-12-22 16:14:54, I07-W0167, 0, 0, 22.0035432008, -100.438150298 
480, 39897, 1.5, [1 100 255 127 127 0 385 7 130 128 80 85 128 128], 70.0, TPX, 1577031474, 2019-12-22 16:17:54, I07-W0167, 0, 0, 10.687894526, -102.77789307 
481, 39898, 1.5, [1 100 255 127 127 0 385 7 130 128 80 85 128 128], 70.0, TPX, 1577031654, 2019-12-22 16:20:54, I07-W0167, 0, 0, -0.634278847084, -105.001782172 
482, 39899, 1.5, [1 100 255 127 127 0 385 7 130 128 80 85 128 128], 70.0, TPX, 1577031834, 2019-12-22 16:23:54, I07-W0167, 0, 0, -11.9550303669, -107.232084823 
483, 39900, 0.002, [1 100 255 127 127 0 385 7 130 128 80 85 128 128], 70.0, TPX, 1577032192, 2019-12-22 16:29:52, I07-W0167, 0, 0, -34.4318202997, -112.224843823 
484, 39902, 0.002, [1 100 255 127 127 0 385 7 130 128 80 85 128 128], 70.0, TPX, 1577032552, 2019-12-22 16:35:52, I07-W0167, 0, 0, -56.8506970586, -120.029687326 
485, 39904, 0.002, [1 100 255 127 127 0 385 7 130 128 80 85 128 128], 70.0, TPX, 1577032912, 2019-12-22 16:41:52, I07-W0167, 0, 0, -77.944711779, -147.231544069 
486, 39908, 0.002, [1 100 255 127 127 0 385 7 130 128 80 85 128 128], 70.0, TPX, 1577033632, 2019-12-22 16:53:52, I07-W0167, 0, 0, -53.2844777085, 76.7777671293 
487, 39909, 0.002, [1 100 255 127 127 0 385 7 130 128 80 85 128 128], 70.0, TPX, 1577033812, 2019-12-22 16:56:52, I07-W0167, 0, 0, -42.0708712061, 72.7609260488 
488, 39911, 1.5, [1 100 255 127 127 0 385 7 130 128 80 85 128 128], 70.0, TPX, 1577034174, 2019-12-22 17:02:54, I07-W0167, 0, 0, -19.3491523972, 67.1706347799 
489, 39913, 1.5, [1 100 255 127 127 0 385 7 130 128 80 85 128 128], 70.0, TPX, 1577034714, 2019-12-22 17:11:54, I07-W0167, 0, 0, 14.660693693, 60.399595049 
490, 39914, 1.5, [1 100 255 127 127 0 385 7 130 128 80 85 128 128], 70.0, TPX, 1577034894, 2019-12-22 17:14:54, I07-W0167, 0, 0, 25.9879886941, 57.9816466114 
491, 39916, 1.5, [1 100 255 127 127 0 385 7 130 128 80 85 128 128], 70.0, TPX, 1577035254, 2019-12-22 17:20:54, I07-W0167, 0, 0, 48.546454029, 51.6990985948 
492, 39918, 0.002, [1 100 255 127 127 0 385 7 130 128 80 85 128 128], 70.0, TPX, 1577035612, 2019-12-22 17:26:52, I07-W0167, 0, 0, 70.4395769766, 37.3451623577 
493, 39922, 0.002, [1 100 255 127 127 0 385 7 130 128 80 85 128 128], 70.0, TPX, 1577036332, 2019-12-22 17:38:52, I07-W0167, 0, 0, 61.5987645312, -110.639194916 
494, 39923, 0.002, [1 100 255 127 127 0 385 7 130 128 80 85 128 128], 70.0, TPX, 1577036512, 2019-12-22 17:41:52, I07-W0167, 0, 0, 50.4882597343, -116.181545088 
495, 39924, 0.002, [1 100 255 127 127 0 385 7 130 128 80 85 128 128], 70.0, TPX, 1577036692, 2019-12-22 17:44:52, I07-W0167, 0, 0, 39.2578134006, -119.873030107 
496, 39926, 1.5, [1 100 255 127 127 0 385 7 130 128 80 85 128 128], 70.0, TPX, 1577037054, 2019-12-22 17:50:54, I07-W0167, 0, 0, 16.5408876769, -125.229524001 
497, 39927, 1.5, [1 100 255 127 127 0 385 7 130 128 80 85 128 128], 70.0, TPX, 1577037234, 2019-12-22 17:53:54, I07-W0167, 0, 0, 5.22093171408, -127.496655031 
498, 39928, 1.5, [1 100 255 127 127 0 385 7 130 128 80 85 128 128], 70.0, TPX, 1577037414, 2019-12-22 17:56:54, I07-W0167, 0, 0, -6.10157660507, -129.709144548 
499, 39929, 0.002, [1 100 255 127 127 0 385 7 130 128 80 85 128 128], 70.0, TPX, 1577038161, 2019-12-22 18:09:21, I07-W0167, 0, 0, -52.8898327934, -141.830011908 
500, 39930, 0.002, [1 100 255 127 127 0 385 7 130 128 80 85 128 128], 70.0, TPX, 1577038341, 2019-12-22 18:12:21, I07-W0167, 0, 0, -63.9472362845, -148.050879902 
501, 39931, 0.002, [1 100 255 127 127 0 385 7 130 128 80 85 128 128], 70.0, TPX, 1577038521, 2019-12-22 18:15:21, I07-W0167, 0, 0, -74.5319531192, -161.256914056 
502, 39941, 0.002, [1 100 255 127 127 0 385 7 130 128 80 85 128 128], 70.0, TPX, 1577041090, 2019-12-22 18:58:10, I07-W0167, 0, 0, 58.6457663949, 23.5649807939 
503, 39942, 0.002, [1 100 255 127 127 0 385 7 130 128 80 85 128 128], 70.0, TPX, 1577041269, 2019-12-22 19:01:09, I07-W0167, 0, 0, 69.4921341162, 14.8852908035 
504, 39946, 0.002, [1 100 255 127 127 0 385 7 130 128 80 85 128 128], 70.0, TPX, 1577041989, 2019-12-22 19:13:09, I07-W0167, 0, 0, 62.580631545, -133.615657583 
505, 39947, 0.002, [1 100 255 127 127 0 385 7 130 128 80 85 128 128], 70.0, TPX, 1577042169, 2019-12-22 19:16:09, I07-W0167, 0, 0, 51.4875198249, -139.424050453 
506, 39949, 0.002, [1 100 255 127 127 0 385 7 130 128 80 85 128 128], 70.0, TPX, 1577042529, 2019-12-22 19:22:09, I07-W0167, 0, 0, 28.9843380411, -146.144273576 
507, 39950, 1.5, [1 100 255 127 127 0 385 7 130 128 80 85 128 128], 70.0, TPX, 1577042711, 2019-12-22 19:25:11, I07-W0167, 0, 0, 17.5518564192, -148.658384247 
508, 39954, 0.002, [1 100 255 127 127 0 385 7 130 128 80 85 128 128], 70.0, TPX, 1577044807, 2019-12-22 20:00:07, I07-W0167, 0, 0, -63.8042804252, 35.443743561 
509, 39955, 0.002, [1 100 255 127 127 0 385 7 130 128 80 85 128 128], 70.0, TPX, 1577044987, 2019-12-22 20:03:07, I07-W0167, 0, 0, -52.7351324238, 29.26592625 
510, 39956, 0.002, [1 100 255 127 127 0 385 7 130 128 80 85 128 128], 70.0, TPX, 1577045167, 2019-12-22 20:06:07, I07-W0167, 0, 0, -41.5169326192, 25.3182083913 
511, 39957, 0.002, [1 100 255 127 127 0 385 7 130 128 80 85 128 128], 70.0, TPX, 1577045347, 2019-12-22 20:09:07, I07-W0167, 0, 0, -30.2337811307, 22.3271814693 
512, 39958, 0.002, [1 100 255 127 127 0 385 7 130 128 80 85 128 128], 70.0, TPX, 1577045527, 2019-12-22 20:12:07, I07-W0167, 0, 0, -18.9178481493, 19.8031397033 
