# ordinar image ID, original image ID, acquisition time [s], bias [V], UTC time [s], human-readable time, no. of nonzero pixels, heatsink temperature [deg C]latitude [deg], longitude [deg], altitude (WGS84) [km]
1, 37863, 0.002, 70.0, 1573899335, 2019-11-16 10:15:35, 3, 4, 41.4641147663, -6.76757981322, 498.22815625
2, 37864, 1.5, 70.0, 1573899517, 2019-11-16 10:18:37, 3, 6, 30.0414361735, -9.7895188908, 497.7293125
3, 37865, 1.5, 70.0, 1573899697, 2019-11-16 10:21:37, 12, 7, 18.7230477391, -12.3096017083, 498.09603125
4, 37866, 1.5, 70.0, 1573899877, 2019-11-16 10:24:37, 13, 9, 7.39967838921, -14.6034276795, 499.61615625
5, 37867, 0.002, 70.0, 1573901200, 2019-11-16 10:46:40, 11, 19, -74.4291929231, -48.6103743544, 529.723375
6, 37868, 0.002, 70.0, 1573901380, 2019-11-16 10:49:40, 331, 21, -82.2785351087, -93.6508000753, 530.3379375
7, 37869, 0.002, 70.0, 1573901560, 2019-11-16 10:52:40, 1, 23, -78.4295254365, -163.58192411, 528.96725
8, 37870, 0.002, 70.0, 1573901740, 2019-11-16 10:55:40, 0, 25, -68.4259484171, 175.689363318, 525.7111875
9, 37871, 0.002, 70.0, 1573901920, 2019-11-16 10:58:40, 3, 25, -57.5240444276, 167.602542285, 520.89775
10, 37872, 0.002, 70.0, 1573902100, 2019-11-16 11:01:40, 0, 26, -46.3868848175, 162.946320366, 515.0400625
11, 37873, 0.002, 70.0, 1573902280, 2019-11-16 11:04:40, 0, 26, -35.1527809175, 159.630017638, 508.76578125
12, 37874, 1.5, 70.0, 1573902462, 2019-11-16 11:07:42, 0, 26, -23.7418126839, 156.915085745, 502.6679375
13, 37875, 1.5, 70.0, 1573902642, 2019-11-16 11:10:42, 13, 24, -12.4250771553, 154.543288895, 497.481
14, 37876, 1.5, 70.0, 1573902822, 2019-11-16 11:13:42, 0, 23, -1.08891069897, 152.307153263, 493.5889375
15, 37877, 1.5, 70.0, 1573903002, 2019-11-16 11:16:42, 6, 21, 10.2579102121, 150.080962387, 491.247125
16, 37878, 1.5, 70.0, 1573903182, 2019-11-16 11:19:42, 0, 19, 21.6064120968, 147.742250974, 490.48559375
17, 37879, 1.5, 70.0, 1573903362, 2019-11-16 11:22:42, 32, 17, 32.9446729666, 145.128078032, 491.11625
18, 37880, 0.002, 70.0, 1573903540, 2019-11-16 11:25:40, 0, 15, 44.1274582404, 141.996805128, 492.751125
19, 37881, 0.002, 70.0, 1573903720, 2019-11-16 11:28:40, 0, 12, 55.365048952, 137.676751459, 494.9559375
20, 37882, 0.002, 70.0, 1573903900, 2019-11-16 11:31:40, 2, 10, 66.4176474051, 130.510858493, 497.21509375
21, 37883, 0.002, 70.0, 1573904080, 2019-11-16 11:34:40, 0, 8, 76.7990704893, 113.612977318, 499.085875
22, 37884, 0.002, 70.0, 1573904260, 2019-11-16 11:37:40, 0, 6, 82.6446059274, 52.5181714648, 500.25965625
23, 37885, 0.002, 70.0, 1573904440, 2019-11-16 11:40:40, 28, 5, 76.0162078671, -3.42337234695, 500.61253125
24, 37886, 0.002, 70.0, 1573904620, 2019-11-16 11:43:40, 0, 5, 65.5395241346, -18.8740683443, 500.2224375
25, 37887, 0.002, 70.0, 1573904800, 2019-11-16 11:46:40, 0, 5, 54.4761373977, -25.6793614739, 499.3506875
26, 37888, 1.5, 70.0, 1573904982, 2019-11-16 11:49:42, 11, 5, 43.1222319796, -29.9040571637, 498.381625
27, 37889, 0.002, 70.0, 1573907018, 2019-11-16 12:23:38, 33, 17, -81.3211474929, -102.875926775, 530.3584375
28, 37890, 0.002, 70.0, 1573907198, 2019-11-16 12:26:38, 9, 20, -80.0558822701, -178.778125124, 529.3728125
29, 37891, 0.002, 70.0, 1573907378, 2019-11-16 12:29:38, 1, 22, -70.5140192084, 154.53334414, 526.4639375
30, 37892, 0.002, 70.0, 1573907558, 2019-11-16 12:32:38, 0, 23, -59.6994050365, 145.168499091, 521.917625
31, 37893, 0.002, 70.0, 1573907738, 2019-11-16 12:35:38, 0, 24, -48.5920250512, 140.08290416, 516.21540625
32, 37894, 0.002, 70.0, 1573907918, 2019-11-16 12:38:38, 0, 25, -37.3719332842, 136.579686475, 509.9690625
33, 37895, 0.002, 70.0, 1573908098, 2019-11-16 12:41:38, 0, 25, -26.0945072017, 133.800496162, 503.83653125
34, 37896, 1.5, 70.0, 1573908280, 2019-11-16 12:44:40, 9, 24, -14.6571624852, 131.355547987, 498.37821875
35, 37897, 1.5, 70.0, 1573908460, 2019-11-16 12:47:40, 0, 22, -3.32398477024, 129.103388731, 494.20615625
36, 37898, 1.5, 70.0, 1573908640, 2019-11-16 12:50:40, 11, 20, 8.02150564136, 126.884465176, 491.55275
37, 37899, 1.5, 70.0, 1573908820, 2019-11-16 12:53:40, 0, 18, 19.3705650402, 124.578770897, 490.49278125
38, 37900, 1.5, 70.0, 1573909000, 2019-11-16 12:56:40, 12, 16, 30.712126599, 122.035713885, 490.87878125
39, 37901, 1.5, 70.0, 1573909180, 2019-11-16 12:59:40, 403, 14, 42.0285274483, 119.007044083, 492.37528125
40, 37902, 0.002, 70.0, 1573909358, 2019-11-16 13:02:38, 2, 12, 53.1599736052, 115.031696401, 494.496125
41, 37903, 0.002, 70.0, 1573909538, 2019-11-16 13:05:38, 0, 10, 64.2662812508, 108.680952361, 496.7895625
42, 37904, 0.002, 70.0, 1573909718, 2019-11-16 13:08:38, 31, 8, 74.8737357852, 94.9712737172, 498.7731875
43, 37905, 0.002, 70.0, 1573909898, 2019-11-16 13:11:38, 1, 6, 82.4450141395, 46.4423118026, 500.106875
44, 37906, 0.002, 70.0, 1573910078, 2019-11-16 13:14:38, 0, 5, 77.8760273968, -21.2200573238, 500.6275
45, 37907, 0.002, 70.0, 1573910258, 2019-11-16 13:17:38, 19, 4, 67.6774894577, -40.5316641712, 500.373375
46, 37908, 0.002, 70.0, 1573910438, 2019-11-16 13:20:38, 0, 4, 56.6749358007, -48.2682467638, 499.572625
47, 37910, 1.5, 70.0, 1573910980, 2019-11-16 13:29:40, 17, 7, 22.7456039804, -58.729572816, 497.91321875
48, 37911, 1.5, 70.0, 1573911160, 2019-11-16 13:32:40, 3, 8, 11.422900574, -61.0840346452, 498.99715625
49, 37912, 0.002, 70.0, 1573911338, 2019-11-16 13:35:38, 0, 9, 0.227643027972, -63.2878976335, 501.298875
50, 37913, 0.002, 70.0, 1573911518, 2019-11-16 13:38:38, 0, 11, -11.0837885119, -65.5133235289, 504.8585
51, 37914, 0.002, 70.0, 1573911698, 2019-11-16 13:41:38, 13, 13, -22.3780117371, -67.8576015461, 509.43565625
52, 37915, 0.002, 70.0, 1573913169, 2019-11-16 14:06:09, 0, 24, -63.5044214603, 124.030293047, 523.62603125
53, 37916, 0.002, 70.0, 1573913423, 2019-11-16 14:10:23, 2, 25, -47.8763031885, 116.18489188, 515.79175
54, 37917, 0.002, 70.0, 1573913603, 2019-11-16 14:13:23, 0, 26, -36.651317591, 112.74540669, 509.53121875
55, 37918, 1.5, 70.0, 1573913785, 2019-11-16 14:16:25, 368, 26, -25.2455198107, 109.969276302, 503.36290625
56, 37919, 1.5, 70.0, 1573913965, 2019-11-16 14:19:25, 14, 25, -13.9319014096, 107.568000357, 498.03603125
57, 37920, 1.5, 70.0, 1573914145, 2019-11-16 14:22:25, 7, 23, -2.59757216744, 105.321551139, 493.9569375
58, 37921, 1.5, 70.0, 1573914325, 2019-11-16 14:25:25, 7, 21, 8.74851866048, 103.100756112, 491.40934375
59, 37922, 1.5, 70.0, 1573914505, 2019-11-16 14:28:25, 12, 19, 20.0975550075, 100.784953153, 490.453375
60, 37923, 0.002, 70.0, 1573914683, 2019-11-16 14:31:23, 0, 17, 31.3123055665, 98.2504748581, 490.915875
61, 37924, 0.002, 70.0, 1573915043, 2019-11-16 14:37:23, 5, 13, 53.8777411095, 91.0780454002, 494.63890625
62, 37925, 0.002, 70.0, 1573915223, 2019-11-16 14:40:23, 0, 11, 64.9679260936, 84.4817628894, 496.93228125
63, 37926, 0.002, 70.0, 1573915403, 2019-11-16 14:43:23, 17, 9, 75.5102752648, 69.8447631226, 498.88959375
64, 37927, 0.002, 70.0, 1573915583, 2019-11-16 14:46:23, 0, 7, 82.5841041118, 17.2128075364, 500.18034375
65, 37928, 0.002, 70.0, 1573915763, 2019-11-16 14:49:23, 0, 5, 77.2852365242, -46.9388665552, 500.6538125
66, 37929, 0.002, 70.0, 1573916754, 2019-11-16 15:05:54, 0, 7, 16.4226092911, -83.7083327585, 498.404375
67, 37930, 0.002, 70.0, 1573916934, 2019-11-16 15:08:54, 0, 8, 5.0998520969, -85.9756482041, 500.17384375
68, 37931, 0.002, 70.0, 1573917114, 2019-11-16 15:11:54, 3, 10, -6.21653082322, -88.188417759, 503.21171875
69, 37932, 0.002, 70.0, 1573917294, 2019-11-16 15:14:54, 0, 11, -17.5190766339, -90.4649812808, 507.38659375
70, 37933, 0.002, 70.0, 1573918026, 2019-11-16 15:27:06, 21, 17, -63.0042467075, -105.832217062, 526.988875
71, 37934, 0.002, 70.0, 1573918206, 2019-11-16 15:30:06, 30, 19, -73.6209219972, -117.92954076, 529.56425
72, 37935, 0.002, 70.0, 1573918386, 2019-11-16 15:33:06, 149, 21, -81.9495931984, -158.301709769, 530.31575
73, 37936, 0.002, 70.0, 1573918566, 2019-11-16 15:36:06, 0, 23, -79.1177557877, 128.639209075, 529.0861875
74, 37937, 0.002, 70.0, 1573918746, 2019-11-16 15:39:06, 0, 24, -69.2796605915, 105.726103243, 525.9566875
75, 37938, 0.002, 70.0, 1573918926, 2019-11-16 15:42:06, 0, 26, -58.4103707554, 97.157535308, 521.23896875
76, 37939, 0.002, 70.0, 1573919106, 2019-11-16 15:45:06, 0, 27, -47.2844399762, 92.3359613395, 515.4339375
77, 37940, 0.002, 70.0, 1573919286, 2019-11-16 15:48:06, 0, 27, -36.0555338501, 88.9468761153, 509.163625
78, 37941, 1.5, 70.0, 1573919468, 2019-11-16 15:51:08, 47, 26, -24.6474274659, 86.1957168991, 503.0215625
79, 37942, 1.5, 70.0, 1573919648, 2019-11-16 15:54:08, 23, 25, -13.3323414279, 83.8065098976, 497.751375
80, 37943, 1.5, 70.0, 1573919828, 2019-11-16 15:57:08, 1, 23, -1.99706855243, 81.5644046802, 493.7505625
81, 37944, 1.5, 70.0, 1573920008, 2019-11-16 16:00:08, 6, 21, 9.34950700547, 79.3416835396, 491.2914375
82, 37945, 1.5, 70.0, 1573920188, 2019-11-16 16:03:08, 4, 19, 20.6985040789, 77.0170628068, 490.421875
83, 37946, 1.5, 70.0, 1573920368, 2019-11-16 16:06:08, 6, 17, 32.0383649205, 74.4329222064, 490.9695625
84, 37947, 0.002, 70.0, 1573920546, 2019-11-16 16:09:06, 0, 15, 43.2247257983, 71.3610104767, 492.558125
85, 37948, 0.002, 70.0, 1573920726, 2019-11-16 16:12:06, 0, 13, 54.4706630011, 67.1717822517, 494.7573125
86, 37949, 0.002, 70.0, 1573920906, 2019-11-16 16:15:06, 0, 11, 65.5465728898, 60.3588393102, 497.050375
87, 37950, 0.002, 70.0, 1573921086, 2019-11-16 16:18:06, 0, 9, 76.0293423209, 44.8797865019, 498.98603125
88, 37951, 0.002, 70.0, 1573921266, 2019-11-16 16:21:06, 0, 7, 82.6457397388, -11.1700290417, 500.24190625
89, 37952, 1.5, 70.0, 1573922378, 2019-11-16 16:39:38, 32, 7, 19.5347832784, -106.698483124, 498.1680625
90, 37953, 1.5, 70.0, 1573922558, 2019-11-16 16:42:38, 8, 8, 8.21183569274, -109.00297529, 499.5924375
91, 37955, 0.002, 70.0, 1573923096, 2019-11-16 16:51:36, 0, 12, -25.5760224193, -115.84474846, 510.90490625
92, 37956, 0.002, 70.0, 1573923922, 2019-11-16 17:05:22, 154, 18, -75.9633217124, -146.767514677, 529.9053125
93, 37957, 0.002, 70.0, 1573924102, 2019-11-16 17:08:22, 0, 20, -82.6326804172, 158.408356343, 530.188
94, 37958, 0.002, 70.0, 1573924282, 2019-11-16 17:11:22, 0, 22, -77.0136818632, 96.7074804832, 528.487625
95, 37959, 0.002, 70.0, 1573924462, 2019-11-16 17:14:22, 0, 23, -66.7538224858, 79.4498054342, 524.942
96, 37960, 0.002, 70.0, 1573924642, 2019-11-16 17:17:22, 1, 25, -55.7962353792, 72.1736527236, 519.91265625
97, 37961, 0.002, 70.0, 1573924822, 2019-11-16 17:20:22, 0, 25, -44.6383290695, 67.80647075, 513.93615625
98, 37962, 0.002, 70.0, 1573925002, 2019-11-16 17:23:22, 0, 25, -33.3937579045, 64.6198323328, 507.6511875
99, 37963, 1.5, 70.0, 1573925184, 2019-11-16 17:26:24, 32, 25, -21.9764171045, 61.969821388, 501.64890625
100, 37964, 1.5, 70.0, 1573925364, 2019-11-16 17:29:24, 6, 23, -10.6555501652, 59.6287398993, 496.644375
101, 37965, 1.5, 70.0, 1573925544, 2019-11-16 17:32:24, 10, 21, 0.683260161328, 57.401838683, 492.994125
102, 37966, 1.5, 70.0, 1573925724, 2019-11-16 17:35:24, 4, 20, 12.0313543157, 55.1665431642, 490.91878125
103, 37967, 1.5, 70.0, 1573925904, 2019-11-16 17:38:24, 6, 17, 23.3794848089, 52.7972666547, 490.41225
104, 37968, 0.002, 70.0, 1573926441, 2019-11-16 17:47:21, 0, 11, 57.0481236765, 42.2892801652, 495.29325
105, 37969, 0.002, 70.0, 1573926622, 2019-11-16 17:50:22, 10, 9, 68.1099360548, 34.2978119882, 497.5588125
106, 37970, 0.002, 70.0, 1573926802, 2019-11-16 17:53:22, 0, 8, 78.2431568948, 14.0071820471, 499.3635
107, 37971, 0.002, 70.0, 1573926982, 2019-11-16 17:56:22, 0, 6, 82.3210803571, -55.6701193513, 500.437
108, 37972, 0.002, 70.0, 1573927162, 2019-11-16 17:59:22, 0, 5, 74.4670458315, -101.639717177, 500.68571875
109, 37973, 0.002, 70.0, 1573927342, 2019-11-16 18:02:22, 25, 5, 63.8307952196, -114.803800309, 500.2175625
110, 37974, 0.002, 70.0, 1573927522, 2019-11-16 18:05:22, 3, 5, 52.7288828007, -121.005953584, 499.31784375
111, 37975, 0.002, 70.0, 1573927702, 2019-11-16 18:08:22, 1, 6, 41.4867500133, -124.960674095, 498.3941875
112, 37976, 1.5, 70.0, 1573927884, 2019-11-16 18:11:24, 477, 6, 30.0646963827, -127.983825104, 497.898875
113, 37977, 1.5, 70.0, 1573928064, 2019-11-16 18:14:24, 20, 8, 18.746893637, -130.504492756, 498.2613125
114, 37978, 1.5, 70.0, 1573928244, 2019-11-16 18:17:24, 16, 9, 7.42406301832, -132.798548393, 499.769875
115, 37979, 1.5, 70.0, 1573928424, 2019-11-16 18:20:24, 5, 10, -3.89405220853, -135.012813759, 502.54484375
116, 37980, 1.5, 70.0, 1573928604, 2019-11-16 18:23:24, 4, 12, -15.1998807788, -137.266175128, 506.4986875
117, 37981, 0.002, 70.0, 1573928782, 2019-11-16 18:26:22, 0, 13, -26.3601554566, -139.662150847, 511.28021875
118, 37982, 0.002, 70.0, 1573928962, 2019-11-16 18:29:22, 0, 14, -37.6140361695, -142.448512858, 516.535125
119, 37983, 0.002, 70.0, 1573929864, 2019-11-16 18:44:24, 0, 20, -81.1468957068, 95.2888365324, 529.576625
120, 37984, 0.002, 70.0, 1573930044, 2019-11-16 18:47:24, 0, 22, -72.1317085319, 62.2926092979, 526.931625
121, 37985, 0.002, 70.0, 1573930224, 2019-11-16 18:50:24, 9, 24, -61.4039811965, 51.6587219315, 522.59440625
122, 37986, 0.002, 70.0, 1573930404, 2019-11-16 18:53:24, 0, 25, -50.3237751188, 46.1735745947, 517.0206875
123, 37987, 0.002, 70.0, 1573930584, 2019-11-16 18:56:24, 4, 26, -39.1157010696, 42.502194237, 510.8076875
124, 37988, 0.002, 70.0, 1573930764, 2019-11-16 18:59:24, 0, 26, -27.8447517141, 39.6413558432, 504.61253125
125, 37989, 1.5, 70.0, 1573930946, 2019-11-16 19:02:26, 42, 24, -16.4112831299, 37.15550508, 499.00628125
126, 37990, 1.5, 70.0, 1573931126, 2019-11-16 19:05:26, 35, 23, -5.08033952711, 34.887240238, 494.62859375
127, 37991, 1.5, 70.0, 1573931306, 2019-11-16 19:08:26, 8, 21, 6.26419956721, 32.6707926262, 491.74275
128, 37992, 1.5, 70.0, 1573931486, 2019-11-16 19:11:26, 2, 19, 17.6136884142, 30.3870198398, 490.45834375
129, 37993, 1.5, 70.0, 1573931666, 2019-11-16 19:14:26, 1, 17, 28.957614926, 27.8933006987, 490.66009375
130, 37995, 0.002, 70.0, 1573932426, 2019-11-16 19:27:06, 0, 7, 75.652903275, -1.42834399336, 498.94084375
131, 37996, 0.002, 70.0, 1573932606, 2019-11-16 19:30:06, 0, 6, 82.6058241133, -54.9949858878, 500.2395
132, 37997, 0.002, 70.0, 1573932786, 2019-11-16 19:33:06, 0, 5, 77.1498894956, -118.302264183, 500.71821875
133, 37998, 0.002, 70.0, 1573932966, 2019-11-16 19:36:06, 883, 5, 66.8283330195, -135.91946673, 500.43025
134, 37999, 0.002, 70.0, 1573933146, 2019-11-16 19:39:06, 1, 4, 55.8001559078, -143.25879186, 499.61621875
135, 38000, 0.002, 70.0, 1573933326, 2019-11-16 19:42:06, 4, 5, 44.5839573486, -147.641546665, 498.6569375
136, 38001, 0.002, 70.0, 1573933506, 2019-11-16 19:45:06, 0, 7, 33.2981284259, -150.831955346, 498.00165625
137, 38002, 0.002, 70.0, 1573933686, 2019-11-16 19:48:06, 0, 8, 21.9843811051, -153.454720666, 498.0844375
138, 38003, 0.002, 70.0, 1573933866, 2019-11-16 19:51:06, 0, 9, 10.6619312694, -155.796150495, 499.242875
139, 38004, 0.002, 70.0, 1573934046, 2019-11-16 19:54:06, 4, 11, -0.658245127105, -158.020688466, 501.65246875
140, 38005, 0.002, 70.0, 1573934226, 2019-11-16 19:57:06, 0, 12, -11.9682467829, -160.250704248, 505.28653125
141, 38006, 0.002, 70.0, 1573934406, 2019-11-16 20:00:06, 0, 13, -23.2604551023, -162.610261399, 509.90809375
142, 38007, 0.002, 70.0, 1573935183, 2019-11-16 20:13:03, 632, 18, -71.1351019699, 175.177631885, 529.07625
143, 38008, 0.002, 70.0, 1573935363, 2019-11-16 20:16:03, 6, 20, -80.4929529052, 146.291313889, 530.2713125
144, 38009, 0.002, 70.0, 1573935543, 2019-11-16 20:19:03, 0, 22, -80.9478639944, 69.7851902127, 529.5034375
145, 38010, 0.002, 70.0, 1573935723, 2019-11-16 20:22:03, 0, 24, -71.8138451884, 38.1639756806, 526.7963125
146, 38011, 0.002, 70.0, 1573935903, 2019-11-16 20:25:03, 15, 24, -61.0672118893, 27.8029833997, 522.4091875
147, 38012, 0.002, 70.0, 1573936083, 2019-11-16 20:28:03, 0, 25, -49.9811216036, 22.4017551822, 516.80325
148, 38013, 0.002, 70.0, 1573936263, 2019-11-16 20:31:03, 44, 26, -38.7703667052, 18.765251478, 510.5790625
149, 38014, 0.002, 70.0, 1573936443, 2019-11-16 20:34:03, 32, 26, -27.4978822647, 15.921254623, 504.39421875
150, 38015, 0.002, 70.0, 1573936623, 2019-11-16 20:37:03, 0, 25, -16.1892131894, 13.4697656878, 498.87346875
151, 38016, 1.5, 70.0, 1573936805, 2019-11-16 20:40:05, 10, 23, -4.7318146106, 11.1790090329, 494.4844375
152, 38017, 1.5, 70.0, 1573936985, 2019-11-16 20:43:05, 19, 21, 6.61310868185, 8.96227113808, 491.6508125
153, 38018, 1.5, 70.0, 1573937165, 2019-11-16 20:46:05, 0, 19, 17.9626871751, 6.67439255417, 490.4195
154, 38019, 1.5, 70.0, 1573937345, 2019-11-16 20:49:05, 0, 17, 29.3062994981, 4.1712801954, 490.6684375
155, 38020, 1.5, 70.0, 1573937525, 2019-11-16 20:52:05, 10, 15, 40.6274541592, 1.22258881351, 492.0814375
156, 38021, 0.002, 70.0, 1573937703, 2019-11-16 20:55:03, 0, 13, 51.7694939394, -2.58529106042, 494.18228125
157, 38022, 0.002, 70.0, 1573937883, 2019-11-16 20:58:03, 3, 11, 62.9039317192, -8.50686486013, 496.51803125
158, 38023, 0.002, 70.0, 1573938063, 2019-11-16 21:01:03, 0, 9, 73.6190300348, -20.6653810765, 498.59571875
159, 38025, 0.002, 70.0, 1573941138, 2019-11-16 21:52:18, 0, 18, -82.6509306826, 79.7443505119, 530.06575
160, 38026, 0.002, 70.0, 1573941318, 2019-11-16 21:55:18, 0, 21, -76.1935127478, 23.3790118183, 528.1800625
161, 38027, 0.002, 70.0, 1573941498, 2019-11-16 21:58:18, 10, 23, -65.8206000793, 7.68710470228, 524.47475
162, 38028, 0.002, 70.0, 1573941678, 2019-11-16 22:01:18, 10, 24, -54.8361703292, 0.800020377544, 519.32915625
163, 38029, 0.002, 70.0, 1573941858, 2019-11-16 22:04:18, 77, 24, -43.6677318678, -3.42319326792, 513.29253125
164, 38030, 0.002, 70.0, 1573942038, 2019-11-16 22:07:18, 93, 24, -32.4176521553, -6.54401747643, 507.00859375
165, 38031, 0.002, 70.0, 1573942218, 2019-11-16 22:10:18, 0, 23, -21.1225512508, -9.1339880702, 501.1275
166, 38032, 1.5, 70.0, 1573942400, 2019-11-16 22:13:20, 7, 22, -9.6737403542, -11.4866697814, 496.170125
167, 38033, 1.5, 70.0, 1573942580, 2019-11-16 22:16:20, 5, 20, 1.66652336186, -13.7097110871, 492.6595625
168, 38034, 1.5, 70.0, 1573942760, 2019-11-16 22:19:20, 0, 18, 13.0152925844, -15.951346729, 490.73603125
169, 38035, 0.002, 70.0, 1573943298, 2019-11-16 22:28:18, 0, 12, 46.8678599086, -24.3903920795, 493.19278125
170, 38036, 0.002, 70.0, 1573943478, 2019-11-16 22:31:18, 0, 10, 58.0763062031, -29.169958677, 495.503875
171, 38037, 0.002, 70.0, 1573943658, 2019-11-16 22:34:18, 0, 8, 69.0420588009, -37.6403392279, 497.75346875
172, 38038, 0.002, 70.0, 1573943838, 2019-11-16 22:37:18, 0, 6, 79.0006795152, -60.2488596042, 499.52334375
173, 38039, 0.002, 70.0, 1573944018, 2019-11-16 22:40:18, 0, 5, 81.9737379171, -133.481307762, 500.5445625
174, 38040, 0.002, 70.0, 1573944198, 2019-11-16 22:43:18, 45, 4, 73.5868256929, -174.303039822, 500.7403125
175, 38041, 0.002, 70.0, 1573944378, 2019-11-16 22:46:18, 3, 4, 62.8787214909, 173.580200902, 500.234625
176, 38042, 0.002, 70.0, 1573944558, 2019-11-16 22:49:18, 3, 4, 51.7583504858, 167.67098078, 499.3255
177, 38043, 0.002, 70.0, 1573944738, 2019-11-16 22:52:18, 0, 4, 40.5096743771, 163.832113939, 498.42740625
178, 38044, 1.5, 70.0, 1573944920, 2019-11-16 22:55:20, 20, 5, 29.0851550483, 160.864068896, 497.9930625
179, 38045, 1.5, 70.0, 1573945280, 2019-11-16 23:01:20, 38, 8, 6.44431549758, 156.088523572, 500.05346875
180, 38046, 1.5, 70.0, 1573945460, 2019-11-16 23:04:20, 3, 9, -4.87272952401, 153.875528621, 502.927125
181, 38047, 1.5, 70.0, 1573945640, 2019-11-16 23:07:20, 7, 10, -16.1768881131, 151.613110421, 506.958625
182, 38048, 1.5, 70.0, 1573945820, 2019-11-16 23:10:20, 36, 12, -27.4599798374, 149.166126849, 511.83771875
183, 38049, 1.5, 70.0, 1573946000, 2019-11-16 23:13:20, 137, 13, -38.709663399, 146.328825287, 517.08584375
184, 38050, 0.002, 70.0, 1573946178, 2019-11-16 23:16:18, 0, 15, -49.7776297777, 142.751622993, 522.066875
185, 38051, 0.002, 70.0, 1573947023, 2019-11-16 23:30:23, 42, 21, -74.4751191151, -4.37925091786, 527.6300625
186, 38052, 0.002, 70.0, 1573947203, 2019-11-16 23:33:23, 1, 23, -63.9199086977, -17.4983350569, 523.634875
187, 38053, 0.002, 70.0, 1573947383, 2019-11-16 23:36:23, 126, 23, -52.8888731518, -23.7046171813, 518.28640625
188, 38054, 0.002, 70.0, 1573947563, 2019-11-16 23:39:23, 60, 24, -41.7016345947, -27.6667552768, 512.15640625
189, 38055, 0.002, 70.0, 1573947743, 2019-11-16 23:42:23, 80, 24, -30.4417399003, -30.6661184447, 505.8964375
190, 38056, 0.002, 70.0, 1573947923, 2019-11-16 23:45:23, 15, 23, -19.1406933162, -33.1953033431, 500.1485
191, 38057, 1.5, 70.0, 1573948105, 2019-11-16 23:48:25, 421, 22, -7.68805153725, -35.5198455287, 495.4136875
192, 38058, 1.5, 70.0, 1573948285, 2019-11-16 23:51:25, 90, 20, 3.6544192904, -37.7377138198, 492.17621875
193, 38059, 1.5, 70.0, 1573948465, 2019-11-16 23:54:25, 13, 18, 15.0038594723, -39.994975227, 490.53875
194, 38060, 1.5, 70.0, 1573948645, 2019-11-16 23:57:25, 50, 16, 26.3504275597, -42.4248218541, 490.43590625
195, 38061, 1.5, 70.0, 1573948825, 2019-11-17 00:00:25, 18, 14, 37.6797255138, -45.2263127343, 491.596875
196, 38062, 0.002, 70.0, 1573949003, 2019-11-17 00:03:23, 0, 12, 48.8404424463, -48.7321634574, 493.57353125
197, 38063, 0.002, 70.0, 1573949183, 2019-11-17 00:06:23, 5, 10, 60.0230467201, -53.9130463573, 495.91546875
198, 38064, 0.002, 70.0, 1573949363, 2019-11-17 00:09:23, 0, 8, 70.9064887082, -63.6066284111, 498.114625
199, 38065, 0.002, 70.0, 1573949543, 2019-11-17 00:12:23, 0, 6, 80.3996320306, -92.1150593614, 499.77425
200, 38066, 0.002, 70.0, 1573949723, 2019-11-17 00:15:23, 0, 4, 80.9753759964, -169.0545722, 500.65659375
201, 38067, 0.002, 70.0, 1573949903, 2019-11-17 00:18:23, 50, 4, 71.7734446194, 159.021447783, 500.72025
202, 38068, 0.002, 70.0, 1573950083, 2019-11-17 00:21:23, 2, 3, 60.9467819939, 148.650515869, 500.1224375
203, 38069, 1.5, 70.0, 1573950265, 2019-11-17 00:24:25, 89, 3, 49.6689648831, 143.211076158, 499.17546875
204, 38070, 1.5, 70.0, 1573950445, 2019-11-17 00:27:25, 86, 4, 38.4073558113, 139.595392578, 498.3315
205, 38071, 1.5, 70.0, 1573950625, 2019-11-17 00:30:25, 3, 6, 27.1033637081, 136.763842035, 498.03246875
206, 38072, 1.5, 70.0, 1573950805, 2019-11-17 00:33:25, 4, 7, 15.7835016603, 134.320259898, 498.66890625
207, 38073, 1.5, 70.0, 1573950985, 2019-11-17 00:36:25, 28, 8, 4.46152652282, 132.059385321, 500.49640625
208, 38074, 1.5, 70.0, 1573951165, 2019-11-17 00:39:25, 47, 9, -6.85369313071, 129.846267426, 503.58296875
209, 38075, 0.002, 70.0, 1573951343, 2019-11-17 00:42:23, 0, 11, -18.0292712742, 127.588657679, 507.7343125
210, 38076, 0.002, 70.0, 1573951523, 2019-11-17 00:45:23, 0, 12, -29.3078499511, 125.094778029, 512.704875
211, 38077, 0.002, 70.0, 1573952656, 2019-11-17 01:04:16, 21, 21, -76.6679103667, -22.550182023, 528.2724375
212, 38078, 0.002, 70.0, 1573952836, 2019-11-17 01:07:16, 14, 22, -66.3575554008, -39.1154483526, 524.64075
213, 38079, 0.002, 70.0, 1573953016, 2019-11-17 01:10:16, 108, 24, -55.3878788593, -46.2215771642, 519.5475625
214, 38080, 0.002, 70.0, 1573953196, 2019-11-17 01:13:16, 13, 25, -44.225003587, -50.5262799823, 513.53553125
215, 38081, 0.002, 70.0, 1573953376, 2019-11-17 01:16:16, 228, 25, -32.9776354596, -53.6844604164, 507.2459375
216, 38082, 0.002, 70.0, 1573953556, 2019-11-17 01:19:16, 28, 24, -21.6840457345, -56.2930940752, 501.330875
217, 38083, 0.002, 70.0, 1573953736, 2019-11-17 01:22:16, 62, 23, -10.3620321771, -58.6295378654, 496.364625
218, 38084, 1.5, 70.0, 1573953918, 2019-11-17 01:25:18, 0, 21, 1.10371353317, -60.8798256494, 492.73646875
219, 38085, 1.5, 70.0, 1573954098, 2019-11-17 01:28:18, 9, 19, 12.4524525535, -63.1177644515, 490.7411875
220, 38086, 1.5, 70.0, 1573954278, 2019-11-17 01:31:18, 5, 17, 23.8007657542, -65.4949366597, 490.3154375
221, 38087, 1.5, 70.0, 1573954458, 2019-11-17 01:34:18, 10, 15, 35.1356883691, -68.1891457586, 491.2308125
222, 38088, 0.002, 70.0, 1573954636, 2019-11-17 01:37:16, 0, 13, 46.3094714535, -71.4793025229, 493.0680625
223, 38089, 0.002, 70.0, 1573954816, 2019-11-17 01:40:16, 20, 11, 57.5244883899, -76.1568414621, 495.38325
224, 38090, 0.002, 70.0, 1573954996, 2019-11-17 01:43:16, 0, 9, 68.5101919703, -84.3287051803, 497.66046875
225, 38091, 0.002, 70.0, 1573955176, 2019-11-17 01:46:16, 0, 7, 78.5722217486, -105.569855836, 499.4751875
226, 38092, 0.002, 70.0, 1573955356, 2019-11-17 01:49:16, 0, 5, 82.18578797, -176.895301517, 500.54928125
227, 38093, 0.002, 70.0, 1573955536, 2019-11-17 01:52:16, 451, 5, 74.091774748, 139.392003205, 500.7954375
228, 38094, 0.002, 70.0, 1573955716, 2019-11-17 01:55:16, 3, 5, 63.4238115678, 126.693547728, 500.32771875
229, 38095, 1.5, 70.0, 1573955898, 2019-11-17 01:58:18, 384, 5, 52.1896940073, 120.568452647, 499.42540625
230, 38096, 1.5, 70.0, 1573956078, 2019-11-17 02:01:18, 71, 5, 40.9442110121, 116.679206331, 498.52259375
231, 38097, 1.5, 70.0, 1573956258, 2019-11-17 02:04:18, 3, 6, 29.6468151641, 113.716919137, 498.0643125
232, 38098, 1.5, 70.0, 1573956438, 2019-11-17 02:07:18, 13, 7, 18.3291558523, 111.208101863, 498.4616875
233, 38099, 1.5, 70.0, 1573956618, 2019-11-17 02:10:18, 22, 9, 7.00688616293, 108.919353284, 500.00615625
234, 38100, 1.5, 70.0, 1573956798, 2019-11-17 02:13:18, 10, 10, -4.31041242943, 106.705784597, 502.81115625
235, 38101, 1.5, 70.0, 1573956978, 2019-11-17 02:16:18, 6, 12, -15.6152160445, 104.448734925, 506.782
236, 38102, 0.002, 70.0, 1573957156, 2019-11-17 02:19:16, 0, 13, -26.7742254297, 102.043552111, 511.561375
237, 38103, 0.002, 70.0, 1573957336, 2019-11-17 02:22:16, 1, 14, -38.0263507839, 99.2384548912, 516.79078125
238, 38104, 0.002, 70.0, 1573958289, 2019-11-17 02:38:09, 45, 20, -78.7091943622, -38.7672487239, 528.8235
239, 38105, 0.002, 70.0, 1573958469, 2019-11-17 02:41:09, 2, 21, -68.7680794228, -60.3359854972, 525.5738125
240, 38106, 0.002, 70.0, 1573958649, 2019-11-17 02:44:09, 85, 23, -57.8780121511, -68.6101312982, 520.76315625
241, 38107, 0.002, 70.0, 1573958829, 2019-11-17 02:47:09, 24, 24, -46.7443154469, -73.3311512217, 514.9013125
242, 38108, 0.002, 70.0, 1573959009, 2019-11-17 02:50:09, 12, 24, -35.5112599809, -76.6761134239, 508.61484375
243, 38109, 1.5, 70.0, 1573959191, 2019-11-17 02:53:11, 1985, 23, -24.1003856625, -79.4053477329, 502.4978125
244, 38110, 1.5, 70.0, 1573959371, 2019-11-17 02:56:11, 725, 22, -12.7832932565, -81.7840362431, 497.288625
245, 38111, 1.5, 70.0, 1573959551, 2019-11-17 02:59:11, 1, 21, -1.44652830481, -84.0225624414, 493.3761875
246, 38112, 1.5, 70.0, 1573959731, 2019-11-17 03:02:11, 14, 19, 9.90105502616, -86.2474077708, 491.02178125
247, 38113, 1.5, 70.0, 1573959911, 2019-11-17 03:05:11, 6, 17, 21.2504858166, -88.5805730702, 490.261
248, 38114, 0.002, 70.0, 1573960269, 2019-11-17 03:11:09, 1, 13, 43.7745560264, -94.2906043854, 492.58309375
249, 38115, 0.002, 70.0, 1573960449, 2019-11-17 03:14:09, 10, 11, 55.0156813609, -98.5585095594, 494.845875
250, 38116, 0.002, 70.0, 1573960629, 2019-11-17 03:17:09, 0, 9, 66.0776542487, -105.582594139, 497.17940625
251, 38117, 0.002, 70.0, 1573960809, 2019-11-17 03:20:09, 0, 7, 76.5002838641, -121.903071611, 499.13515625
252, 38118, 0.002, 70.0, 1573960989, 2019-11-17 03:23:09, 0, 5, 82.6586146454, 178.948128533, 500.39678125
253, 38119, 0.002, 70.0, 1573961169, 2019-11-17 03:26:09, 45, 4, 76.3201717757, 121.004874415, 500.83171875
254, 38120, 0.002, 70.0, 1573961349, 2019-11-17 03:29:09, 1, 3, 65.8819966497, 105.022204438, 500.50940625
255, 38121, 0.002, 70.0, 1573961529, 2019-11-17 03:32:09, 4, 3, 54.8282746305, 98.0826639404, 499.6841875
256, 38122, 0.002, 70.0, 1573961709, 2019-11-17 03:35:09, 2, 4, 43.6036817689, 93.8466967309, 498.745125
257, 38123, 1.5, 70.0, 1573961891, 2019-11-17 03:38:11, 8, 5, 32.1891959879, 90.6920782405, 498.139875
258, 38124, 1.5, 70.0, 1573962071, 2019-11-17 03:41:11, 14, 6, 20.8744992707, 88.1067286966, 498.31375
259, 38125, 1.5, 70.0, 1573962431, 2019-11-17 03:47:11, 4, 8, -1.76659491798, 83.5631434273, 502.10084375
260, 38126, 1.5, 70.0, 1573962611, 2019-11-17 03:50:11, 1, 10, -13.0747630415, 81.3263384367, 505.8245
261, 38127, 1.5, 70.0, 1573962791, 2019-11-17 03:53:11, 1, 11, -24.3643861343, 78.9462224169, 510.49675
262, 38128, 0.002, 70.0, 1573962969, 2019-11-17 03:56:09, 0, 13, -35.4998740556, 76.2768478858, 515.6221875
263, 38130, 0.002, 70.0, 1573963914, 2019-11-17 04:11:54, 25, 20, -80.8126194187, -49.5924462739, 529.363875
264, 38131, 0.002, 70.0, 1573964094, 2019-11-17 04:14:54, 14, 22, -71.6046296639, -80.3481528948, 526.5936875
265, 38132, 0.002, 70.0, 1573964274, 2019-11-17 04:17:54, 11, 23, -60.8456473828, -90.5365070218, 522.15575
266, 38133, 0.002, 70.0, 1573964634, 2019-11-17 04:23:54, 1, 23, -38.5423545002, -99.498159174, 510.2768125
267, 38134, 0.002, 70.0, 1573964814, 2019-11-17 04:26:54, 0, 23, -27.2683725407, -102.331314811, 504.0973125
268, 38135, 1.5, 70.0, 1573964996, 2019-11-17 04:29:56, 28, 22, -15.8327490318, -104.803290045, 498.545375
269, 38136, 1.5, 70.0, 1573965176, 2019-11-17 04:32:56, 14, 21, -4.50024601145, -107.066001943, 494.25146875
270, 38137, 1.5, 70.0, 1573965356, 2019-11-17 04:35:56, 3, 19, 6.84535731172, -109.283054027, 491.468125
271, 38138, 1.5, 70.0, 1573965536, 2019-11-17 04:38:56, 30, 17, 18.1953592767, -111.573790191, 490.29240625
272, 38139, 0.002, 70.0, 1573965714, 2019-11-17 04:41:54, 0, 15, 29.4130929209, -114.05353135, 490.58640625
273, 38140, 0.002, 70.0, 1573965894, 2019-11-17 04:44:54, 7, 13, 40.7341690347, -117.00812092, 492.03975
274, 38141, 0.002, 70.0, 1573966074, 2019-11-17 04:47:54, 10, 11, 52.0002518805, -120.879376519, 494.2041875
275, 38142, 0.002, 70.0, 1573966254, 2019-11-17 04:50:54, 9, 9, 63.1303183392, -126.868277628, 496.5735625
276, 38143, 0.002, 70.0, 1573966434, 2019-11-17 04:53:54, 0, 7, 73.8289422386, -139.26401912, 498.6755625
277, 38144, 0.002, 70.0, 1573966614, 2019-11-17 04:56:54, 1, 5, 82.081115321, 178.52124171, 500.15175
278, 38145, 0.002, 70.0, 1573966794, 2019-11-17 04:59:54, 39, 4, 78.7952274249, 106.176902559, 500.8165625
279, 38146, 0.002, 70.0, 1573966974, 2019-11-17 05:02:54, 17, 4, 68.7920807075, 84.2507863823, 500.6850625
280, 38147, 0.002, 70.0, 1573967154, 2019-11-17 05:05:54, 0, 4, 57.8289782231, 75.9288292571, 499.96528125
281, 38148, 1.5, 70.0, 1573967336, 2019-11-17 05:08:56, 42, 4, 46.5096916188, 71.1575801224, 499.0060625
282, 38149, 1.5, 70.0, 1573967516, 2019-11-17 05:11:56, 17, 4, 35.2324482439, 67.8230612795, 498.274875
283, 38150, 1.5, 70.0, 1573967696, 2019-11-17 05:14:56, 3, 5, 23.9224319139, 65.1288931617, 498.20390625
284, 38151, 1.5, 70.0, 1573967876, 2019-11-17 05:17:56, 11, 7, 12.601212366, 62.7530665008, 499.15246875
285, 38152, 1.5, 70.0, 1573968056, 2019-11-17 05:20:56, 30, 8, 1.28066046921, 60.5178119631, 501.32775
286, 38153, 1.5, 70.0, 1573968416, 2019-11-17 05:26:56, 38, 10, -21.3264477654, 55.9698963539, 509.18790625
287, 38154, 0.002, 70.0, 1573968594, 2019-11-17 05:29:54, 0, 12, -32.4710198383, 53.4088417929, 514.22121875
288, 38155, 0.002, 70.0, 1573968774, 2019-11-17 05:32:54, 0, 13, -43.6990824361, 50.2899178711, 519.4236875
289, 38157, 0.002, 70.0, 1573969743, 2019-11-17 05:49:03, 10, 20, -73.0077485948, -101.74309892, 527.050875
290, 38158, 0.002, 70.0, 1573969923, 2019-11-17 05:52:03, 4, 22, -62.3363225086, -113.200372421, 522.81196875
291, 38159, 0.002, 70.0, 1573970103, 2019-11-17 05:55:03, 9, 23, -51.2723791113, -118.93258136, 517.29903125
292, 38160, 0.002, 70.0, 1573970283, 2019-11-17 05:58:03, 2, 24, -40.0709542513, -122.705345631, 511.1013125
293, 38161, 0.002, 70.0, 1573970463, 2019-11-17 06:01:03, 0, 24, -28.8032458205, -125.614883274, 504.874875
294, 38162, 1.5, 70.0, 1573970645, 2019-11-17 06:04:05, 30, 23, -17.3714762459, -128.125264661, 499.19615625
295, 38163, 1.5, 70.0, 1573970825, 2019-11-17 06:07:05, 38, 21, -6.04131726113, -130.403761126, 494.719125
296, 38164, 1.5, 70.0, 1573971005, 2019-11-17 06:10:05, 25, 20, 5.30310358554, -132.62008921, 491.723125
297, 38165, 1.5, 70.0, 1573971185, 2019-11-17 06:13:05, 13, 18, 16.6531503736, -134.89335375, 490.33621875
298, 38166, 0.002, 70.0, 1573971363, 2019-11-17 06:16:03, 0, 16, 27.8725676595, -137.333192944, 490.451375
299, 38167, 0.002, 70.0, 1573971543, 2019-11-17 06:19:03, 2, 14, 39.1981585284, -140.207199943, 491.7771875
300, 38168, 0.002, 70.0, 1573971723, 2019-11-17 06:22:03, 6, 12, 50.4747701107, -143.909285416, 493.881125
301, 38169, 0.002, 70.0, 1573971903, 2019-11-17 06:25:03, 10, 10, 61.632191477, -149.479045136, 496.25890625
302, 38170, 0.002, 70.0, 1573972083, 2019-11-17 06:28:03, 5, 8, 72.4298941005, -160.433056639, 498.42834375
303, 38171, 0.002, 70.0, 1573972263, 2019-11-17 06:31:03, 0, 6, 81.3769228177, 164.66726849, 500.0111875
304, 38172, 0.002, 70.0, 1573972443, 2019-11-17 06:34:03, 3, 5, 79.9175845998, 88.5001612531, 500.79578125
305, 38173, 0.002, 70.0, 1573972623, 2019-11-17 06:37:03, 13, 4, 70.2418703209, 62.3400313013, 500.76928125
306, 38174, 0.002, 70.0, 1573972803, 2019-11-17 06:40:03, 0, 4, 59.3382109728, 53.123281829, 500.11509375
307, 38175, 1.5, 70.0, 1573972985, 2019-11-17 06:43:05, 214, 4, 48.037717634, 48.0515146162, 499.16465625
308, 38176, 1.5, 70.0, 1573973345, 2019-11-17 06:49:05, 9, 7, 25.4607476091, 41.8314047738, 498.194125
309, 38177, 1.5, 70.0, 1573973525, 2019-11-17 06:52:05, 3, 8, 14.1403348774, 39.4246578465, 498.98671875
310, 38178, 1.5, 70.0, 1573973705, 2019-11-17 06:55:05, 7, 9, 2.81926986258, 37.1782940061, 500.987375
311, 38179, 1.5, 70.0, 1573973885, 2019-11-17 06:58:05, 27, 11, -8.49397714694, 34.9624201302, 504.23465625
312, 38180, 0.002, 70.0, 1573974063, 2019-11-17 07:01:03, 0, 13, -19.6665717785, 32.684251514, 508.50346875
313, 38181, 0.002, 70.0, 1573974243, 2019-11-17 07:04:03, 0, 14, -30.940681804, 30.1441246526, 513.5255
314, 38182, 0.002, 70.0, 1573974920, 2019-11-17 07:15:20, 8, 20, -72.4410477994, 7.72859297884, 529.2660625
315, 38183, 0.002, 70.0, 1573975100, 2019-11-17 07:18:20, 11, 22, -81.3298081728, -26.6484270056, 530.175625
316, 38184, 0.002, 70.0, 1573975280, 2019-11-17 07:21:20, 55, 23, -80.0444280428, -102.531917467, 529.1159375
317, 38185, 0.002, 70.0, 1573975460, 2019-11-17 07:24:20, 17, 25, -70.4974218487, -129.168234547, 526.142625
318, 38186, 0.002, 70.0, 1573975640, 2019-11-17 07:27:20, 1, 26, -59.680936205, -138.522042011, 521.54434375
319, 38187, 0.002, 70.0, 1573976000, 2019-11-17 07:33:20, 0, 27, -37.3504694147, -147.105677343, 509.5379375
320, 38188, 0.002, 70.0, 1573976180, 2019-11-17 07:36:20, 0, 26, -26.0715799642, -149.884129995, 503.40228125
321, 38189, 0.002, 70.0, 1573976360, 2019-11-17 07:39:20, 0, 25, -14.758633483, -152.303096131, 498.0125625
322, 38190, 0.002, 70.0, 1573976540, 2019-11-17 07:42:20, 0, 23, -3.42430424088, -154.556279915, 493.85659375
323, 38191, 0.002, 70.0, 1573976720, 2019-11-17 07:45:20, 0, 21, 7.9222962899, -156.775135169, 491.2326875
324, 38192, 0.002, 70.0, 1573976900, 2019-11-17 07:48:20, 0, 19, 19.2723810709, -159.079640994, 490.2159375
325, 38193, 0.002, 70.0, 1573977080, 2019-11-17 07:51:20, 0, 17, 30.6148783656, -161.61992495, 490.6583125
326, 38194, 0.002, 70.0, 1573977260, 2019-11-17 07:54:20, 1, 15, 41.9321739697, -164.642980337, 492.222875
327, 38195, 0.002, 70.0, 1573977620, 2019-11-17 08:00:20, 4, 11, 64.2949134038, -175.020332628, 496.82246875
328, 38196, 0.002, 70.0, 1573977800, 2019-11-17 08:03:20, 1, 9, 74.8996426927, 171.234440734, 498.88596875
329, 38197, 0.002, 70.0, 1573977980, 2019-11-17 08:06:20, 0, 7, 82.4518511589, 122.545205016, 500.2941875
330, 38198, 0.002, 70.0, 1573978160, 2019-11-17 08:09:20, 19, 6, 77.8534263008, 55.0166785686, 500.881625
331, 38199, 0.002, 70.0, 1573978340, 2019-11-17 08:12:20, 3, 5, 67.6515962106, 35.7630446593, 500.68434375
332, 38200, 0.002, 70.0, 1573978519, 2019-11-17 08:15:19, 3, 5, 56.7111904448, 28.0707507208, 499.9336875
333, 38201, 1.5, 70.0, 1573978702, 2019-11-17 08:18:22, 57, 5, 45.3173079295, 23.4780256556, 498.9755625
334, 38202, 1.5, 70.0, 1573978882, 2019-11-17 08:21:22, 10, 7, 34.035239026, 20.234995489, 498.29646875
335, 38203, 1.5, 70.0, 1573979062, 2019-11-17 08:24:22, 22, 8, 22.7234861203, 17.5861064028, 498.3181875
336, 38204, 1.5, 70.0, 1573979242, 2019-11-17 08:27:22, 1, 9, 11.4020898414, 15.2322114793, 499.38684375
337, 38205, 0.002, 70.0, 1573980807, 2019-11-17 08:53:27, 384, 23, -82.2447188422, -63.848321485, 530.111875
338, 38206, 0.002, 70.0, 1573980987, 2019-11-17 08:56:27, 56, 24, -78.5112828008, -134.1946937, 528.678625
339, 38207, 0.002, 70.0, 1573981167, 2019-11-17 08:59:27, 47, 25, -68.5245900091, -155.163552034, 525.369375
340, 38208, 0.002, 70.0, 1573981347, 2019-11-17 09:02:27, 4, 27, -57.6250082839, -163.304058354, 520.51315625
341, 38209, 0.002, 70.0, 1573981527, 2019-11-17 09:05:27, 2, 28, -46.4876471832, -167.978885708, 514.6238125
342, 38210, 0.002, 70.0, 1573981707, 2019-11-17 09:08:27, 0, 28, -35.2525768114, -171.303439305, 508.33015625
343, 38211, 1.5, 70.0, 1573981889, 2019-11-17 09:11:29, 0, 28, -23.8403245023, -174.022523953, 502.22640625
344, 38212, 1.5, 70.0, 1573982069, 2019-11-17 09:14:29, 24, 26, -12.5222161057, -176.396369859, 497.048375
345, 38213, 1.5, 70.0, 1573982249, 2019-11-17 09:17:29, 52, 25, -1.18468233084, -178.633297793, 493.180875
346, 38214, 1.5, 70.0, 1573982429, 2019-11-17 09:20:29, 0, 23, 10.1634290591, 179.140739867, 490.87965625
347, 38215, 0.002, 70.0, 1573982607, 2019-11-17 09:23:27, 0, 21, 21.3870212981, 176.830483022, 490.174
348, 38216, 0.002, 70.0, 1573982787, 2019-11-17 09:26:27, 0, 19, 32.7265269699, 174.223563741, 490.8616875
349, 38217, 0.002, 70.0, 1573982967, 2019-11-17 09:29:27, 4, 17, 44.0361454414, 171.066991816, 492.5931875
350, 38218, 0.002, 70.0, 1573983147, 2019-11-17 09:32:27, 1, 14, 55.2749007003, 166.760461923, 494.8905
351, 38219, 0.002, 70.0, 1573983327, 2019-11-17 09:35:27, 7, 12, 66.329940946, 159.631670543, 497.2475
352, 38220, 0.002, 70.0, 1573983507, 2019-11-17 09:38:27, 0, 10, 76.7219986347, 142.886396286, 499.2168125
353, 38221, 0.002, 70.0, 1573983687, 2019-11-17 09:41:27, 0, 8, 82.649933475, 82.2946885061, 500.484875
354, 38222, 0.002, 70.0, 1573983867, 2019-11-17 09:44:27, 13, 7, 76.0962235333, 25.8314953999, 500.92278125
355, 38223, 0.002, 70.0, 1573984048, 2019-11-17 09:47:28, 1, 7, 65.569795533, 10.1927203254, 500.60025
356, 38224, 0.002, 70.0, 1573984227, 2019-11-17 09:50:27, 0, 7, 54.5705511026, 3.40456093876, 499.78503125
357, 38225, 1.5, 70.0, 1573984409, 2019-11-17 09:53:29, 31, 8, 43.2189406281, -0.833253249916, 498.84834375
358, 38226, 1.5, 70.0, 1573984589, 2019-11-17 09:56:29, 35, 9, 31.9291877617, -3.93169679614, 498.26921875
359, 38227, 1.5, 70.0, 1573984769, 2019-11-17 09:59:29, 5, 9, 20.6146105729, -6.50858416256, 498.46315625
360, 38228, 1.5, 70.0, 1573984949, 2019-11-17 10:02:29, 16, 10, 9.29291974198, -8.82833539734, 499.75134375
361, 38229, 0.002, 70.0, 1573986631, 2019-11-17 10:30:31, 11, 23, -79.8699918417, -150.905857993, 529.0251875
362, 38230, 0.002, 70.0, 1573986811, 2019-11-17 10:33:31, 0, 25, -70.2601137562, -176.755829055, 526.0013125
363, 38231, 0.002, 70.0, 1573986991, 2019-11-17 10:36:31, 11, 26, -59.4322695079, 174.053232483, 521.363375
364, 38232, 0.002, 70.0, 1573987171, 2019-11-17 10:39:31, 1, 27, -48.3194697675, 169.024423745, 515.5994375
365, 38233, 0.002, 70.0, 1573987351, 2019-11-17 10:42:31, 0, 27, -37.095966321, 165.545548854, 509.32515625
366, 38234, 1.5, 70.0, 1573987533, 2019-11-17 10:45:33, 18, 27, -25.6903290501, 162.749911446, 503.134875
367, 38235, 1.5, 70.0, 1573987713, 2019-11-17 10:48:33, 68, 25, -14.3762607103, 160.339127877, 497.7823125
368, 38236, 1.5, 70.0, 1573987893, 2019-11-17 10:51:33, 5, 24, -3.04116349878, 158.089044999, 493.67965625
369, 38237, 1.5, 70.0, 1573988073, 2019-11-17 10:54:33, 25, 22, 8.30589593534, 155.8692745, 491.11778125
370, 38238, 1.5, 70.0, 1573988253, 2019-11-17 10:57:33, 16, 20, 19.6560908532, 153.559536749, 490.16378125
371, 38239, 1.5, 70.0, 1573988433, 2019-11-17 11:00:33, 22, 18, 30.9982056572, 151.007764416, 490.66203125
372, 38240, 1.5, 70.0, 1573988613, 2019-11-17 11:03:33, 94, 16, 42.3142786575, 147.961773254, 492.26978125
373, 38241, 0.002, 70.0, 1573988971, 2019-11-17 11:09:31, 0, 11, 64.5438942896, 137.504207221, 496.8811875
374, 38242, 0.002, 70.0, 1573989151, 2019-11-17 11:12:31, 5, 9, 75.126220558, 123.439686589, 498.9464375
375, 38243, 0.002, 70.0, 1573989331, 2019-11-17 11:15:31, 0, 7, 82.5080909365, 73.3049437859, 500.3496875
376, 38244, 0.002, 70.0, 1573989511, 2019-11-17 11:18:31, 2, 6, 77.6456382859, 6.98119824835, 500.929375
377, 38245, 0.002, 70.0, 1573989691, 2019-11-17 11:21:31, 14, 6, 67.4065631742, -11.761171669, 500.7256875
378, 38246, 0.002, 70.0, 1573989873, 2019-11-17 11:24:33, 0, 5, 56.2728767153, -19.4274690538, 499.9581875
379, 38247, 1.5, 70.0, 1573990053, 2019-11-17 11:27:33, 10, 6, 45.0623369678, -23.8854959584, 499.02109375
380, 38248, 1.5, 70.0, 1573990233, 2019-11-17 11:30:33, 15, 7, 33.7794689322, -27.1098472651, 498.35534375
381, 38249, 1.5, 70.0, 1573990413, 2019-11-17 11:33:33, 6, 8, 22.4675503944, -29.7494558318, 498.39678125
382, 38250, 0.002, 70.0, 1573991825, 2019-11-17 11:57:05, 16, 17, -65.6471679159, -55.2223799607, 527.7051875
383, 38251, 0.002, 70.0, 1573992185, 2019-11-17 12:03:05, 11, 21, -82.6391622667, -125.911982842, 529.969125
384, 38252, 0.002, 70.0, 1573992266, 2019-11-17 12:04:26, 4, 22, -81.3598883259, -162.552491659, 529.4086875
385, 38253, 0.002, 70.0, 1573992446, 2019-11-17 12:07:26, 0, 23, -72.4876979914, 162.821778697, 526.77025
386, 38254, 0.002, 70.0, 1573992626, 2019-11-17 12:10:26, 0, 25, -61.7811852235, 151.865991345, 522.437875
387, 38255, 0.002, 70.0, 1573992806, 2019-11-17 12:13:26, 6, 26, -50.70654575, 146.283254265, 516.863
388, 38256, 0.002, 70.0, 1573992986, 2019-11-17 12:16:26, 0, 26, -39.5001963236, 142.571592867, 510.64078125
389, 38257, 1.5, 70.0, 1573993168, 2019-11-17 12:19:28, 129, 26, -28.1041144874, 139.662164507, 504.36225
390, 38258, 1.5, 70.0, 1573993348, 2019-11-17 12:22:28, 56, 25, -16.7958432707, 137.195687576, 498.80071875
391, 38259, 1.5, 70.0, 1573993528, 2019-11-17 12:25:28, 16, 23, -5.46431184474, 134.92332462, 494.4016875
392, 38260, 1.5, 70.0, 1573993708, 2019-11-17 12:28:28, 8, 22, 5.88100290293, 132.706928235, 491.5008125
393, 38261, 1.5, 70.0, 1573993888, 2019-11-17 12:31:28, 89, 20, 17.2314266321, 130.4273526, 490.2138125
394, 38262, 1.5, 70.0, 1573994068, 2019-11-17 12:34:28, 8, 17, 28.5765193986, 127.943554308, 490.43065625
395, 38263, 1.5, 70.0, 1573994248, 2019-11-17 12:37:28, 158, 15, 39.9003292957, 125.033634175, 491.8438125
396, 38264, 0.002, 70.0, 1573994426, 2019-11-17 12:40:26, 4, 13, 51.0476351518, 121.306113078, 493.98025
397, 38265, 0.002, 70.0, 1573994606, 2019-11-17 12:43:26, 1, 11, 62.1952722721, 115.58587063, 496.38603125
398, 38266, 0.002, 70.0, 1573994786, 2019-11-17 12:46:26, 13, 9, 72.958147761, 104.12430094, 498.560625
399, 38267, 0.002, 70.0, 1573994966, 2019-11-17 12:49:26, 0, 7, 81.6681074423, 66.6287822127, 500.13190625
400, 38268, 0.002, 70.0, 1573995146, 2019-11-17 12:52:26, 0, 6, 79.5095354384, -8.44054286952, 500.8968125
401, 38269, 0.002, 70.0, 1573995326, 2019-11-17 12:55:26, 21, 5, 69.7002363198, -32.8937743969, 500.8520625
402, 38270, 0.002, 70.0, 1573995506, 2019-11-17 12:58:26, 0, 5, 58.7733953097, -41.7563341647, 500.18946875
403, 38271, 1.5, 70.0, 1573995688, 2019-11-17 13:01:28, 61, 6, 47.4660137251, -46.7108987464, 499.2465625
404, 38272, 1.5, 70.0, 1573995868, 2019-11-17 13:04:28, 64, 6, 36.1937324827, -50.1240911233, 498.485875
405, 38273, 1.5, 70.0, 1573996048, 2019-11-17 13:07:28, 4, 7, 24.8860145113, -52.8569795835, 498.343
406, 38274, 1.5, 70.0, 1573996228, 2019-11-17 13:10:28, 17, 8, 13.565754605, -55.2517224533, 499.18725
407, 38275, 1.5, 70.0, 1573996408, 2019-11-17 13:13:28, 22, 9, 2.24531369877, -57.4936159349, 501.241125
408, 38276, 0.002, 70.0, 1573996586, 2019-11-17 13:16:26, 1, 10, -8.9413519762, -59.686065677, 504.4901875
409, 38278, 0.002, 70.0, 1573998225, 2019-11-17 13:43:45, 0, 22, -66.2834546785, 131.697822427, 524.3819375
410, 38279, 0.002, 70.0, 1573998405, 2019-11-17 13:46:45, 0, 23, -55.3108821368, 124.622388485, 519.25196875
411, 38280, 0.002, 70.0, 1573998585, 2019-11-17 13:49:45, 0, 24, -44.1463232229, 120.329040857, 513.217125
412, 38281, 0.002, 70.0, 1573998765, 2019-11-17 13:52:45, 4, 24, -32.8976197934, 117.176047951, 506.92
413, 38282, 1.5, 70.0, 1573998947, 2019-11-17 13:55:47, 154, 24, -21.4771797951, 114.542907574, 500.95165625
414, 38283, 1.5, 70.0, 1573999127, 2019-11-17 13:58:47, 7, 23, -10.1538650867, 112.209619331, 496.021375
415, 38284, 1.5, 70.0, 1573999307, 2019-11-17 14:01:47, 7, 21, 1.18688965588, 109.984644228, 492.4768125
416, 38285, 1.5, 70.0, 1573999487, 2019-11-17 14:04:47, 13, 19, 12.5363955784, 107.746077049, 490.52725
417, 38286, 1.5, 70.0, 1573999667, 2019-11-17 14:07:47, 5, 17, 23.8852705622, 105.367217784, 490.154375
418, 38287, 0.002, 70.0, 1573999845, 2019-11-17 14:10:45, 0, 15, 35.0946799133, 102.702310196, 491.10978125
419, 38288, 0.002, 70.0, 1574000025, 2019-11-17 14:13:45, 0, 13, 46.394158969, 99.3727773914, 493.021125
420, 38289, 0.002, 70.0, 1574000205, 2019-11-17 14:16:45, 0, 11, 57.6083153016, 94.6800071303, 495.39259375
421, 38290, 0.002, 70.0, 1574000385, 2019-11-17 14:19:45, 5, 9, 68.5910067685, 86.4640750316, 497.72259375
422, 38291, 0.002, 70.0, 1574000565, 2019-11-17 14:22:45, 0, 7, 78.6378120552, 65.0238516825, 499.58534375
423, 38292, 0.002, 70.0, 1574000745, 2019-11-17 14:25:45, 15, 5, 82.1561244584, -6.60926798111, 500.7019375
424, 38293, 0.002, 70.0, 1574000925, 2019-11-17 14:28:45, 0, 4, 74.0165607049, -49.8766197093, 500.98471875
425, 38294, 0.002, 70.0, 1574001105, 2019-11-17 14:31:45, 32, 3, 63.343085562, -62.4848654627, 500.5474375
426, 38295, 0.002, 70.0, 1574001285, 2019-11-17 14:34:45, 0, 3, 52.2326046708, -68.5330935946, 499.67996875
427, 38296, 1.5, 70.0, 1574001467, 2019-11-17 14:37:47, 100, 3, 40.8629659119, -72.4640450463, 498.783625
428, 38297, 1.5, 70.0, 1574001647, 2019-11-17 14:40:47, 36, 5, 29.5662360073, -75.4216535603, 498.33471875
429, 38298, 1.5, 70.0, 1574001827, 2019-11-17 14:43:47, 6, 6, 18.2493877806, -77.9281144194, 498.73296875
430, 38299, 1.5, 70.0, 1574002007, 2019-11-17 14:46:47, 9, 8, 6.92797485302, -80.2157769985, 500.26890625
431, 38300, 1.5, 70.0, 1574002367, 2019-11-17 14:52:47, 456, 11, -15.6925047576, -84.6868188286, 506.99696875
432, 38301, 0.002, 70.0, 1574002545, 2019-11-17 14:55:45, 1, 12, -26.8508072182, -87.0936682088, 511.73746875
433, 38302, 0.002, 70.0, 1574002725, 2019-11-17 14:58:45, 3, 14, -38.1022683365, -89.9022078442, 516.918125
434, 38303, 0.002, 70.0, 1574003593, 2019-11-17 15:13:13, 6, 21, -81.9536913119, 157.953889216, 529.549625
435, 38304, 0.002, 70.0, 1574003773, 2019-11-17 15:16:13, 0, 23, -73.6245283371, 117.528308127, 527.1365
436, 38305, 0.002, 70.0, 1574003953, 2019-11-17 15:19:13, 0, 24, -62.9978263297, 105.421053335, 522.9916875
437, 38306, 0.002, 70.0, 1574004133, 2019-11-17 15:22:13, 4, 25, -51.9464504804, 99.4999213628, 517.54578125
438, 38307, 0.002, 70.0, 1574004313, 2019-11-17 15:25:13, 1, 25, -40.7502063189, 95.6509731622, 511.381
439, 38308, 1.5, 70.0, 1574004495, 2019-11-17 15:28:15, 204, 25, -29.3597388982, 92.6754763827, 505.0845
440, 38309, 1.5, 70.0, 1574004675, 2019-11-17 15:31:15, 12, 24, -18.0549647383, 90.176535562, 499.436875
441, 38310, 1.5, 70.0, 1574004855, 2019-11-17 15:34:15, 9, 22, -6.72573935503, 87.8903004924, 494.8996875
442, 38311, 1.5, 70.0, 1574005035, 2019-11-17 15:37:15, 0, 21, 4.61820039019, 85.6736650504, 491.8305625
443, 38312, 1.5, 70.0, 1574005215, 2019-11-17 15:40:15, 2, 19, 15.9682326641, 83.4074492652, 490.3703125
444, 38313, 1.5, 70.0, 1574005395, 2019-11-17 15:43:15, 0, 17, 27.3142645817, 80.9552815799, 490.43309375
445, 38314, 1.5, 70.0, 1574005575, 2019-11-17 15:46:15, 18, 15, 38.6412658846, 78.1087729229, 491.73084375
446, 38315, 0.002, 70.0, 1574005753, 2019-11-17 15:49:13, 0, 13, 49.7963376658, 74.5113396083, 493.80296875
447, 38316, 0.002, 70.0, 1574005933, 2019-11-17 15:52:13, 0, 11, 60.9644995046, 69.1102923907, 496.19678125
448, 38317, 0.002, 70.0, 1574006113, 2019-11-17 15:55:13, 3, 8, 71.7998364704, 58.7120807015, 498.4059375
449, 38318, 0.002, 70.0, 1574006293, 2019-11-17 15:58:13, 0, 6, 80.9951903752, 26.6508517228, 500.0433125
450, 38319, 0.002, 70.0, 1574006473, 2019-11-17 16:01:13, 0, 5, 80.3788067838, -50.2669650203, 500.88546875
451, 38320, 0.002, 70.0, 1574006653, 2019-11-17 16:04:13, 2, 5, 70.8824601027, -78.6557754527, 500.907
452, 38321, 0.002, 70.0, 1574007434, 2019-11-17 16:17:14, 0, 5, 22.4373712036, -100.677042994, 498.3718125
453, 38322, 1.5, 70.0, 1574007616, 2019-11-17 16:20:16, 47, 7, 10.9901952835, -103.051045995, 499.4713125
454, 38323, 1.5, 70.0, 1574007796, 2019-11-17 16:23:16, 14, 9, -0.329316263448, -105.276963664, 501.80234375
455, 38324, 1.5, 70.0, 1574007976, 2019-11-17 16:26:16, 3, 10, -11.6390214197, -107.504998692, 505.3518125
456, 38325, 0.002, 70.0, 1574008154, 2019-11-17 16:29:14, 0, 12, -22.8060170036, -109.831190368, 509.8363125
457, 38326, 0.002, 70.0, 1574008334, 2019-11-17 16:32:14, 0, 13, -34.0712921795, -112.47424135, 514.94603125
458, 38327, 0.002, 70.0, 1574009160, 2019-11-17 16:46:00, 23, 18, -81.9059824405, -175.847208989, 530.0458125
459, 38328, 0.002, 70.0, 1574009340, 2019-11-17 16:49:00, 0, 20, -79.1951145102, 110.783277757, 528.77
460, 38329, 0.002, 70.0, 1574009520, 2019-11-17 16:52:00, 0, 22, -69.3766287872, 87.5981118299, 525.605125
461, 38330, 0.002, 70.0, 1574009700, 2019-11-17 16:55:00, 4, 24, -58.5099480832, 78.9713097017, 520.86278125
462, 38331, 0.002, 70.0, 1574009880, 2019-11-17 16:58:00, 0, 25, -47.3839250966, 74.1302013922, 515.0441875
463, 38332, 0.002, 70.0, 1574010060, 2019-11-17 17:01:00, 0, 25, -36.154172027, 70.7326399033, 508.77159375
464, 38333, 1.5, 70.0, 1574010242, 2019-11-17 17:04:02, 27, 24, -24.7449523219, 67.9772869509, 502.63921875
465, 38334, 1.5, 70.0, 1574010422, 2019-11-17 17:07:02, 17, 23, -13.4287017367, 65.5860513832, 497.39096875
466, 38335, 1.5, 70.0, 1574010602, 2019-11-17 17:10:02, 0, 21, -2.09230935054, 63.3431880148, 493.42475
467, 38336, 1.5, 70.0, 1574010782, 2019-11-17 17:13:02, 12, 20, 9.25528113079, 61.1207332516, 491.012875
468, 38337, 1.5, 70.0, 1574010962, 2019-11-17 17:16:02, 40, 17, 20.605154176, 58.7974785567, 490.202625
469, 38338, 1.5, 70.0, 1574011142, 2019-11-17 17:19:02, 32, 15, 31.9457543856, 56.2163329942, 490.8204375
470, 38339, 1.5, 70.0, 1574011322, 2019-11-17 17:22:02, 8, 13, 43.2582142158, 53.1113904696, 492.5099375
471, 38340, 0.002, 70.0, 1574011500, 2019-11-17 17:25:00, 0, 11, 54.3795824285, 48.9741194937, 494.77078125
472, 38341, 0.002, 70.0, 1574011679, 2019-11-17 17:27:59, 0, 9, 65.3968961244, 42.2470764263, 497.13825
473, 38342, 0.002, 70.0, 1574011860, 2019-11-17 17:31:00, 0, 7, 75.9494974095, 26.8531175297, 499.17165625
474, 38343, 0.002, 70.0, 1574012040, 2019-11-17 17:34:00, 1, 5, 82.6397496629, -28.6629093388, 500.50646875
475, 38344, 0.002, 70.0, 1574012810, 2019-11-17 17:46:50, 0, 4, 41.1174587604, -119.670528658, 498.76603125
476, 38345, 1.5, 70.0, 1574012992, 2019-11-17 17:49:52, 266, 5, 29.695627111, -122.672137251, 498.28496875
477, 38346, 1.5, 70.0, 1574013172, 2019-11-17 17:52:52, 110, 6, 18.378700337, -125.182122488, 498.6575
478, 38347, 1.5, 70.0, 1574013352, 2019-11-17 17:55:52, 10, 8, 7.05703426558, -127.471315029, 500.168
479, 38348, 1.5, 70.0, 1574013532, 2019-11-17 17:58:52, 25, 10, -4.25980243524, -129.684801754, 502.931875
480, 38349, 0.002, 70.0, 1574013710, 2019-11-17 18:01:50, 0, 11, -15.4387939658, -131.915500556, 506.80775
481, 38350, 0.002, 70.0, 1574013890, 2019-11-17 18:04:50, 0, 12, -26.723198794, -134.345162768, 511.58871875
482, 38351, 0.002, 70.0, 1574014070, 2019-11-17 18:07:50, 0, 14, -37.9754317237, -137.147780629, 516.77034375
483, 38352, 0.002, 70.0, 1574014792, 2019-11-17 18:19:52, 7, 18, -80.5048852457, 175.245141475, 530.043
484, 38353, 0.002, 70.0, 1574014972, 2019-11-17 18:22:52, 0, 20, -80.9369766729, 98.7230761372, 529.217
485, 38355, 0.002, 70.0, 1574015332, 2019-11-17 18:28:52, 17, 24, -61.0467076614, 56.8289599816, 522.041125
486, 38356, 0.002, 70.0, 1574015512, 2019-11-17 18:31:52, 0, 24, -49.9590464322, 51.43264267, 516.41553125
487, 38357, 0.002, 70.0, 1574016591, 2019-11-17 18:49:51, 0, 26, 17.8023775127, 35.7481821677, 490.23696875
488, 38358, 0.002, 70.0, 1574016771, 2019-11-17 18:52:51, 0, 22, 29.1466882225, 33.2494155168, 490.53471875
489, 38359, 0.002, 70.0, 1574016952, 2019-11-17 18:55:52, 0, 18, 40.5314080391, 30.2911922858, 492.0173125
490, 38360, 0.002, 70.0, 1574017491, 2019-11-17 19:04:51, 0, 9, 73.5885059194, 8.43356241619, 498.75675
491, 38361, 0.002, 70.0, 1574017671, 2019-11-17 19:07:51, 0, 7, 81.9763060682, -32.4212994763, 500.28003125
492, 38363, 0.002, 70.0, 1574018031, 2019-11-17 19:13:51, 3, 5, 69.0462047257, -128.224370706, 500.88953125
493, 38364, 0.002, 70.0, 1574018211, 2019-11-17 19:16:51, 4, 4, 58.0932792232, -136.69071803, 500.18825
494, 38365, 0.002, 70.0, 1574018391, 2019-11-17 19:19:51, 7, 4, 46.9026733828, -141.468367052, 499.2398125
495, 38366, 0.002, 70.0, 1574018571, 2019-11-17 19:22:51, 3, 5, 35.6278410647, -144.834366237, 498.48525
496, 38367, 1.5, 70.0, 1574018753, 2019-11-17 19:25:53, 227, 6, 24.1933769805, -147.571878735, 498.37221875
497, 38368, 1.5, 70.0, 1574018933, 2019-11-17 19:28:53, 18, 7, 12.8728045931, -149.952759736, 499.2699375
498, 38369, 0.002, 70.0, 1574019111, 2019-11-17 19:31:51, 0, 8, 1.67833254549, -152.165112649, 501.3548125
499, 38370, 0.002, 70.0, 1574019471, 2019-11-17 19:37:51, 0, 11, -20.9293473973, -156.705262334, 509.069875
500, 38371, 0.002, 70.0, 1574019651, 2019-11-17 19:40:51, 0, 12, -32.1999740264, -159.284341764, 514.1066875
501, 38372, 0.002, 70.0, 1574020434, 2019-11-17 19:53:54, 0, 17, -79.1388337515, 159.932253508, 529.96925
502, 38373, 0.002, 70.0, 1574020614, 2019-11-17 19:56:54, 0, 19, -81.9383711975, 86.7885978096, 529.4839375
503, 38374, 0.002, 70.0, 1574020794, 2019-11-17 19:59:54, 0, 21, -73.5910262592, 46.5457072063, 527.049
504, 38375, 0.002, 70.0, 1574020974, 2019-11-17 20:02:54, 6, 23, -62.9614897233, 34.4752773783, 522.8864375
505, 38376, 0.002, 70.0, 1574021154, 2019-11-17 20:05:54, 2, 23, -51.9090722702, 28.5647492751, 517.4278125
506, 38377, 0.002, 70.0, 1574021334, 2019-11-17 20:08:54, 44, 23, -40.712189486, 24.7200562824, 511.25621875
507, 38378, 0.002, 70.0, 1574021514, 2019-11-17 20:11:54, 48, 23, -29.4466325648, 21.7762652411, 505.02628125
508, 38379, 0.002, 70.0, 1574021694, 2019-11-17 20:14:54, 1, 22, -18.1417542446, 19.2749219013, 499.37465625
509, 38380, 1.5, 70.0, 1574021876, 2019-11-17 20:17:56, 31, 21, -6.68637014465, 16.9628209053, 494.79128125
510, 38381, 1.5, 70.0, 1574022056, 2019-11-17 20:20:56, 3, 19, 4.65790257228, 14.7461837557, 491.7380625
511, 38382, 1.5, 70.0, 1574022236, 2019-11-17 20:23:56, 3, 17, 16.008196101, 12.4795385224, 490.2971875
512, 38383, 1.5, 70.0, 1574022416, 2019-11-17 20:26:56, 0, 15, 27.3543970657, 10.0263787521, 490.3814375
513, 38384, 1.5, 70.0, 1574022596, 2019-11-17 20:29:56, 0, 13, 38.6814410573, 7.17790812331, 491.7014375
514, 38385, 1.5, 70.0, 1574022776, 2019-11-17 20:32:56, 65, 11, 49.9612457531, 3.52890944178, 493.82134375
515, 38386, 0.002, 70.0, 1574022954, 2019-11-17 20:35:54, 0, 9, 61.0039028659, -1.83422275538, 496.2096875
516, 38388, 0.002, 70.0, 1574023934, 2019-11-17 20:52:14, 2, 2, 55.0269170221, -161.865934704, 499.96471875
517, 38389, 0.002, 70.0, 1574024114, 2019-11-17 20:55:14, 0, 2, 43.8049367078, -166.130554557, 499.026125
518, 38390, 0.002, 70.0, 1574024294, 2019-11-17 20:58:14, 0, 3, 32.5176358794, -169.26720965, 498.40553125
519, 38391, 0.002, 70.0, 1574024474, 2019-11-17 21:01:14, 3, 4, 21.2041822567, -171.863118666, 498.53284375
520, 38392, 1.5, 70.0, 1574024656, 2019-11-17 21:04:16, 143, 6, 9.75707549225, -174.216774533, 499.75725
521, 38393, 1.5, 70.0, 1574024836, 2019-11-17 21:07:16, 2, 7, -1.56143001588, -176.437228051, 502.21625
522, 38394, 1.5, 70.0, 1574025016, 2019-11-17 21:10:16, 47, 9, -12.8693707155, -178.6725304, 505.8753125
523, 38395, 1.5, 70.0, 1574025196, 2019-11-17 21:13:16, 1, 10, -24.1590791856, 178.951434344, 510.4840625
524, 38396, 0.002, 70.0, 1574025374, 2019-11-17 21:16:14, 0, 12, -35.2950640031, 176.290174078, 515.5525625
525, 38397, 0.002, 70.0, 1574025734, 2019-11-17 21:22:14, 27, 14, -57.6284233785, 168.297828222, 525.0924375
526, 38398, 0.002, 70.0, 1574025914, 2019-11-17 21:25:14, 34, 15, -68.5162161971, 160.167854054, 528.33225
527, 38399, 0.002, 70.0, 1574026639, 2019-11-17 21:37:19, 28, 21, -63.4748535714, 11.2075045821, 523.08565625
528, 38400, 0.002, 70.0, 1574026819, 2019-11-17 21:40:19, 13, 22, -52.4329546097, 5.14202125795, 517.67275
529, 38401, 0.002, 70.0, 1574026999, 2019-11-17 21:43:19, 112, 22, -41.2404397314, 1.23552839345, 511.51840625
530, 38402, 0.002, 70.0, 1574027179, 2019-11-17 21:46:19, 63, 22, -29.9771606783, -1.73755743594, 505.2759375
531, 38403, 0.002, 70.0, 1574027359, 2019-11-17 21:49:19, 0, 21, -18.6736227827, -4.25357244894, 499.58496875
532, 38404, 1.5, 70.0, 1574027541, 2019-11-17 21:52:21, 5, 20, -7.21904976777, -6.57219755628, 494.94125
533, 38405, 1.5, 70.0, 1574027721, 2019-11-17 21:55:21, 6, 18, 4.12482509065, -8.78940417285, 491.81740625
534, 38406, 1.5, 70.0, 1574027901, 2019-11-17 21:58:21, 16, 17, 15.4751254495, -11.0509540851, 490.30559375
535, 38407, 1.5, 70.0, 1574028081, 2019-11-17 22:01:21, 10, 15, 26.8218677067, -13.4915539912, 490.32875
536, 38408, 1.5, 70.0, 1574028261, 2019-11-17 22:04:21, 15, 13, 38.1503357928, -16.3147281607, 491.6058125
537, 38409, 0.002, 70.0, 1574028439, 2019-11-17 22:07:19, 0, 11, 49.3084470082, -19.8645943304, 493.67984375
538, 38410, 0.002, 70.0, 1574028621, 2019-11-17 22:10:21, 0, 9, 60.6071576676, -25.2264601678, 496.12515625
539, 38412, 0.002, 70.0, 1574029712, 2019-11-17 22:28:32, 0, 2, 48.5208954612, 171.825060852, 499.43934375
540, 38413, 0.002, 70.0, 1574029892, 2019-11-17 22:31:32, 19, 2, 37.2541944833, 168.31905645, 498.631375
541, 38414, 1.5, 70.0, 1574030074, 2019-11-17 22:34:34, 21, 3, 25.8231284181, 165.512408777, 498.39975
542, 38415, 1.5, 70.0, 1574030254, 2019-11-17 22:37:34, 31, 5, 14.5035686063, 163.098073509, 499.13275
543, 38416, 1.5, 70.0, 1574030434, 2019-11-17 22:40:34, 8, 7, 3.18294755376, 160.848905876, 501.061375
544, 38417, 1.5, 70.0, 1574030794, 2019-11-17 22:46:34, 6, 10, -19.428524318, 156.334287439, 508.4809375
545, 38418, 1.5, 70.0, 1574030974, 2019-11-17 22:49:34, 29, 12, -30.7030936738, 153.801311786, 513.44671875
546, 38419, 1.5, 70.0, 1574031158, 2019-11-17 22:52:38, 3761, 13, -42.1883675353, 150.716852998, 518.72903125
547, 38420, 0.002, 70.0, 1574031332, 2019-11-17 22:55:32, 107, 15, -52.9825867623, 146.860268646, 523.34490625
548, 38422, 0.002, 70.0, 1574032199, 2019-11-17 23:09:59, 19, 21, -70.2496020951, -5.89094893902, 525.8235625
549, 38423, 0.002, 70.0, 1574032379, 2019-11-17 23:12:59, 23, 23, -59.4206445259, -15.0745929114, 521.17940625
550, 38424, 0.002, 70.0, 1574032559, 2019-11-17 23:15:59, 187, 23, -48.3070729741, -20.100876187, 515.41659375
551, 38425, 0.002, 70.0, 1574032739, 2019-11-17 23:18:59, 171, 23, -37.0829069993, -23.5786172666, 509.151
552, 38426, 0.002, 70.0, 1574032919, 2019-11-17 23:21:59, 59, 23, -25.802236577, -26.3453390688, 503.0415
553, 38427, 0.002, 70.0, 1574033099, 2019-11-17 23:24:59, 0, 22, -14.4879547938, -28.758491006, 497.7000625
554, 38428, 1.5, 70.0, 1574033281, 2019-11-17 23:28:01, 17, 21, -3.02659385151, -31.0340539051, 493.572625
555, 38429, 1.5, 70.0, 1574033461, 2019-11-17 23:31:01, 2, 19, 8.3207737949, -33.2538175737, 491.043375
556, 38430, 1.5, 70.0, 1574033641, 2019-11-17 23:34:01, 11, 17, 19.6711582505, -35.5637021733, 490.1246875
557, 38431, 1.5, 70.0, 1574033821, 2019-11-17 23:37:01, 6, 15, 31.0133345262, -38.1158365073, 490.65940625
558, 38432, 0.002, 70.0, 1574034179, 2019-11-17 23:42:59, 0, 11, 53.4585792304, -45.1761245043, 494.5606875
559, 38433, 0.002, 70.0, 1574034359, 2019-11-17 23:45:59, 25, 9, 64.5581420642, -51.6264219669, 496.9785625
560, 38434, 0.002, 70.0, 1574034539, 2019-11-17 23:48:59, 0, 7, 75.1389383703, -65.7082024863, 499.07
561, 38435, 0.002, 70.0, 1574034719, 2019-11-17 23:51:59, 4, 5, 82.5112601443, -115.920836767, 500.4941875
562, 38437, 0.002, 70.0, 1574035079, 2019-11-17 23:57:59, 67, 4, 67.3945078903, 159.105541072, 500.8941875
563, 38438, 0.002, 70.0, 1574035259, 2019-11-18 00:00:59, 22, 3, 56.3847859497, 151.506846338, 500.139375
564, 38439, 1.5, 70.0, 1574035441, 2019-11-18 00:04:01, 318, 4, 45.0508315142, 146.989905637, 499.18796875
565, 38440, 1.5, 70.0, 1574035621, 2019-11-18 00:07:01, 190, 4, 33.7684381767, 143.766616424, 498.5118125
566, 38441, 1.5, 70.0, 1574035801, 2019-11-18 00:10:01, 18, 5, 22.4569823842, 141.127581594, 498.5368125
567, 38442, 1.5, 70.0, 1574035981, 2019-11-18 00:13:01, 12, 7, 11.1361470346, 138.778474633, 499.60671875
568, 38443, 1.5, 70.0, 1574036341, 2019-11-18 00:19:01, 5, 9, -11.4923875035, 134.32468586, 505.42003125
569, 38444, 0.002, 70.0, 1574036519, 2019-11-18 00:21:59, 2, 11, -22.6593028327, 132.001055505, 509.8684375
570, 38445, 0.002, 70.0, 1574036699, 2019-11-18 00:24:59, 1, 12, -33.924753886, 129.36331841, 514.94415625
571, 38446, 0.002, 70.0, 1574036879, 2019-11-18 00:27:59, 1, 13, -45.1454398794, 126.144673727, 520.0574375
572, 38447, 0.002, 70.0, 1574037059, 2019-11-18 00:30:59, 364, 15, -56.2811309989, 121.705009786, 524.6038125
573, 38448, 0.002, 70.0, 1574037896, 2019-11-18 00:44:56, 63, 21, -68.8650407882, -31.1890274822, 525.2710625
574, 38449, 0.002, 70.0, 1574038076, 2019-11-18 00:47:56, 102, 22, -57.9774938564, -39.5176952683, 520.44571875
575, 38450, 0.002, 70.0, 1574038256, 2019-11-18 00:50:56, 133, 23, -46.8438552088, -44.257317212, 514.57790625
576, 38451, 0.002, 70.0, 1574038436, 2019-11-18 00:53:56, 189, 23, -35.610157705, -47.6104175845, 508.29428125
577, 38452, 0.002, 70.0, 1574038616, 2019-11-18 00:56:56, 58, 23, -24.324009471, -50.3158486842, 502.25271875
578, 38453, 0.002, 70.0, 1574038796, 2019-11-18 00:59:56, 8, 22, -13.006268197, -52.6988982702, 497.052625
579, 38454, 1.5, 70.0, 1574038978, 2019-11-18 01:02:58, 127, 20, -1.54273621501, -54.9635157912, 493.12028125
580, 38455, 1.5, 70.0, 1574039158, 2019-11-18 01:05:58, 19, 19, 9.80564325989, -57.1880127809, 490.807
581, 38456, 1.5, 70.0, 1574039338, 2019-11-18 01:08:58, 5, 17, 21.1557562154, -59.5197027594, 490.09696875
582, 38457, 1.5, 70.0, 1574039518, 2019-11-18 01:11:58, 13, 15, 32.495813425, -62.1188356251, 490.80565625
583, 38458, 0.002, 70.0, 1574039696, 2019-11-18 01:14:56, 0, 13, 43.6809721895, -65.220287923, 492.5443125
584, 38459, 0.002, 70.0, 1574039876, 2019-11-18 01:17:56, 0, 11, 54.922927392, -69.4743687942, 494.87828125
585, 38460, 0.002, 70.0, 1574040056, 2019-11-18 01:20:56, 0, 8, 65.9870927705, -76.461105899, 497.2846875
586, 38461, 0.002, 70.0, 1574040236, 2019-11-18 01:23:56, 0, 6, 76.4200086508, -92.6310938135, 499.311375
587, 38462, 0.002, 70.0, 1574040416, 2019-11-18 01:26:56, 0, 5, 82.6598099285, -151.247804584, 500.63809375
588, 38463, 0.002, 70.0, 1574040596, 2019-11-18 01:29:56, 410, 4, 76.4024755552, 150.274557269, 501.12834375
589, 38464, 0.002, 70.0, 1574040776, 2019-11-18 01:32:56, 0, 3, 65.9758366187, 134.143795131, 500.848
590, 38465, 0.002, 70.0, 1574040956, 2019-11-18 01:35:56, 15, 3, 54.9256526375, 127.167275989, 500.04846875
591, 38466, 1.5, 70.0, 1574041138, 2019-11-18 01:38:58, 157, 3, 43.5779217104, 122.87824504, 499.1075625
592, 38467, 1.5, 70.0, 1574041318, 2019-11-18 01:41:58, 35, 4, 32.2901495989, 119.756711985, 498.50021875
593, 38468, 1.5, 70.0, 1574041498, 2019-11-18 01:44:58, 5, 5, 20.9767250045, 117.168343498, 498.6445
594, 38469, 1.5, 70.0, 1574041678, 2019-11-18 01:47:58, 20, 7, 9.65569584819, 114.843278803, 499.8666875
595, 38470, 1.5, 70.0, 1574041858, 2019-11-18 01:50:58, 42, 8, -1.66245459683, 112.623241927, 502.3271875
596, 38471, 1.5, 70.0, 1574042038, 2019-11-18 01:53:58, 35, 10, -12.9700126991, 110.3873112, 505.983
597, 38472, 0.002, 70.0, 1574042396, 2019-11-18 01:59:56, 0, 13, -35.3948291612, 105.344275178, 515.63525
598, 38473, 0.002, 70.0, 1574042576, 2019-11-18 02:02:56, 0, 14, -46.6074589466, 102.014564788, 520.70253125
599, 38474, 0.002, 70.0, 1574042756, 2019-11-18 02:05:56, 42, 15, -57.7263068195, 97.3262819616, 525.123625
600, 38475, 0.002, 70.0, 1574043528, 2019-11-18 02:18:48, 30, 21, -71.2940746228, -51.7600716935, 526.150875
601, 38476, 0.002, 70.0, 1574043708, 2019-11-18 02:21:48, 64, 22, -60.5169103781, -61.7012241989, 521.6398125
602, 38477, 0.002, 70.0, 1574043888, 2019-11-18 02:24:48, 41, 23, -49.4199874124, -66.9710634826, 515.95684375
603, 38478, 0.002, 70.0, 1574044068, 2019-11-18 02:27:48, 39, 23, -38.2033244004, -70.5524253621, 509.70896875
604, 38479, 0.002, 70.0, 1574044248, 2019-11-18 02:30:48, 6, 23, -26.9267555067, -73.369687149, 503.5549375
605, 38480, 0.002, 70.0, 1574044428, 2019-11-18 02:33:48, 0, 22, -15.6149377143, -75.8078870975, 498.11534375
606, 38481, 1.5, 70.0, 1574044610, 2019-11-18 02:36:50, 2, 20, -4.15503629801, -78.0932752237, 493.85040625
607, 38482, 1.5, 70.0, 1574044790, 2019-11-18 02:39:50, 16, 19, 7.1917221809, -80.3108190808, 491.16840625
608, 38483, 1.5, 70.0, 1574044970, 2019-11-18 02:42:50, 8, 17, 18.5424080186, -82.6058514341, 490.10284375
609, 38484, 1.5, 70.0, 1574045150, 2019-11-18 02:45:50, 30, 15, 29.8861688982, -85.1250505959, 490.51728125
610, 38485, 0.002, 70.0, 1574045328, 2019-11-18 02:48:48, 2, 13, 41.0804664558, -88.0688621278, 492.06078125
611, 38486, 0.002, 70.0, 1574045508, 2019-11-18 02:51:48, 1, 11, 52.3440221316, -91.9807505216, 494.31309375
612, 38487, 0.002, 70.0, 1574045688, 2019-11-18 02:54:48, 59, 9, 63.4671422878, -98.0722752226, 496.75309375
613, 38488, 0.002, 70.0, 1574045868, 2019-11-18 02:57:48, 0, 7, 74.1399753929, -110.834019232, 498.90809375
614, 38489, 0.002, 70.0, 1574046048, 2019-11-18 03:00:48, 18, 5, 82.2057048016, -154.854076163, 500.42153125
615, 38490, 0.002, 70.0, 1574047048, 2019-11-18 03:17:28, 0, 17, 28.7380482498, 95.262499323, 498.48
616, 38491, 0.002, 70.0, 1574047228, 2019-11-18 03:20:28, 0, 14, 17.4208960797, 92.7785029562, 498.933375
617, 38492, 0.002, 70.0, 1574047408, 2019-11-18 03:23:28, 0, 13, 6.09994077476, 90.5007373211, 500.53396875
618, 38493, 0.002, 70.0, 1574047588, 2019-11-18 03:26:28, 0, 12, -5.21556873492, 88.2882204832, 503.38090625
619, 38494, 0.002, 70.0, 1574047768, 2019-11-18 03:29:28, 0, 12, -16.5182046187, 86.0226125848, 507.36490625
620, 38495, 0.002, 70.0, 1574047948, 2019-11-18 03:32:28, 0, 13, -27.7997697957, 83.567610371, 512.173125
621, 38496, 0.002, 70.0, 1574048128, 2019-11-18 03:35:28, 0, 14, -39.0477372723, 80.7140734494, 517.32646875
622, 38497, 0.002, 70.0, 1574048308, 2019-11-18 03:38:28, 0, 15, -50.2370966031, 77.055919753, 522.243375
623, 38498, 0.002, 70.0, 1574049162, 2019-11-18 03:52:42, 33, 20, -73.5529957659, -71.7248819744, 526.907
624, 38499, 0.002, 70.0, 1574049342, 2019-11-18 03:55:42, 65, 21, -62.9201056071, -83.7538423089, 522.71796875
625, 38500, 0.002, 70.0, 1574049522, 2019-11-18 03:58:42, 6, 22, -51.866352852, -89.6524005055, 517.2405625
626, 38501, 0.002, 70.0, 1574049702, 2019-11-18 04:01:42, 5, 23, -40.6685582376, -93.4922782149, 511.05890625
627, 38502, 0.002, 70.0, 1574049882, 2019-11-18 04:04:42, 0, 23, -29.4022397503, -96.4337948032, 504.82815625
628, 38503, 1.5, 70.0, 1574050064, 2019-11-18 04:07:44, 10, 22, -17.97089877, -98.9602817769, 499.12765625
629, 38504, 1.5, 70.0, 1574050244, 2019-11-18 04:10:44, 9, 21, -6.6406702027, -101.245649412, 494.6186875
630, 38505, 1.5, 70.0, 1574050424, 2019-11-18 04:13:44, 20, 19, 4.70413313456, -103.462312175, 491.58971875
631, 38506, 0.002, 70.0, 1574050602, 2019-11-18 04:16:42, 0, 17, 15.9287353877, -105.703549959, 490.18565625
632, 38507, 0.002, 70.0, 1574050782, 2019-11-18 04:19:42, 0, 15, 27.2753461638, -108.15486387, 490.2878125
633, 38508, 0.002, 70.0, 1574050962, 2019-11-18 04:22:42, 12, 13, 38.6028324102, -110.999569357, 491.6318125
634, 38509, 0.002, 70.0, 1574051142, 2019-11-18 04:25:42, 4, 11, 49.8832552381, -114.640736373, 493.7811875
635, 38510, 0.002, 70.0, 1574051322, 2019-11-18 04:28:42, 11, 9, 61.0500886051, -120.062800083, 496.2299375
636, 38511, 0.002, 70.0, 1574051502, 2019-11-18 04:31:42, 0, 7, 71.8806376083, -130.529272683, 498.48971875
637, 38512, 0.002, 70.0, 1574051682, 2019-11-18 04:34:42, 0, 5, 81.0458908694, -162.936840064, 500.172375
638, 38513, 0.002, 70.0, 1574051862, 2019-11-18 04:37:42, 33, 4, 80.3220069307, 120.209184697, 501.05390625
639, 38514, 0.002, 70.0, 1574052222, 2019-11-18 04:43:42, 2, 3, 59.9259282603, 82.5062262949, 500.50890625
640, 38515, 0.002, 70.0, 1574052402, 2019-11-18 04:46:42, 0, 3, 48.7594022518, 77.3525275479, 499.5880625
641, 38516, 1.5, 70.0, 1574052584, 2019-11-18 04:49:44, 54, 5, 37.3689416613, 73.7905292547, 498.77128125
642, 38517, 1.5, 70.0, 1574052764, 2019-11-18 04:52:44, 11, 6, 26.0642819071, 71.0072339984, 498.5293125
643, 38518, 1.5, 70.0, 1574052944, 2019-11-18 04:55:44, 31, 7, 14.7452958311, 68.5876804664, 499.23309375
644, 38519, 1.5, 70.0, 1574053124, 2019-11-18 04:58:44, 178, 9, 3.42500753692, 66.3365184182, 501.1240625
645, 38520, 1.5, 70.0, 1574053304, 2019-11-18 05:01:44, 20, 10, -7.88802581575, 64.122150599, 504.25353125
646, 38521, 1.5, 70.0, 1574053484, 2019-11-18 05:04:44, 22, 11, -19.1864333855, 61.8256634154, 508.46253125
647, 38522, 1.5, 70.0, 1574053664, 2019-11-18 05:07:44, 122, 12, -30.4614040149, 59.2997706682, 513.39475
648, 38523, 0.002, 70.0, 1574053847, 2019-11-18 05:10:47, 1, 14, -41.8853393626, 56.2485953928, 518.62478125
649, 38524, 0.002, 70.0, 1574054012, 2019-11-18 05:13:32, 167, 19, -52.1259512669, 52.6611204939, 523.0120625
650, 38525, 0.002, 70.0, 1574054794, 2019-11-18 05:26:34, 2, 23, -75.8433835906, -90.3531710841, 527.61475
651, 38526, 0.002, 70.0, 1574054974, 2019-11-18 05:29:34, 3, 24, -65.4264435227, -105.45192579, 523.78640625
652, 38527, 0.002, 70.0, 1574055154, 2019-11-18 05:32:34, 10, 24, -54.4297945642, -112.186635744, 518.555125
653, 38528, 0.002, 70.0, 1574055334, 2019-11-18 05:35:34, 1, 24, -43.2553421212, -116.352354458, 512.4768125
654, 38529, 0.002, 70.0, 1574055514, 2019-11-18 05:38:34, 3, 24, -32.0012155216, -119.446621397, 506.19821875
655, 38530, 1.5, 70.0, 1574055696, 2019-11-18 05:41:36, 9, 23, -20.5772494381, -122.050180225, 500.3081875
656, 38531, 1.5, 70.0, 1574055876, 2019-11-18 05:44:36, 6, 22, -9.25154928618, -124.36982175, 495.50359375
657, 38532, 1.5, 70.0, 1574056056, 2019-11-18 05:47:36, 11, 20, 2.09076124547, -126.591573004, 492.11665625
658, 38533, 0.002, 70.0, 1574056414, 2019-11-18 05:53:34, 0, 17, 24.6635825708, -131.204819373, 490.12221875
659, 38534, 0.002, 70.0, 1574056594, 2019-11-18 05:56:34, 0, 15, 35.9973235629, -133.933493606, 491.22084375
660, 38535, 0.002, 70.0, 1574056774, 2019-11-18 05:59:34, 9, 12, 47.2923664108, -137.336184567, 493.2350625
661, 38536, 0.002, 70.0, 1574056954, 2019-11-18 06:02:34, 0, 10, 58.4955841954, -142.196301293, 495.66703125
662, 38537, 0.002, 70.0, 1574057134, 2019-11-18 06:05:34, 15, 9, 69.4449101883, -150.90574871, 498.0163125
663, 38538, 0.002, 70.0, 1574057314, 2019-11-18 06:08:34, 0, 7, 79.3171290095, -174.631230412, 499.86490625
664, 38539, 0.002, 70.0, 1574057494, 2019-11-18 06:11:34, 0, 5, 81.7914401681, 110.935495353, 500.94646875
665, 38540, 0.002, 70.0, 1574057674, 2019-11-18 06:14:34, 29, 4, 73.2040550617, 72.1986580462, 501.18828125
666, 38541, 0.002, 70.0, 1574057854, 2019-11-18 06:17:34, 0, 4, 62.4693814238, 60.4938038482, 500.71865625
667, 38542, 1.5, 70.0, 1574058036, 2019-11-18 06:20:36, 24, 5, 51.2186869943, 54.6532510331, 499.82809375
668, 38543, 1.5, 70.0, 1574058216, 2019-11-18 06:23:36, 19, 6, 39.9682486968, 50.875849064, 498.95609375
669, 38544, 1.5, 70.0, 1574058396, 2019-11-18 06:26:36, 3, 7, 28.6698112449, 47.9667144025, 498.5468125
670, 38545, 1.5, 70.0, 1574058576, 2019-11-18 06:29:36, 12, 8, 17.3528229993, 45.484534866, 499.00409375
671, 38546, 1.5, 70.0, 1574058756, 2019-11-18 06:32:36, 25, 9, 6.03208241848, 43.207564948, 500.60709375
672, 38548, 0.002, 70.0, 1574059114, 2019-11-18 06:38:34, 0, 12, -16.4600814164, 38.7547631381, 507.385
673, 38549, 0.002, 70.0, 1574059294, 2019-11-18 06:41:34, 0, 13, -27.7416551312, 36.3011918489, 512.17878125
674, 38550, 0.002, 70.0, 1574059474, 2019-11-18 06:44:34, 7, 14, -38.9897592115, 33.4505133614, 517.31921875
675, 38551, 0.002, 70.0, 1574060426, 2019-11-18 07:00:26, 27, 20, -78.0008969151, -107.224441841, 528.2285
676, 38552, 0.002, 70.0, 1574060606, 2019-11-18 07:03:26, 0, 21, -67.9073799648, -126.777996187, 524.7813125
677, 38553, 0.002, 70.0, 1574061457, 2019-11-18 07:17:37, 0, 34, -15.0713810149, -146.838890154, 497.78190625
678, 38554, 0.002, 70.0, 1574061817, 2019-11-18 07:23:37, 0, 25, 7.61097199871, -151.313073871, 491.0210625
679, 38555, 0.002, 70.0, 1574061997, 2019-11-18 07:26:37, 0, 22, 18.9618533506, -153.613495244, 490.028875
680, 38556, 0.002, 70.0, 1574062177, 2019-11-18 07:29:37, 0, 19, 30.3052761358, -156.144708708, 490.51015625
681, 38557, 0.002, 70.0, 1574062357, 2019-11-18 07:32:37, 6, 17, 41.6238763061, -159.149568471, 492.1293125
682, 38558, 0.002, 70.0, 1574062537, 2019-11-18 07:35:37, 1, 14, 52.8833406986, -163.127607247, 494.42259375
683, 38559, 0.002, 70.0, 1574062717, 2019-11-18 07:38:37, 0, 12, 63.9953754578, -169.38783079, 496.87953125
684, 38560, 0.002, 70.0, 1574062897, 2019-11-18 07:41:37, 3, 10, 74.6255130504, 177.237589618, 499.03046875
685, 38561, 0.002, 70.0, 1574063077, 2019-11-18 07:44:37, 0, 7, 82.3730580966, 130.273441117, 500.525375
686, 38562, 0.002, 70.0, 1574063615, 2019-11-18 07:53:35, 3, 5, 57.0818955469, 33.6587419235, 500.34853125
687, 38563, 1.5, 70.0, 1574063799, 2019-11-18 07:56:39, 54, 6, 45.630728235, 28.9815718145, 499.397375
688, 38564, 1.5, 70.0, 1574063979, 2019-11-18 07:59:39, 26, 6, 34.3512308977, 25.7155887972, 498.7009375
689, 38565, 1.5, 70.0, 1574064159, 2019-11-18 08:02:39, 19, 7, 23.0412367658, 23.0553752574, 498.67790625
690, 38566, 1.5, 70.0, 1574064339, 2019-11-18 08:05:39, 11, 9, 11.7211057793, 20.6961032674, 499.67865625
691, 38568, 0.002, 70.0, 1574065226, 2019-11-18 08:20:26, 59, 15, -43.8814655624, 8.35253332076, 519.53121875
692, 38569, 0.002, 70.0, 1574065406, 2019-11-18 08:23:26, 0, 17, -55.0302160035, 4.10569586522, 524.1379375
693, 38570, 0.002, 70.0, 1574065586, 2019-11-18 08:26:26, 11, 19, -65.9972082806, -2.84658229496, 527.6604375
694, 38571, 0.002, 70.0, 1574065766, 2019-11-18 08:29:26, 2, 21, -76.3439613246, -18.7996841691, 529.615375
695, 38572, 0.002, 70.0, 1574065946, 2019-11-18 08:32:26, 7, 23, -82.6576857397, -76.1418628573, 529.6930625
696, 38573, 0.002, 70.0, 1574066126, 2019-11-18 08:35:26, 3, 25, -76.6386703269, -135.438594091, 527.805875
697, 38574, 0.002, 70.0, 1574066306, 2019-11-18 08:38:26, 5, 27, -66.3225984926, -151.947857992, 524.105375
698, 38575, 0.002, 70.0, 1574066486, 2019-11-18 08:41:26, 0, 28, -55.3501215736, -159.039684388, 518.9645625
699, 38576, 0.002, 70.0, 1574066666, 2019-11-18 08:44:26, 0, 28, -44.1849513577, -163.338974281, 512.9285625
700, 38577, 0.002, 70.0, 1574066846, 2019-11-18 08:47:26, 0, 28, -32.9354385509, -166.494644621, 506.63996875
701, 38578, 1.5, 70.0, 1574067028, 2019-11-18 08:50:28, 0, 28, -21.5141379487, -169.129116885, 500.69015625
702, 38579, 1.5, 70.0, 1574067208, 2019-11-18 08:53:28, 13, 27, -10.190017278, -171.463006184, 495.787625
703, 38580, 1.5, 70.0, 1574067568, 2019-11-18 08:59:28, 50, 23, 12.5015522221, -175.926480165, 490.37446875
704, 38581, 1.5, 70.0, 1574067748, 2019-11-18 09:02:28, 37, 21, 23.8508788521, -178.304656411, 490.0525625
705, 38582, 0.002, 70.0, 1574067926, 2019-11-18 09:05:26, 1, 19, 35.0605972693, 179.03181201, 491.0630625
706, 38583, 0.002, 70.0, 1574068106, 2019-11-18 09:08:26, 0, 17, 46.360291476, 175.705100074, 493.0329375
707, 38584, 0.002, 70.0, 1574068286, 2019-11-18 09:11:26, 1, 15, 57.5747039407, 171.018702379, 495.4635
708, 38585, 0.002, 70.0, 1574068466, 2019-11-18 09:14:26, 2, 12, 68.5582969926, 162.821245942, 497.85065625
709, 38586, 0.002, 70.0, 1574068646, 2019-11-18 09:17:26, 1, 10, 78.6109557514, 141.464924637, 499.76609375
710, 38587, 0.002, 70.0, 1574068826, 2019-11-18 09:20:26, 0, 8, 82.1691837801, 69.9616686404, 500.92840625
