# ordinar image ID, original image ID, acquisition time [s], bias [V], UTC time [s], human-readable time, no. of nonzero pixels, heatsink temperature [deg C]latitude [deg], longitude [deg], altitude (WGS84) [km]
1, 49492, 0.004, 70.0, 1634032977, 2021-10-12 10:02:57, 13, 21, -56.8693981165, 172.788937148, 514.078625
2, 49493, 0.004, 70.0, 1634033157, 2021-10-12 10:05:57, 17, 21, -45.7069975424, 168.293333957, 509.3551875
3, 49494, 0.004, 70.0, 1634033337, 2021-10-12 10:08:57, 1, 20, -34.4573549619, 165.060209272, 504.06459375
4, 49495, 2.0, 70.0, 1634033519, 2021-10-12 10:11:59, 22, 19, -23.0362814635, 162.395902742, 498.7679375
5, 49496, 2.0, 70.0, 1634033699, 2021-10-12 10:14:59, 45, 17, -11.712986392, 160.057177668, 494.14503125
6, 49497, 2.0, 70.0, 1634033879, 2021-10-12 10:17:59, 8, 15, -0.37222548616, 157.843950491, 490.558625
7, 49498, 2.0, 70.0, 1634034059, 2021-10-12 10:20:59, 79, 13, 10.9784302827, 155.633250483, 488.24134375
8, 49499, 2.0, 70.0, 1634034239, 2021-10-12 10:23:59, 7, 12, 22.3310644318, 153.302817259, 487.21184375
9, 49500, 0.004, 70.0, 1634034417, 2021-10-12 10:26:57, 0, 10, 33.548707576, 150.718437602, 487.27821875
10, 49501, 0.004, 70.0, 1634034597, 2021-10-12 10:29:57, 5, 8, 44.8643195385, 147.534845449, 488.09646875
11, 49502, 0.004, 70.0, 1634034777, 2021-10-12 10:32:57, 14, 6, 56.1098400998, 143.143853436, 489.22696875
12, 49503, 0.004, 70.0, 1634034957, 2021-10-12 10:35:57, 417, 4, 67.1649862134, 135.729956301, 490.21140625
13, 49504, 0.004, 70.0, 1634035137, 2021-10-12 10:38:57, 26, 3, 77.4903744257, 117.590763377, 490.66221875
14, 49505, 0.004, 70.0, 1634036615, 2021-10-12 11:03:35, 0, 18, 5.8542669812, -32.8568913754, 482.58284375
15, 49507, 0.004, 70.0, 1634037575, 2021-10-12 11:19:35, 445, 19, -54.4526278866, -47.8538318661, 509.36003125
16, 49508, 0.004, 70.0, 1634037755, 2021-10-12 11:22:35, 280, 19, -65.479999036, -54.5389444022, 514.3743125
17, 49509, 0.004, 70.0, 1634037935, 2021-10-12 11:25:35, 14057, 20, -75.935468201, -69.6027080487, 517.95109375
18, 49510, 0.004, 70.0, 1634038115, 2021-10-12 11:28:35, 186, 20, -82.7214045745, -124.403139413, 519.7091875
19, 49511, 0.004, 70.0, 1634038295, 2021-10-12 11:31:35, 3, 20, -77.0967574541, 173.10675951, 519.4885625
20, 49512, 0.004, 70.0, 1634038475, 2021-10-12 11:34:35, 7, 20, -66.7990178476, 155.901663257, 517.37065625
21, 49513, 0.004, 70.0, 1634038655, 2021-10-12 11:37:35, 392, 20, -55.8174806826, 148.685909909, 513.66325
22, 49514, 0.004, 70.0, 1634038835, 2021-10-12 11:40:35, 45, 19, -44.6436224661, 144.359640769, 508.8535
23, 49515, 0.004, 70.0, 1634039015, 2021-10-12 11:43:35, 0, 18, -33.3883825456, 141.202754656, 503.53565625
24, 49516, 2.0, 70.0, 1634039197, 2021-10-12 11:46:37, 26, 16, -21.963998113, 138.576615222, 498.2698125
25, 49517, 2.0, 70.0, 1634039377, 2021-10-12 11:49:37, 9, 15, -10.6385916592, 136.255867207, 493.72546875
26, 49518, 2.0, 70.0, 1634039557, 2021-10-12 11:52:37, 12, 13, 0.703521277168, 134.047844633, 490.2495
27, 49519, 0.004, 70.0, 1634040401, 2021-10-12 12:06:41, 18, 3, 53.8122395954, 120.611619443, 488.96109375
28, 49520, 0.004, 70.0, 1634040581, 2021-10-12 12:09:41, 462, 2, 64.9255584302, 114.102476486, 490.014375
29, 49521, 0.004, 70.0, 1634040761, 2021-10-12 12:12:41, 0, 1, 75.5100157176, 99.6489219395, 490.60490625
30, 49522, 0.004, 70.0, 1634040941, 2021-10-12 12:15:41, 0, 0, 82.67286242, 46.9494191975, 490.453875
31, 49523, 0.004, 70.0, 1634041121, 2021-10-12 12:18:41, 0, 0, 77.3442493586, -17.8920049625, 489.46559375
32, 49524, 0.004, 70.0, 1634041301, 2021-10-12 12:21:41, 557, -1, 66.989675748, -35.7089222404, 487.7484375
33, 49525, 0.004, 70.0, 1634041481, 2021-10-12 12:24:41, 56, 0, 55.9194861427, -43.0476463139, 485.59928125
34, 49526, 2.0, 70.0, 1634041663, 2021-10-12 12:27:43, 121, 1, 44.5328846091, -47.4521655166, 483.43253125
35, 49527, 2.0, 70.0, 1634041843, 2021-10-12 12:30:43, 2, 3, 33.1992546075, -50.6156120265, 481.80159375
36, 49528, 2.0, 70.0, 1634042023, 2021-10-12 12:33:43, 62, 5, 21.8358176605, -53.2178321377, 481.15996875
37, 49529, 2.0, 70.0, 1634042203, 2021-10-12 12:36:43, 2, 7, 10.4622694721, -55.5428285308, 481.877875
38, 49530, 0.004, 70.0, 1634042381, 2021-10-12 12:39:41, 0, 8, -0.783366081833, -57.7294691971, 484.115125
39, 49531, 0.004, 70.0, 1634042561, 2021-10-12 12:42:41, 31, 10, -12.1451222154, -59.9478395071, 487.89909375
40, 49532, 0.004, 70.0, 1634042741, 2021-10-12 12:45:41, 223, 12, -23.4881104299, -62.2973084681, 492.9655
41, 49533, 0.004, 70.0, 1634042921, 2021-10-12 12:48:41, 414, 13, -34.8012310809, -64.9499490357, 498.8664375
42, 49534, 0.004, 70.0, 1634043101, 2021-10-12 12:51:41, 384, 15, -46.0651863228, -68.2130514207, 505.01125
43, 49535, 0.004, 70.0, 1634043281, 2021-10-12 12:54:41, 98, 16, -57.2364456523, -72.7747571818, 510.74575
44, 49536, 0.004, 70.0, 1634043461, 2021-10-12 12:57:41, 252, 17, -68.1838113809, -80.649500841, 515.44221875
45, 49537, 0.004, 70.0, 1634044242, 2021-10-12 13:10:42, 0, 20, -60.3635384803, 127.52948092, 515.34434375
46, 49538, 0.004, 70.0, 1634044422, 2021-10-12 13:13:42, 313, 21, -49.2468216264, 122.350189454, 510.91340625
47, 49539, 0.004, 70.0, 1634044602, 2021-10-12 13:16:42, 16, 22, -38.0182160286, 118.820320371, 505.723
48, 49540, 2.0, 70.0, 1634044784, 2021-10-12 13:19:44, 251, 21, -26.6089741254, 116.009123792, 500.333
49, 49541, 2.0, 70.0, 1634044964, 2021-10-12 13:22:44, 37, 19, -15.29289771, 113.599542336, 495.45346875
50, 49542, 2.0, 70.0, 1634045144, 2021-10-12 13:25:44, 12, 18, -3.95659198189, 111.361022968, 491.49746875
51, 49543, 0.004, 70.0, 1634046456, 2021-10-12 13:47:36, 0, 3, 77.3423164151, 70.9088382933, 490.617125
52, 49544, 0.004, 70.0, 1634046636, 2021-10-12 13:50:36, 1, 2, 82.6734634767, 6.09280450774, 490.3144375
53, 49545, 0.004, 70.0, 1634046816, 2021-10-12 13:53:36, 0, 2, 75.5112656422, -46.6353978354, 489.1798125
54, 49546, 0.004, 70.0, 1634046996, 2021-10-12 13:56:36, 6, 3, 64.9203811468, -61.0956732876, 487.35934375
55, 49547, 0.004, 70.0, 1634047176, 2021-10-12 13:59:36, 399, 4, 53.7963696508, -67.6068926225, 485.18078125
56, 49548, 2.0, 70.0, 1634047358, 2021-10-12 14:02:38, 1904, 5, 42.3906709083, -71.7033532182, 483.078125
57, 49549, 2.0, 70.0, 1634047538, 2021-10-12 14:05:38, 16, 7, 31.0492442458, -74.7282322653, 481.60565625
58, 49550, 2.0, 70.0, 1634047718, 2021-10-12 14:08:38, 4, 8, 19.6827883551, -77.2614947866, 481.2025
59, 49551, 2.0, 70.0, 1634047898, 2021-10-12 14:11:38, 17, 10, 8.3088551148, -79.55436197, 482.20984375
60, 49552, 2.0, 70.0, 1634048078, 2021-10-12 14:14:38, 9, 11, -3.06167839884, -81.7580132223, 484.78215625
61, 49553, 0.004, 70.0, 1634048256, 2021-10-12 14:17:36, 0, 13, -14.2941840346, -83.9664934185, 488.799125
62, 49554, 0.004, 70.0, 1634048436, 2021-10-12 14:20:36, 18, 15, -25.6324158761, -86.3576743447, 494.06359375
63, 49555, 0.004, 70.0, 1634048616, 2021-10-12 14:23:36, 67, 17, -36.9380216115, -89.0957264279, 500.05828125
64, 49556, 0.004, 70.0, 1634049415, 2021-10-12 14:36:55, 0, 21, -82.4644938391, -160.91910656, 519.621625
65, 49558, 2.0, 70.0, 1634050388, 2021-10-12 14:53:08, 390, 22, -30.1821517308, 93.2469856313, 501.974
66, 49559, 2.0, 70.0, 1634050568, 2021-10-12 14:56:08, 19, 21, -18.8745242594, 90.7475530369, 496.88909375
67, 49560, 2.0, 70.0, 1634050748, 2021-10-12 14:59:08, 8, 20, -7.54356315425, 88.4709280434, 492.59565625
68, 49561, 2.0, 70.0, 1634050928, 2021-10-12 15:02:08, 29, 18, 3.80199662646, 86.2720169423, 489.4516875
69, 49562, 2.0, 70.0, 1634051108, 2021-10-12 15:05:08, 39, 16, 15.1015653284, 84.0397335369, 487.685125
70, 49563, 0.004, 70.0, 1634051466, 2021-10-12 15:11:06, 0, 12, 37.6631793805, 78.8821689029, 487.46728125
71, 49564, 0.004, 70.0, 1634051646, 2021-10-12 15:14:06, 0, 10, 48.9604352097, 75.3654069525, 488.45525
72, 49565, 0.004, 70.0, 1634051826, 2021-10-12 15:17:06, 140, 8, 60.1590631072, 70.2085526581, 489.58875
73, 49566, 0.004, 70.0, 1634052006, 2021-10-12 15:20:06, 232, 6, 71.0649559271, 60.5098616229, 490.4254375
74, 49567, 0.004, 70.0, 1634052186, 2021-10-12 15:23:06, 0, 5, 80.5702364956, 31.5567204709, 490.62225
75, 49568, 0.004, 70.0, 1634052366, 2021-10-12 15:26:06, 0, 4, 80.9462384094, -46.3029725285, 489.999625
76, 49569, 0.004, 70.0, 1634052546, 2021-10-12 15:29:06, 4, 4, 71.619615099, -77.4876218595, 488.577375
77, 49570, 0.004, 70.0, 1634052726, 2021-10-12 15:32:06, 1186, 5, 60.7342469975, -87.6218330769, 486.57496875
78, 49571, 0.004, 70.0, 1634052906, 2021-10-12 15:35:06, 418, 6, 49.531975194, -92.9147788905, 484.37621875
79, 49572, 0.004, 70.0, 1634053086, 2021-10-12 15:38:06, 10, 7, 38.222592364, -96.4890168827, 482.46425
80, 49573, 0.004, 70.0, 1634053446, 2021-10-12 15:44:06, 0, 10, 15.4985444606, -101.715566427, 481.42525
81, 49574, 0.004, 70.0, 1634053626, 2021-10-12 15:47:06, 0, 12, 4.12485966849, -103.96074523, 483.00421875
82, 49575, 0.004, 70.0, 1634053806, 2021-10-12 15:50:06, 0, 13, -7.2421571515, -106.161958105, 486.15
83, 49576, 0.004, 70.0, 1634053986, 2021-10-12 15:53:06, 0, 14, -18.5941893902, -108.437790796, 490.71078125
84, 49577, 0.004, 70.0, 1634054166, 2021-10-12 15:56:06, 8, 16, -29.9217029574, -110.932708636, 496.31953125
85, 49578, 0.004, 70.0, 1634054991, 2021-10-12 16:09:51, 727, 22, -79.5815461229, -153.924159568, 518.96396875
86, 49579, 0.004, 70.0, 1634055171, 2021-10-12 16:12:51, 0, 22, -81.7807645825, 130.748371491, 519.9214375
87, 49580, 0.004, 70.0, 1634055351, 2021-10-12 16:15:51, 0, 23, -73.1222430558, 93.102335885, 518.90265625
88, 49581, 0.004, 70.0, 1634055531, 2021-10-12 16:18:51, 40, 24, -62.4237352696, 81.6666457818, 516.084125
89, 49582, 0.004, 70.0, 1634055711, 2021-10-12 16:21:51, 666, 25, -51.3414289087, 75.9714564677, 511.85359375
90, 49583, 0.004, 70.0, 1634055891, 2021-10-12 16:24:51, 65, 25, -40.1277677648, 72.2283761992, 506.75146875
91, 49584, 0.004, 70.0, 1634056071, 2021-10-12 16:27:51, 0, 24, -28.8521841259, 69.3428466715, 501.39165625
92, 49585, 2.0, 70.0, 1634056253, 2021-10-12 16:30:53, 16, 22, -17.415527551, 66.853338342, 496.32165625
93, 49586, 2.0, 70.0, 1634056433, 2021-10-12 16:33:53, 20, 20, -6.08235303765, 64.593843463, 492.15784375
94, 49587, 2.0, 70.0, 1634056613, 2021-10-12 16:36:53, 7, 18, 5.26445794833, 62.3962505884, 489.1753125
95, 49588, 2.0, 70.0, 1634056793, 2021-10-12 16:39:53, 13, 16, 16.617455805, 60.1427935966, 487.50184375
96, 49589, 2.0, 70.0, 1634056973, 2021-10-12 16:42:53, 1, 14, 27.967582421, 57.6962881381, 487.0513125
97, 49590, 2.0, 70.0, 1634057153, 2021-10-12 16:45:53, 4, 12, 39.3006079508, 54.8437689146, 487.54959375
98, 49591, 0.004, 70.0, 1634057331, 2021-10-12 16:48:51, 0, 10, 50.4637461854, 51.2144044657, 488.577125
99, 49592, 0.004, 70.0, 1634057511, 2021-10-12 16:51:51, 13, 8, 61.6402511002, 45.701676825, 489.69871875
100, 49593, 0.004, 70.0, 1634057871, 2021-10-12 16:57:51, 0, 5, 81.4684132016, -0.122304155367, 490.57025
101, 49594, 0.004, 70.0, 1634058051, 2021-10-12 17:00:51, 0, 5, 79.9531835457, -77.0628592252, 489.84109375
102, 49595, 0.004, 70.0, 1634058231, 2021-10-12 17:03:51, 66, 5, 70.2031704691, -102.989635764, 488.33084375
103, 49596, 0.004, 70.0, 1634058411, 2021-10-12 17:06:51, 803, 6, 59.2486193815, -112.084975209, 486.28353125
104, 49597, 0.004, 70.0, 1634058591, 2021-10-12 17:09:51, 92, 7, 48.0254813501, -117.049224999, 484.1001875
105, 49598, 0.004, 70.0, 1634058771, 2021-10-12 17:12:51, 1, 8, 36.7078544818, -120.484728189, 482.27090625
106, 49599, 0.004, 70.0, 1634058951, 2021-10-12 17:15:51, 3, 9, 25.3510957522, -123.22091563, 481.2899375
107, 49600, 2.0, 70.0, 1634059133, 2021-10-12 17:18:53, 30, 10, 13.8530135785, -125.636111501, 481.58
108, 49601, 2.0, 70.0, 1634059313, 2021-10-12 17:21:53, 18, 11, 2.4798395564, -127.867452341, 483.3896875
109, 49602, 2.0, 70.0, 1634059493, 2021-10-12 17:24:53, 18, 13, -8.88543065615, -130.071964197, 486.75715625
110, 49603, 0.004, 70.0, 1634059671, 2021-10-12 17:27:51, 1, 15, -20.1084935554, -132.34281085, 491.4389375
111, 49604, 0.004, 70.0, 1634060616, 2021-10-12 17:43:36, 187, 21, -77.8463024135, -169.796972782, 518.5521875
112, 49605, 0.004, 70.0, 1634060796, 2021-10-12 17:46:36, 0, 22, -82.5775266396, 123.055119618, 519.899125
113, 49606, 0.004, 70.0, 1634060976, 2021-10-12 17:49:36, 0, 23, -75.1411923327, 73.5234415374, 519.2624375
114, 49607, 0.004, 70.0, 1634061156, 2021-10-12 17:52:36, 4, 25, -64.6080502565, 59.6750417517, 516.77225
115, 49608, 0.004, 70.0, 1634061336, 2021-10-12 17:55:36, 337, 25, -53.5703313705, 53.3074476346, 512.778125
116, 49609, 0.004, 70.0, 1634061516, 2021-10-12 17:58:36, 29, 24, -42.3749000015, 49.2987652151, 507.7960625
117, 49610, 0.004, 70.0, 1634061696, 2021-10-12 18:01:36, 2, 23, -31.1087864199, 46.2879051312, 502.4324375
118, 49611, 2.0, 70.0, 1634061878, 2021-10-12 18:04:38, 44, 21, -19.6778501283, 43.7352277972, 497.24309375
119, 49612, 2.0, 70.0, 1634062058, 2021-10-12 18:07:38, 17, 19, -8.348236278, 41.4481594444, 492.8731875
120, 49613, 2.0, 70.0, 1634062238, 2021-10-12 18:10:38, 12, 17, 2.99653995195, 39.2476808149, 489.63465625
121, 49614, 2.0, 70.0, 1634062418, 2021-10-12 18:13:38, 6, 15, 14.3490458216, 37.0151071265, 487.6981875
122, 49615, 2.0, 70.0, 1634062598, 2021-10-12 18:16:38, 1, 13, 25.700758749, 34.6206238038, 487.01946875
123, 49616, 2.0, 70.0, 1634062778, 2021-10-12 18:19:38, 0, 11, 37.0389035056, 31.8730640973, 487.35840625
124, 49617, 0.004, 70.0, 1634062955, 2021-10-12 18:22:35, 0, 9, 48.1517681328, 28.4797902596, 488.3101875
125, 49618, 0.004, 70.0, 1634063136, 2021-10-12 18:25:36, 3, 8, 59.423103394, 23.4603935223, 489.46128125
126, 49619, 0.004, 70.0, 1634063316, 2021-10-12 18:28:36, 0, 6, 70.3622045937, 14.2623690135, 490.3384375
127, 49620, 0.004, 70.0, 1634063676, 2021-10-12 18:34:36, 2, 5, 81.3796002518, -89.3594673524, 490.04053125
128, 49621, 0.004, 70.0, 1634063856, 2021-10-12 18:37:36, 0, 5, 72.3141292243, -123.613187054, 488.67903125
129, 49622, 0.004, 70.0, 1634064036, 2021-10-12 18:40:36, 503, 4, 61.4683352388, -134.33804571, 486.7175625
130, 49623, 0.004, 70.0, 1634064216, 2021-10-12 18:43:36, 25, 5, 50.2775483985, -139.810557197, 484.53025
131, 49624, 0.004, 70.0, 1634064396, 2021-10-12 18:46:36, 0, 6, 38.9726939839, -143.459039346, 482.59559375
132, 49625, 0.004, 70.0, 1634064576, 2021-10-12 18:49:36, 0, 8, 27.6213174433, -146.298267021, 481.413875
133, 49626, 2.0, 70.0, 1634064758, 2021-10-12 18:52:38, 33, 10, 16.1250111188, -148.764771273, 481.42740625
134, 49627, 2.0, 70.0, 1634064938, 2021-10-12 18:55:38, 13, 12, 4.75137968748, -151.015919661, 482.92746875
135, 49628, 2.0, 70.0, 1634065118, 2021-10-12 18:58:38, 7, 13, -6.61603883301, -153.216470008, 485.99371875
136, 49629, 2.0, 70.0, 1634065298, 2021-10-12 19:01:38, 1, 14, -17.9689248454, -155.484844133, 490.48675
137, 49630, 0.004, 70.0, 1634065476, 2021-10-12 19:04:36, 0, 15, -29.1721989791, -157.933439629, 495.9844375
138, 49631, 0.004, 70.0, 1634066257, 2021-10-12 19:17:37, 0, 20, -76.8125123016, 170.019746232, 518.29875
139, 49632, 0.004, 70.0, 1634066437, 2021-10-12 19:20:37, 0, 22, -82.745542463, 109.371020033, 519.857625
140, 49633, 0.004, 70.0, 1634066617, 2021-10-12 19:23:37, 0, 24, -76.2280120333, 52.630613454, 519.43278125
141, 49635, 0.004, 70.0, 1634067537, 2021-10-12 19:38:57, 1, 21, -19.8014270334, 20.1728253997, 497.26965625
142, 49636, 0.004, 70.0, 1634067717, 2021-10-12 19:41:57, 0, 20, -8.47193100385, 17.8840768204, 492.8851875
143, 49637, 2.0, 70.0, 1634068079, 2021-10-12 19:47:59, 6, 16, 14.3515490859, 13.4262778733, 487.66334375
144, 49638, 2.0, 70.0, 1634068259, 2021-10-12 19:50:59, 18, 15, 25.7033747114, 11.0317236874, 486.9845625
145, 49639, 2.0, 70.0, 1634068440, 2021-10-12 19:54:00, 24, 13, 37.1045416235, 8.26723791842, 487.32871875
146, 49640, 0.004, 70.0, 1634068617, 2021-10-12 19:56:57, 0, 11, 48.2171876847, 4.86822971001, 488.285
147, 49641, 0.004, 70.0, 1634068797, 2021-10-12 19:59:57, 4, 9, 59.4259789037, -0.129542008112, 489.43315625
148, 49642, 0.004, 70.0, 1634068977, 2021-10-12 20:02:57, 0, 8, 70.365032292, -9.32953126347, 490.31453125
149, 49643, 0.004, 70.0, 1634069157, 2021-10-12 20:05:57, 0, 7, 80.0698773277, -35.7756873395, 490.57671875
150, 49644, 0.004, 70.0, 1634069337, 2021-10-12 20:08:57, 1, 7, 81.3778858743, -112.965789574, 490.02728125
151, 49645, 0.004, 70.0, 1634069517, 2021-10-12 20:11:57, 258, 7, 72.3112059033, -147.206067464, 488.67184375
152, 49646, 0.004, 70.0, 1634069697, 2021-10-12 20:14:57, 498, 7, 61.4652343329, -157.928316987, 486.7166875
153, 49647, 0.004, 70.0, 1634069877, 2021-10-12 20:17:57, 16, 8, 50.2744065114, -163.400036172, 484.53575
154, 49648, 0.004, 70.0, 1634070057, 2021-10-12 20:20:57, 0, 9, 38.9695657572, -167.048190472, 482.60721875
155, 49649, 0.004, 70.0, 1634070237, 2021-10-12 20:23:57, 0, 10, 27.6182336129, -169.887254222, 481.4311875
156, 49650, 2.0, 70.0, 1634070419, 2021-10-12 20:26:59, 19, 11, 16.1219938827, -172.353690173, 481.44975
157, 49651, 2.0, 70.0, 1634070599, 2021-10-12 20:29:59, 10, 12, 4.74844355991, -174.604783919, 482.9538125
158, 49652, 2.0, 70.0, 1634070779, 2021-10-12 20:32:59, 2, 14, -6.6188801917, -176.805320605, 486.02290625
159, 49654, 0.004, 70.0, 1634071876, 2021-10-12 20:51:16, 0, 21, -74.5295010813, 152.120812043, 517.6768125
160, 49655, 0.004, 70.0, 1634072056, 2021-10-12 20:54:16, 0, 23, -82.3970320606, 106.440288313, 519.68171875
161, 49656, 0.004, 70.0, 1634072236, 2021-10-12 20:57:16, 0, 25, -78.3969112832, 36.2299085796, 519.7128125
162, 49657, 0.004, 70.0, 1634072416, 2021-10-12 21:00:16, 89, 25, -68.3268355421, 15.8784173841, 517.8184375
163, 49658, 0.004, 70.0, 1634072596, 2021-10-12 21:03:16, 320, 25, -57.3937995504, 7.93377698412, 514.2776875
164, 49659, 0.004, 70.0, 1634072776, 2021-10-12 21:06:16, 47, 25, -46.2373822219, 3.34804475192, 509.55740625
165, 49660, 0.004, 70.0, 1634072956, 2021-10-12 21:09:16, 88, 24, -34.9904375662, 0.0747865159771, 504.2429375
166, 49661, 0.004, 70.0, 1634073136, 2021-10-12 21:12:16, 8, 23, -23.6963902184, -2.58219655784, 498.9531875
167, 49662, 0.004, 70.0, 1634073316, 2021-10-12 21:15:16, 0, 21, -12.373965996, -4.93278609671, 494.25303125
168, 49663, 2.0, 70.0, 1634073498, 2021-10-12 21:18:18, 30, 19, -0.907430651757, -7.17421384474, 490.5416875
169, 49664, 2.0, 70.0, 1634073678, 2021-10-12 21:21:18, 6, 17, 10.4434864519, -9.38251987105, 488.14740625
170, 49665, 2.0, 70.0, 1634073858, 2021-10-12 21:24:18, 9, 15, 21.7968360633, -11.7042480187, 487.0525
171, 49666, 0.004, 70.0, 1634074036, 2021-10-12 21:27:16, 0, 13, 33.0158332925, -14.2705643867, 487.074625
172, 49667, 0.004, 70.0, 1634074217, 2021-10-12 21:30:17, 0, 11, 44.3967691842, -17.437317562, 487.880875
173, 49668, 0.004, 70.0, 1634074397, 2021-10-12 21:33:17, 0, 10, 55.6472040666, -21.7563484095, 489.0235
174, 49669, 0.004, 70.0, 1634074576, 2021-10-12 21:36:16, 5, 8, 66.6552355354, -28.9149535644, 490.04046875
175, 49670, 0.004, 70.0, 1634074936, 2021-10-12 21:42:16, 1, 6, 82.7174294044, -109.046797783, 490.29703125
176, 49671, 0.004, 70.0, 1634075116, 2021-10-12 21:45:16, 138, 6, 75.8178455133, -163.823562542, 489.21165625
177, 49672, 0.004, 70.0, 1634075296, 2021-10-12 21:48:16, 292, 7, 65.2603060014, -178.763863689, 487.43453125
178, 49673, 0.004, 70.0, 1634075476, 2021-10-12 21:51:16, 11, 8, 54.1443712041, 174.601396145, 485.287375
179, 49674, 0.004, 70.0, 1634075656, 2021-10-12 21:54:16, 3, 9, 42.8674864142, 170.496097285, 483.22096875
180, 49675, 0.004, 70.0, 1634075836, 2021-10-12 21:57:16, 2, 11, 31.5279312235, 167.442005519, 481.73746875
181, 49676, 2.0, 70.0, 1634076018, 2021-10-12 22:00:18, 3, 13, 20.036067937, 164.867625259, 481.30559375
182, 49677, 2.0, 70.0, 1634076198, 2021-10-12 22:03:18, 13, 14, 8.66256414488, 162.56988132, 482.28396875
183, 49678, 2.0, 70.0, 1634076378, 2021-10-12 22:06:18, 10, 16, -2.70777364114, 160.365355804, 484.82146875
184, 49679, 0.004, 70.0, 1634077437, 2021-10-12 22:23:57, 0, 24, -68.7442147418, 137.218841917, 515.791875
185, 49680, 0.004, 70.0, 1634077617, 2021-10-12 22:26:57, 0, 26, -78.7437004779, 115.841374346, 518.81946875
186, 49682, 0.004, 70.0, 1634080392, 2021-10-12 23:13:12, 0, 8, 75.7052088637, -65.9502234093, 490.501375
187, 49683, 0.004, 70.0, 1634080572, 2021-10-12 23:16:12, 0, 8, 82.7029220826, -119.954432301, 490.36696875
188, 49684, 0.004, 70.0, 1634080752, 2021-10-12 23:19:12, 0, 9, 77.1577647037, 176.383638386, 489.399125
189, 49685, 0.004, 70.0, 1634080932, 2021-10-12 23:22:12, 736, 9, 66.7744155062, 158.969101213, 487.70871875
190, 49686, 0.004, 70.0, 1634081112, 2021-10-12 23:25:12, 2, 10, 55.6980719004, 151.725521675, 485.5945625
191, 49687, 0.004, 70.0, 1634081292, 2021-10-12 23:28:12, 0, 10, 44.4351582625, 147.395441288, 483.49340625
192, 49688, 2.0, 70.0, 1634081474, 2021-10-12 23:31:14, 66, 11, 32.9753063651, 144.207518796, 481.892375
193, 49689, 2.0, 70.0, 1634081654, 2021-10-12 23:34:14, 0, 13, 21.6119428425, 141.612962157, 481.30671875
194, 49690, 2.0, 70.0, 1634082014, 2021-10-12 23:40:14, 4, 16, -1.13237428758, 137.081582436, 484.4038125
195, 49691, 2.0, 70.0, 1634082194, 2021-10-12 23:43:14, 44, 17, -12.493028146, 134.86121088, 488.2455
196, 49692, 0.004, 70.0, 1634082959, 2021-10-12 23:55:59, 3, 17, -60.3389839503, 120.386988182, 512.373375
197, 49693, 0.004, 70.0, 1634083139, 2021-10-12 23:58:59, 0, 18, -71.1608312925, 110.658271635, 516.6543125
198, 49694, 0.004, 70.0, 1634083319, 2021-10-13 00:01:59, 0, 18, -80.5780775528, 81.7725956762, 519.26421875
199, 49696, 0.004, 70.0, 1634084421, 2021-10-13 00:20:21, 309, 16, -26.0153657998, -49.2461693434, 499.95928125
200, 49697, 0.004, 70.0, 1634084601, 2021-10-13 00:23:21, 18, 15, -14.6975903749, -51.6428280813, 495.08871875
201, 49698, 2.0, 70.0, 1634084783, 2021-10-13 00:26:23, 449, 14, -3.23392125553, -53.9007827527, 491.1310625
202, 49700, 0.004, 70.0, 1634085714, 2021-10-13 00:41:54, 100, 4, 55.3430352523, -68.7898540658, 488.932875
203, 49701, 0.004, 70.0, 1634085894, 2021-10-13 00:44:54, 0, 3, 66.4198603864, -75.877807744, 489.9715
204, 49702, 0.004, 70.0, 1634086074, 2021-10-13 00:47:54, 0, 2, 76.843323285, -92.6444058522, 490.507
205, 49703, 0.004, 70.0, 1634086434, 2021-10-13 00:53:54, 795, 2, 76.0298819059, 149.544970122, 489.22584375
206, 49704, 0.004, 70.0, 1634086614, 2021-10-13 00:56:54, 145, 4, 65.4966237164, 134.256001478, 487.473625
207, 49705, 0.004, 70.0, 1634086794, 2021-10-13 00:59:54, 6, 5, 54.3864365234, 127.532759411, 485.342875
208, 49706, 2.0, 70.0, 1634086976, 2021-10-13 01:02:56, 173, 5, 42.9859253095, 123.355743564, 483.2610625
209, 49707, 2.0, 70.0, 1634087156, 2021-10-13 01:05:56, 17, 6, 31.6468755528, 120.294275194, 481.78015625
210, 49708, 2.0, 70.0, 1634087336, 2021-10-13 01:08:56, 0, 6, 20.2816542188, 117.742789728, 481.3424375
211, 49709, 2.0, 70.0, 1634087516, 2021-10-13 01:11:56, 5, 7, 8.90834423326, 115.441576053, 482.29603125
212, 49710, 2.0, 70.0, 1634087696, 2021-10-13 01:14:56, 56, 8, -2.4619775445, 113.236353857, 484.80528125
213, 49711, 2.0, 70.0, 1634087876, 2021-10-13 01:17:56, 5, 9, -13.8207631328, 111.007089396, 488.81371875
214, 49712, 2.0, 70.0, 1634088056, 2021-10-13 01:20:56, 47, 10, -25.1593620969, 108.625730281, 494.040875
215, 49713, 0.004, 70.0, 1634088234, 2021-10-13 01:23:54, 5, 11, -36.3405781347, 105.940659976, 499.945125
216, 49714, 0.004, 70.0, 1634088414, 2021-10-13 01:26:54, 116, 12, -47.5946022815, 102.555208412, 506.06
217, 49715, 0.004, 70.0, 1634088594, 2021-10-13 01:29:54, 11, 13, -58.7459857606, 97.7147558008, 511.66703125
218, 49716, 0.004, 70.0, 1634088774, 2021-10-13 01:32:54, 0, 15, -69.6377742399, 89.0235859699, 516.14996875
219, 49717, 0.004, 70.0, 1634089554, 2021-10-13 01:45:54, 77, 17, -58.9232428299, -62.0133228628, 514.82859375
220, 49718, 0.004, 70.0, 1634089734, 2021-10-13 01:48:54, 278, 18, -47.7859500311, -66.8856314764, 510.21946875
221, 49719, 0.004, 70.0, 1634089914, 2021-10-13 01:51:54, 81, 18, -36.5478436402, -70.2844019089, 504.9324375
222, 49720, 0.004, 70.0, 1634090094, 2021-10-13 01:54:54, 57, 17, -25.2586764625, -73.0032543303, 499.587875
223, 49721, 0.004, 70.0, 1634090274, 2021-10-13 01:57:54, 0, 16, -13.9391951979, -75.3840875199, 494.7636875
224, 49722, 2.0, 70.0, 1634090456, 2021-10-13 02:00:56, 13, 14, -2.47438927888, -77.6360896814, 490.87975
225, 49723, 0.004, 70.0, 1634090994, 2021-10-13 02:09:54, 0, 9, 31.4510711048, -84.6528659583, 486.91309375
226, 49724, 0.004, 70.0, 1634091174, 2021-10-13 02:12:54, 11, 7, 42.7749646717, -87.6984131578, 487.63521875
227, 49725, 0.004, 70.0, 1634091354, 2021-10-13 02:15:54, 508, 6, 54.0395790268, -91.7863769982, 488.766625
228, 49726, 0.004, 70.0, 1634091534, 2021-10-13 02:18:54, 0, 4, 65.1484275028, -98.3763347539, 489.8440625
229, 49727, 0.004, 70.0, 1634091714, 2021-10-13 02:21:54, 0, 3, 75.7117931661, -113.143060304, 490.45940625
230, 49728, 0.004, 70.0, 1634091894, 2021-10-13 02:24:54, 0, 2, 82.7038304977, -167.192280142, 490.33571875
231, 49729, 0.004, 70.0, 1634092074, 2021-10-13 02:27:54, 142, 2, 77.1512896844, 129.186594096, 489.3795625
232, 49730, 0.004, 70.0, 1634092254, 2021-10-13 02:30:54, 259, 1, 66.766936449, 111.785717301, 487.7015625
233, 49731, 0.004, 70.0, 1634092434, 2021-10-13 02:33:54, 11, 2, 55.6903811074, 104.545416253, 485.60009375
234, 49732, 0.004, 70.0, 1634092614, 2021-10-13 02:36:54, 0, 4, 44.4274401487, 100.21651749, 483.51146875
235, 49733, 2.0, 70.0, 1634092796, 2021-10-13 02:39:56, 19, 6, 32.967649723, 97.0291550723, 481.9224375
236, 49734, 2.0, 70.0, 1634093156, 2021-10-13 02:45:56, 11, 9, 10.2314543282, 92.1136523424, 482.1308125
237, 49735, 2.0, 70.0, 1634093336, 2021-10-13 02:48:56, 10, 10, -1.13958888834, 89.9036831651, 484.4605
238, 49736, 2.0, 70.0, 1634093516, 2021-10-13 02:51:56, 3, 11, -12.5000410428, 87.6833047794, 488.30653125
239, 49737, 0.004, 70.0, 1634093694, 2021-10-13 02:54:54, 0, 12, -23.7155249934, 85.3549547633, 493.35125
240, 49738, 0.004, 70.0, 1634093874, 2021-10-13 02:57:54, 0, 14, -35.0269995688, 82.6939198932, 499.25959375
241, 49739, 0.004, 70.0, 1634094054, 2021-10-13 03:00:54, 370, 14, -46.288799886, 79.4138171674, 505.38875
242, 49740, 0.004, 70.0, 1634094234, 2021-10-13 03:03:54, 1092, 15, -57.4566031398, 74.8137803847, 511.084875
243, 49741, 0.004, 70.0, 1634094930, 2021-10-13 03:15:30, 3009, 19, -75.7745284536, -66.4906689575, 519.38115625
244, 49742, 0.004, 70.0, 1634095110, 2021-10-13 03:18:30, 90, 19, -65.3074684576, -81.2897491133, 516.9695625
245, 49743, 0.004, 70.0, 1634095290, 2021-10-13 03:21:30, 62, 20, -54.2862171577, -87.906679286, 513.02515625
246, 49744, 0.004, 70.0, 1634095470, 2021-10-13 03:24:30, 53, 20, -43.0971139589, -92.0106735803, 508.05659375
247, 49745, 0.004, 70.0, 1634095650, 2021-10-13 03:27:30, 3, 20, -31.8340295662, -95.0658240259, 502.66828125
248, 49746, 0.004, 70.0, 1634095830, 2021-10-13 03:30:30, 0, 19, -20.530452397, -97.6142837181, 497.4735
249, 49747, 0.004, 70.0, 1634096010, 2021-10-13 03:33:30, 0, 17, -9.20184514582, -99.9132980717, 493.008
250, 49748, 0.004, 70.0, 1634096190, 2021-10-13 03:36:30, 0, 15, 2.1425784756, -102.116143362, 489.65765625
251, 49749, 0.004, 70.0, 1634096370, 2021-10-13 03:39:30, 0, 14, 13.4953473075, -104.342265936, 487.61
252, 49750, 0.004, 70.0, 1634096550, 2021-10-13 03:42:30, 4, 12, 24.8480915935, -106.719219579, 486.837125
253, 49751, 0.004, 70.0, 1634096730, 2021-10-13 03:45:30, 25, 10, 36.1884937276, -109.431050566, 487.1124375
254, 49752, 0.004, 70.0, 1634096910, 2021-10-13 03:48:30, 54, 8, 47.4938945573, -112.818038922, 488.0585625
255, 49753, 0.004, 70.0, 1634097090, 2021-10-13 03:51:30, 61, 6, 58.7121285128, -117.670594628, 489.2194375
256, 49755, 0.004, 70.0, 1634097450, 2021-10-13 03:57:30, 0, 4, 79.5540887624, -150.697714808, 490.47334375
257, 49756, 0.004, 70.0, 1634097630, 2021-10-13 04:00:30, 1, 2, 81.7524671087, 133.462538402, 490.00015625
258, 49757, 0.004, 70.0, 1634097810, 2021-10-13 04:03:30, 249, 2, 72.9778870077, 95.9451699003, 488.71678125
259, 49758, 0.004, 70.0, 1634097990, 2021-10-13 04:06:30, 137, 3, 62.174037214, 84.5954991994, 486.8163125
260, 49759, 0.004, 70.0, 1634098170, 2021-10-13 04:09:30, 0, 4, 50.9950324499, 78.938210605, 484.662625
261, 49760, 2.0, 70.0, 1634098352, 2021-10-13 04:12:32, 565, 5, 39.5688875361, 75.1789496184, 482.7101875
262, 49761, 2.0, 70.0, 1634098532, 2021-10-13 04:15:32, 11, 6, 28.2192544013, 72.310113073, 481.5065625
263, 49762, 2.0, 70.0, 1634098712, 2021-10-13 04:18:32, 3, 7, 16.8501244915, 69.8546464063, 481.46684375
264, 49763, 2.0, 70.0, 1634098892, 2021-10-13 04:21:32, 8, 7, 5.47673809327, 67.5961214142, 482.889125
265, 49764, 2.0, 70.0, 1634099072, 2021-10-13 04:24:32, 1, 8, -5.89092631402, 65.3958784262, 485.87328125
266, 49765, 2.0, 70.0, 1634099252, 2021-10-13 04:27:32, 36, 10, -17.244549133, 63.1356322263, 490.2936875
267, 49766, 0.004, 70.0, 1634099430, 2021-10-13 04:30:30, 0, 11, -28.4492080876, 60.7055806936, 495.74128125
268, 49767, 0.004, 70.0, 1634099610, 2021-10-13 04:33:30, 0, 12, -39.7431427373, 57.8369832048, 501.82315625
269, 49768, 0.004, 70.0, 1634099790, 2021-10-13 04:36:30, 129, 13, -50.9736505427, 54.1305947125, 507.85453125
270, 49769, 0.004, 70.0, 1634099970, 2021-10-13 04:39:30, 1071, 14, -62.0730460369, 48.5268718767, 513.18234375
271, 49770, 0.004, 70.0, 1634100150, 2021-10-13 04:42:30, 2, 16, -72.8000493723, 37.4034990034, 517.21959375
272, 49771, 0.004, 70.0, 1634100879, 2021-10-13 04:54:39, 56, 18, -58.7203452304, -109.301085726, 514.74790625
273, 49772, 0.004, 70.0, 1634101059, 2021-10-13 04:57:39, 15, 19, -47.5803545069, -114.133246488, 510.1133125
274, 49773, 0.004, 70.0, 1634101239, 2021-10-13 05:00:39, 4, 19, -36.3409708706, -117.514647749, 504.8118125
275, 49774, 0.004, 70.0, 1634101419, 2021-10-13 05:03:39, 2, 18, -25.051045542, -120.224976094, 499.4640625
276, 49775, 2.0, 70.0, 1634101601, 2021-10-13 05:06:41, 32, 16, -13.6051357682, -122.626935059, 494.5980625
277, 49776, 2.0, 70.0, 1634101781, 2021-10-13 05:09:41, 41, 15, -2.26583991133, -124.852142389, 490.77734375
278, 49777, 0.004, 70.0, 1634101959, 2021-10-13 05:12:39, 0, 13, 8.9585350246, -127.030617564, 488.23421875
279, 49778, 0.004, 70.0, 1634102139, 2021-10-13 05:15:39, 0, 12, 20.3125727776, -129.329782181, 486.96796875
280, 49779, 0.004, 70.0, 1634103120, 2021-10-13 05:32:00, 0, 16, 79.9627867917, -176.639948065, 490.4506875
281, 49780, 0.004, 70.0, 1634103300, 2021-10-13 05:35:00, 1, 12, 81.4609273142, 106.398180197, 489.94096875
282, 49781, 0.004, 70.0, 1634103480, 2021-10-13 05:38:00, 211, 8, 72.4524337247, 71.4897800331, 488.6265
283, 49782, 2.0, 70.0, 1634103842, 2021-10-13 05:44:02, 75, 6, 50.3013413624, 55.0818044223, 484.53815625
284, 49783, 2.0, 70.0, 1634104022, 2021-10-13 05:47:02, 19, 7, 38.9967396649, 51.4308702359, 482.64009375
285, 49784, 2.0, 70.0, 1634104202, 2021-10-13 05:50:02, 22, 8, 27.6456534073, 48.5904711831, 481.49096875
286, 49785, 2.0, 70.0, 1634104382, 2021-10-13 05:53:02, 2, 10, 16.2760778277, 46.1491566684, 481.52390625
287, 49786, 2.0, 70.0, 1634104562, 2021-10-13 05:56:02, 23, 12, 4.90284724315, 43.8965534502, 483.02796875
288, 49787, 2.0, 70.0, 1634104742, 2021-10-13 05:59:02, 12, 13, -6.46421311929, 41.6961362924, 486.09184375
289, 49788, 0.004, 70.0, 1634104920, 2021-10-13 06:02:00, 0, 15, -17.6907773443, 39.4555678676, 490.521875
290, 49789, 0.004, 70.0, 1634105673, 2021-10-13 06:14:33, 161, 18, -64.6311567864, 23.0879296465, 514.2810625
291, 49790, 0.004, 70.0, 1634105853, 2021-10-13 06:17:33, 717, 19, -75.1677207874, 9.1973363672, 517.9415
292, 49791, 0.004, 70.0, 1634106213, 2021-10-13 06:23:33, 713, 22, -77.8212766004, -107.511275635, 519.6713125
293, 49792, 0.004, 70.0, 1634106393, 2021-10-13 06:26:33, 239, 23, -67.6411665117, -126.351806043, 517.62921875
294, 49794, 2.0, 70.0, 1634107210, 2021-10-13 06:40:10, 6, 18, -16.8729646441, -145.551986892, 495.87225
295, 49795, 2.0, 70.0, 1634107390, 2021-10-13 06:43:10, 18, 17, -5.53819186655, -147.805812714, 491.72653125
296, 49796, 2.0, 70.0, 1634107570, 2021-10-13 06:46:10, 8, 15, 5.80995271387, -150.003535362, 488.78209375
297, 49797, 0.004, 70.0, 1634107748, 2021-10-13 06:49:08, 0, 13, 17.0378129673, -152.237048202, 487.16821875
298, 49798, 0.004, 70.0, 1634107928, 2021-10-13 06:52:08, 1, 11, 28.3885611304, -154.694236076, 486.75521875
299, 49799, 0.004, 70.0, 1634108108, 2021-10-13 06:55:08, 4, 9, 39.7214910376, -157.568147452, 487.28840625
300, 49800, 0.004, 70.0, 1634108288, 2021-10-13 06:58:08, 26, 8, 51.0079551678, -161.290368323, 488.35721875
301, 49801, 0.004, 70.0, 1634108468, 2021-10-13 07:01:08, 247, 6, 62.1764004594, -166.94487703, 489.4978125
302, 49802, 0.004, 70.0, 1634108648, 2021-10-13 07:04:08, 24, 4, 72.9736454602, -178.2862149, 490.2789375
303, 49803, 0.004, 70.0, 1634108828, 2021-10-13 07:07:08, 0, 3, 81.7486626934, 144.238391251, 490.3815
304, 49804, 0.004, 70.0, 1634109008, 2021-10-13 07:10:08, 13, 3, 79.5592933665, 68.377597508, 489.65875
305, 49805, 0.004, 70.0, 1634109188, 2021-10-13 07:13:08, 155, 3, 69.6831608469, 44.0811256522, 488.16584375
306, 49806, 0.004, 70.0, 1634109366, 2021-10-13 07:16:06, 9, 4, 58.830236144, 35.3881116702, 486.17746875
307, 49807, 2.0, 70.0, 1634109550, 2021-10-13 07:19:10, 7, 5, 47.3509113772, 30.4216454838, 484.00475
308, 49808, 2.0, 70.0, 1634109730, 2021-10-13 07:22:10, 22, 6, 36.0300982257, 27.0437651849, 482.26140625
309, 49809, 2.0, 70.0, 1634109910, 2021-10-13 07:25:10, 0, 8, 24.6722927695, 24.3357727643, 481.3894375
310, 49810, 2.0, 70.0, 1634110090, 2021-10-13 07:28:10, 2, 9, 13.3006903313, 21.9598043769, 481.7909375
311, 49811, 0.004, 70.0, 1634110268, 2021-10-13 07:31:08, 0, 10, 2.05464726057, 19.7569847, 483.67675
312, 49812, 0.004, 70.0, 1634110448, 2021-10-13 07:34:08, 0, 12, -9.30946929034, 17.551287806, 487.1208125
313, 49813, 0.004, 70.0, 1634110628, 2021-10-13 07:37:08, 4, 14, -20.6569850665, 15.2479431125, 491.91684375
314, 49814, 0.004, 70.0, 1634111304, 2021-10-13 07:48:24, 472, 19, -62.8140191089, 0.845917754657, 513.54346875
315, 49816, 0.004, 70.0, 1634112138, 2021-10-13 08:02:18, 136, 23, -62.5654002232, -154.118451129, 516.08803125
316, 49817, 0.004, 70.0, 1634112318, 2021-10-13 08:05:18, 22, 23, -51.4855185794, -159.853105276, 511.81421875
317, 49818, 0.004, 70.0, 1634112498, 2021-10-13 08:08:18, 5, 23, -40.2725746054, -163.612195508, 506.66340625
318, 49819, 2.0, 70.0, 1634112685, 2021-10-13 08:11:25, 11, 22, -28.5576868595, -166.607465685, 501.044125
319, 49820, 2.0, 70.0, 1634112860, 2021-10-13 08:14:20, 0, 21, -17.5599792217, -168.998824196, 496.1279375
320, 49821, 2.0, 70.0, 1634113040, 2021-10-13 08:17:20, 4, 19, -6.2261660857, -171.260053944, 491.91428125
321, 49822, 2.0, 70.0, 1634113220, 2021-10-13 08:20:20, 21, 17, 5.12148373289, -173.457831233, 488.88896875
322, 49823, 2.0, 70.0, 1634113400, 2021-10-13 08:23:20, 17, 15, 16.4754903232, -175.709990489, 487.18353125
323, 49824, 0.004, 70.0, 1634113578, 2021-10-13 08:26:18, 0, 13, 27.7007252226, -178.124353077, 486.714375
324, 49825, 0.004, 70.0, 1634113758, 2021-10-13 08:29:18, 0, 11, 39.035449762, 179.035992086, 487.2023125
325, 49826, 0.004, 70.0, 1634113938, 2021-10-13 08:32:18, 12, 9, 50.3261725152, 175.3854199, 488.2543125
326, 49827, 0.004, 70.0, 1634114118, 2021-10-13 08:35:18, 60, 7, 61.5057578453, 169.906692941, 489.4073125
327, 49828, 0.004, 70.0, 1634114298, 2021-10-13 08:38:18, 34, 6, 72.342897981, 159.159854736, 490.2254375
328, 49829, 0.004, 70.0, 1634114478, 2021-10-13 08:41:18, 0, 5, 81.3948588944, 124.789250007, 490.38071875
329, 49830, 0.004, 70.0, 1634114658, 2021-10-13 08:44:18, 1, 5, 80.0476245714, 47.6405079829, 489.7145
330, 49831, 0.004, 70.0, 1634114838, 2021-10-13 08:47:18, 111, 5, 70.3303895725, 21.2900377345, 488.26934375
331, 49832, 0.004, 70.0, 1634115020, 2021-10-13 08:50:20, 1, 6, 59.257628401, 12.0389665616, 486.2610625
332, 49833, 2.0, 70.0, 1634115380, 2021-10-13 08:56:20, 51, 7, 36.7173347844, 3.63649986223, 482.36040625
333, 49835, 0.004, 70.0, 1634119249, 2021-10-13 10:00:49, 0, 12, 28.3443732216, 158.140121153, 486.7074375
334, 49836, 0.004, 70.0, 1634119429, 2021-10-13 10:03:49, 0, 10, 39.6775592609, 155.268422759, 487.23671875
335, 49837, 0.004, 70.0, 1634119609, 2021-10-13 10:06:49, 2, 9, 50.9644366175, 151.550846417, 488.30459375
336, 49838, 0.004, 70.0, 1634119789, 2021-10-13 10:09:49, 68, 7, 62.1337527583, 145.907812427, 489.44728125
337, 49839, 0.004, 70.0, 1634119969, 2021-10-13 10:12:49, 16, 5, 72.9337708159, 134.605707164, 490.233125
338, 49840, 0.004, 70.0, 1634120149, 2021-10-13 10:15:49, 81, 4, 81.7275574088, 97.3346284527, 490.342375
339, 49841, 0.004, 70.0, 1634120329, 2021-10-13 10:18:49, 0, 4, 79.5908146896, 21.3740166179, 489.62740625
340, 49842, 0.004, 70.0, 1634120509, 2021-10-13 10:21:49, 68, 5, 69.7240190385, -3.04581357694, 488.14240625
341, 49843, 0.004, 70.0, 1634120691, 2021-10-13 10:24:51, 1, 5, 58.6249411481, -11.9005348488, 486.1135
342, 49844, 0.004, 70.0, 1634120869, 2021-10-13 10:27:49, 2, 6, 47.5192823704, -16.6956939144, 484.0165
343, 49845, 2.0, 70.0, 1634121051, 2021-10-13 10:30:51, 10, 7, 36.0732172099, -20.1207281318, 482.25446875
344, 49846, 2.0, 70.0, 1634121231, 2021-10-13 10:33:51, 1, 9, 24.7154817632, -22.8304810337, 481.38428125
345, 49847, 2.0, 70.0, 1634121411, 2021-10-13 10:36:51, 23, 11, 13.343905792, -25.2073083174, 481.78584375
346, 49848, 2.0, 70.0, 1634121591, 2021-10-13 10:39:51, 45, 13, 1.97153879942, -27.4348464488, 483.7004375
347, 49849, 0.004, 70.0, 1634121769, 2021-10-13 10:42:49, 0, 15, -9.26626151365, -29.6159871053, 487.112875
348, 49850, 0.004, 70.0, 1634122631, 2021-10-13 10:57:11, 89, 20, -63.1373192831, -46.557612226, 513.6920625
349, 49851, 0.004, 70.0, 1634122811, 2021-10-13 11:00:11, 352, 21, -73.7936574813, -58.7117323619, 517.56540625
350, 49852, 0.004, 70.0, 1634122991, 2021-10-13 11:03:11, 36, 22, -82.1068309832, -100.027635438, 519.6740625
351, 49853, 0.004, 70.0, 1634123171, 2021-10-13 11:06:11, 0, 23, -79.031148989, -173.27140805, 519.81009375
352, 49854, 0.004, 70.0, 1634123351, 2021-10-13 11:09:11, 0, 25, -69.1051834092, 164.435438209, 518.0056875
353, 49855, 0.004, 70.0, 1634123531, 2021-10-13 11:12:11, 0, 25, -58.2004790422, 156.064563269, 514.52590625
354, 49856, 0.004, 70.0, 1634123711, 2021-10-13 11:15:11, 71, 25, -47.0536888654, 151.332239382, 509.8276875
355, 49857, 0.004, 70.0, 1634123891, 2021-10-13 11:18:11, 0, 23, -35.8110267383, 147.994366916, 504.4923125
356, 49858, 2.0, 70.0, 1634124073, 2021-10-13 11:21:13, 41, 22, -24.3934656646, 145.277782118, 499.08375
357, 49859, 2.0, 70.0, 1634124253, 2021-10-13 11:24:13, 24, 20, -13.071826914, 142.914017571, 494.2988125
358, 49860, 2.0, 70.0, 1634124433, 2021-10-13 11:27:13, 6, 18, -1.73152595202, 140.692443902, 490.521625
359, 49861, 2.0, 70.0, 1634124613, 2021-10-13 11:30:13, 17, 16, 9.61969050598, 138.487330989, 488.0116875
360, 49862, 2.0, 70.0, 1634124793, 2021-10-13 11:33:13, 19, 14, 20.9740253722, 136.178330899, 486.8148125
361, 49863, 2.0, 70.0, 1634124973, 2021-10-13 11:36:13, 55, 12, 32.3209469219, 133.607939469, 486.76853125
362, 49864, 0.004, 70.0, 1634125151, 2021-10-13 11:39:11, 2, 10, 43.5169212909, 130.546102269, 487.52825
363, 49865, 0.004, 70.0, 1634125331, 2021-10-13 11:42:11, 14, 8, 54.7759348909, 126.355685591, 488.67678125
364, 49866, 0.004, 70.0, 1634125511, 2021-10-13 11:45:11, 70, 6, 65.8677693657, 119.492192419, 489.74675
365, 49867, 0.004, 70.0, 1634125871, 2021-10-13 11:51:11, 1, 4, 82.7530966522, 45.263851454, 490.17803125
366, 49868, 0.004, 70.0, 1634126051, 2021-10-13 11:54:11, 5, 4, 76.5211159411, -14.2321121292, 489.1914375
367, 49869, 0.004, 70.0, 1634126231, 2021-10-13 11:57:11, 34, 5, 66.0483390767, -30.3872862172, 487.49934375
368, 49870, 0.004, 70.0, 1634126411, 2021-10-13 12:00:11, 7, 6, 54.9520137526, -37.3263656771, 485.41009375
369, 49871, 2.0, 70.0, 1634126593, 2021-10-13 12:03:13, 224, 6, 43.556461256, -41.5842031523, 483.345125
370, 49872, 2.0, 70.0, 1634126773, 2021-10-13 12:06:13, 35, 7, 32.2195254429, -44.6821174122, 481.8540625
371, 49873, 2.0, 70.0, 1634126953, 2021-10-13 12:09:13, 9, 9, 20.8552586279, -47.2517404456, 481.382125
372, 49874, 2.0, 70.0, 1634127133, 2021-10-13 12:12:13, 4, 10, 9.48230210462, -49.5613689131, 482.284
373, 49875, 0.004, 70.0, 1634127311, 2021-10-13 12:15:11, 0, 11, -1.76177643296, -51.7440344093, 484.69775
374, 49876, 0.004, 70.0, 1634127491, 2021-10-13 12:18:11, 9, 12, -13.1211374647, -53.9683674745, 488.63353125
375, 49877, 0.004, 70.0, 1634127671, 2021-10-13 12:21:11, 73, 15, -24.4608625563, -56.3358783802, 493.8051875
376, 49878, 0.004, 70.0, 1634127851, 2021-10-13 12:24:11, 402, 17, -35.7694889428, -59.025716158, 499.74953125
377, 49879, 0.004, 70.0, 1634128527, 2021-10-13 12:35:27, 107, 21, -76.8143223017, -89.4554178499, 518.42628125
378, 49880, 0.004, 70.0, 1634128707, 2021-10-13 12:38:27, 212, 22, -82.7453443875, -150.112941332, 519.9365
379, 49881, 0.004, 70.0, 1634128887, 2021-10-13 12:41:27, 0, 23, -76.2265708634, 153.158030909, 519.457625
380, 49882, 0.004, 70.0, 1634129067, 2021-10-13 12:44:27, 0, 23, -65.812103324, 137.607179152, 517.09578125
381, 49883, 0.004, 70.0, 1634129247, 2021-10-13 12:47:27, 31, 23, -54.8034810438, 130.798464098, 513.18078125
382, 49884, 0.004, 70.0, 1634129427, 2021-10-13 12:50:27, 27, 24, -43.6190838454, 126.622254214, 508.2160625
383, 49885, 2.0, 70.0, 1634129789, 2021-10-13 12:56:29, 60, 22, -20.929914303, 120.941982033, 497.50771875
384, 49886, 2.0, 70.0, 1634129969, 2021-10-13 12:59:29, 20, 21, -9.60154354713, 118.637066396, 492.98784375
385, 49887, 2.0, 70.0, 1634130149, 2021-10-13 13:02:29, 13, 19, 1.74298327418, 116.432855068, 489.5779375
386, 49888, 2.0, 70.0, 1634130329, 2021-10-13 13:05:29, 13, 17, 13.096162878, 114.209485059, 487.47365625
387, 49889, 2.0, 70.0, 1634130509, 2021-10-13 13:08:29, 36, 15, 24.4496798291, 111.840345154, 486.655
388, 49890, 2.0, 70.0, 1634130689, 2021-10-13 13:11:29, 67, 13, 35.7914070199, 109.14453779, 486.90178125
389, 49891, 0.004, 70.0, 1634130867, 2021-10-13 13:14:27, 4, 11, 46.9739020106, 105.83321427, 487.828125
390, 49892, 0.004, 70.0, 1634131047, 2021-10-13 13:17:27, 15, 9, 58.1987783251, 101.079655325, 489.004
391, 49893, 0.004, 70.0, 1634131227, 2021-10-13 13:20:27, 40, 7, 69.1873369245, 92.6205480014, 489.9690625
392, 49894, 0.004, 70.0, 1634131407, 2021-10-13 13:23:27, 3, 6, 79.1682991876, 69.7654577962, 490.3553125
393, 49895, 0.004, 70.0, 1634131587, 2021-10-13 13:26:27, 1, 6, 81.9906767862, -4.69563509857, 489.94859375
394, 49896, 0.004, 70.0, 1634131767, 2021-10-13 13:29:27, 1, 6, 73.4528788531, -44.749483568, 488.72996875
395, 49897, 0.004, 70.0, 1634131947, 2021-10-13 13:32:27, 340, 6, 62.6819300806, -56.5872293416, 486.8825
396, 49898, 0.004, 70.0, 1634132127, 2021-10-13 13:35:27, 8, 6, 51.5119343361, -62.3853905876, 484.7620625
397, 49899, 2.0, 70.0, 1634132309, 2021-10-13 13:38:29, 65, 7, 40.0893308753, -66.2017382953, 482.8185625
398, 49900, 2.0, 70.0, 1634132489, 2021-10-13 13:41:29, 26, 9, 28.7413062501, -69.0973013709, 481.598875
399, 49901, 2.0, 70.0, 1634132669, 2021-10-13 13:44:29, 254, 10, 17.3729413215, -71.5660459253, 481.5218125
400, 49902, 2.0, 70.0, 1634132849, 2021-10-13 13:47:29, 8, 12, 5.99984563315, -73.8302194839, 482.892375
401, 49903, 0.004, 70.0, 1634133027, 2021-10-13 13:50:27, 0, 14, -5.24162718726, -76.0059694136, 485.77871875
402, 49904, 0.004, 70.0, 1634133207, 2021-10-13 13:53:27, 0, 15, -16.5958519167, -78.2593854242, 490.1324375
403, 49905, 0.004, 70.0, 1634133387, 2021-10-13 13:56:27, 12, 16, -27.9274209087, -80.7023460146, 495.59740625
404, 49907, 0.004, 70.0, 1634134340, 2021-10-13 14:12:20, 6, 23, -82.6175720387, -159.72613206, 519.840875
405, 49908, 0.004, 70.0, 1634134520, 2021-10-13 14:15:20, 0, 23, -77.6891397607, 134.076941239, 519.66315625
406, 49909, 0.004, 70.0, 1634134700, 2021-10-13 14:18:20, 0, 24, -67.4860324251, 115.554970854, 517.57028125
407, 49910, 0.004, 70.0, 1634134880, 2021-10-13 14:21:20, 0, 25, -56.5251360918, 108.027378389, 513.8601875
408, 49911, 0.004, 70.0, 1634135060, 2021-10-13 14:24:20, 78, 25, -45.3585042155, 103.588588713, 509.01396875
409, 49912, 0.004, 70.0, 1634135240, 2021-10-13 14:27:20, 0, 24, -34.1063071443, 100.380845011, 503.62515625
410, 49913, 2.0, 70.0, 1634135422, 2021-10-13 14:30:22, 31, 23, -22.6831487307, 97.7291470093, 498.25734375
411, 49914, 2.0, 70.0, 1634135602, 2021-10-13 14:33:22, 25, 21, -11.3579335222, 95.3962958986, 493.59221875
412, 49915, 2.0, 70.0, 1634135782, 2021-10-13 14:36:22, 6, 19, -0.0153018648947, 93.1846806457, 489.98925
413, 49916, 2.0, 70.0, 1634135962, 2021-10-13 14:39:22, 17, 17, 11.3371449877, 90.9719247511, 487.676875
414, 49917, 2.0, 70.0, 1634136142, 2021-10-13 14:42:22, 4, 15, 22.6913774011, 88.6350916401, 486.66840625
415, 49918, 0.004, 70.0, 1634136320, 2021-10-13 14:45:20, 0, 13, 33.9101850925, 86.0377141331, 486.76625
416, 49919, 0.004, 70.0, 1634136500, 2021-10-13 14:48:20, 0, 10, 45.2260668475, 82.8278599029, 487.62271875
417, 49920, 0.004, 70.0, 1634136680, 2021-10-13 14:51:20, 7, 8, 56.4696339747, 78.3783604894, 488.79509375
418, 49921, 0.004, 70.0, 1634136860, 2021-10-13 14:54:20, 46, 6, 67.5155934839, 70.8001904742, 489.82421875
419, 49922, 0.004, 70.0, 1634137040, 2021-10-13 14:57:20, 0, 5, 77.7911827869, 51.9503641788, 490.32384375
420, 49923, 0.004, 70.0, 1634137220, 2021-10-13 15:00:20, 0, 5, 82.571222375, -15.6063367986, 490.05221875
421, 49924, 0.004, 70.0, 1634137400, 2021-10-13 15:03:20, 0, 4, 75.0286649661, -65.1686653533, 488.95853125
422, 49925, 0.004, 70.0, 1634137580, 2021-10-13 15:06:20, 192, 4, 64.3889924294, -78.9274257363, 487.195375
423, 49926, 0.004, 70.0, 1634137760, 2021-10-13 15:09:20, 81, 5, 53.2530349326, -85.2544621901, 485.0949375
424, 49927, 0.004, 70.0, 1634137940, 2021-10-13 15:12:20, 9, 7, 41.969012595, -89.2425208535, 483.1126875
425, 49928, 2.0, 70.0, 1634138122, 2021-10-13 15:15:22, 38, 8, 30.5004966027, -92.2723039765, 481.73915625
426, 49929, 2.0, 70.0, 1634138302, 2021-10-13 15:18:22, 63, 9, 19.1341107214, -94.7893311381, 481.46559375
427, 49930, 2.0, 70.0, 1634138482, 2021-10-13 15:21:22, 9, 10, 7.76108248117, -97.0747875662, 482.6030625
428, 49931, 2.0, 70.0, 1634138662, 2021-10-13 15:24:22, 11, 12, -3.60794070688, -99.2771274223, 485.29353125
429, 49932, 0.004, 70.0, 1634138840, 2021-10-13 15:27:20, 0, 13, -14.8384510737, -101.489869656, 489.40315625
430, 49933, 0.004, 70.0, 1634139020, 2021-10-13 15:30:20, 0, 15, -26.1741369622, -103.892470659, 494.72565625
431, 49935, 0.004, 70.0, 1634140158, 2021-10-13 15:49:18, 0, 22, -78.824836295, 115.010550136, 519.799125
432, 49936, 0.004, 70.0, 1634140338, 2021-10-13 15:52:18, 0, 22, -68.8490239946, 93.3851125468, 517.93128125
433, 49937, 0.004, 70.0, 1634140518, 2021-10-13 15:55:18, 26, 23, -57.9346139288, 85.1590102965, 514.396875
434, 49938, 0.004, 70.0, 1634140698, 2021-10-13 15:58:18, 39, 24, -46.784394997, 80.4760345266, 509.6575
435, 49939, 0.004, 70.0, 1634140878, 2021-10-13 16:01:18, 0, 24, -35.5400014169, 77.1597932699, 504.29721875
436, 49940, 2.0, 70.0, 1634141060, 2021-10-13 16:04:20, 99, 23, -24.1213184847, 74.4539591891, 498.88046875
437, 49941, 2.0, 70.0, 1634141240, 2021-10-13 16:07:20, 33, 22, -12.7988498661, 72.0953309444, 494.10275
438, 49942, 2.0, 70.0, 1634141420, 2021-10-13 16:10:20, 5, 20, -1.457889364, 69.8754989739, 490.3446875
439, 49943, 2.0, 70.0, 1634141600, 2021-10-13 16:13:20, 17, 18, 9.89383466244, 67.6693000609, 487.861125
440, 49944, 2.0, 70.0, 1634141960, 2021-10-13 16:19:20, 11, 13, 32.5953907529, 62.7766443138, 486.67309375
441, 49945, 2.0, 70.0, 1634142140, 2021-10-13 16:22:20, 67, 11, 43.9162858668, 59.6577067316, 487.46490625
442, 49946, 0.004, 70.0, 1634142318, 2021-10-13 16:25:18, 0, 10, 55.047711533, 55.4672183367, 488.61465625
443, 49947, 0.004, 70.0, 1634142498, 2021-10-13 16:28:18, 77, 8, 66.1329924413, 48.4973449689, 489.68996875
444, 49948, 0.004, 70.0, 1634142678, 2021-10-13 16:31:18, 7, 6, 76.5913371159, 32.2155024615, 490.27896875
445, 49949, 0.004, 70.0, 1634142858, 2021-10-13 16:34:18, 16, 6, 82.7515257087, -27.7342016873, 490.1181875
446, 49951, 0.004, 70.0, 1634143815, 2021-10-13 16:50:15, 0, 8, 28.4727244289, -116.335360948, 481.61678125
447, 49952, 2.0, 70.0, 1634143997, 2021-10-13 16:53:17, 52, 10, 16.9778729347, -118.823093428, 481.58740625
448, 49953, 2.0, 70.0, 1634144177, 2021-10-13 16:56:17, 24, 11, 5.60497446804, -121.082929816, 483.01840625
449, 49954, 2.0, 70.0, 1634144357, 2021-10-13 16:59:17, 8, 12, -5.76222548639, -123.283084012, 486.00353125
450, 49955, 0.004, 70.0, 1634144535, 2021-10-13 17:02:15, 0, 14, -16.9893937563, -125.515995795, 490.3631875
451, 49956, 0.004, 70.0, 1634144715, 2021-10-13 17:05:15, 0, 15, -28.319782833, -127.968607442, 495.857875
452, 49957, 0.004, 70.0, 1634145425, 2021-10-13 17:17:05, 38, 19, -72.1044287564, -150.187144508, 517.10596875
453, 49958, 0.004, 70.0, 1634145605, 2021-10-13 17:20:05, 1, 21, -81.1984568049, 177.047942585, 519.502875
454, 49960, 0.004, 70.0, 1634145965, 2021-10-13 17:26:05, 0, 23, -70.8446891566, 72.2235199347, 518.4193125
455, 49961, 0.004, 70.0, 1634146145, 2021-10-13 17:29:05, 38, 23, -60.014884644, 62.7320090276, 515.161875
456, 49962, 0.004, 70.0, 1634146325, 2021-10-13 17:32:05, 37, 24, -48.8926694878, 57.6304929258, 510.60103125
457, 49963, 0.004, 70.0, 1634146505, 2021-10-13 17:35:05, 3, 24, -37.6611200785, 54.1334497316, 505.3041875
458, 49964, 2.0, 70.0, 1634146687, 2021-10-13 17:38:07, 113, 23, -26.2496583638, 51.338259701, 499.8345625
459, 49965, 2.0, 70.0, 1634146867, 2021-10-13 17:41:07, 52, 22, -14.9316097313, 48.936399774, 494.905125
460, 49966, 2.0, 70.0, 1634147047, 2021-10-13 17:44:07, 4, 20, -3.59339923414, 46.7007764061, 490.92621875
461, 49967, 2.0, 70.0, 1634147407, 2021-10-13 17:50:07, 4, 16, 19.1118665028, 42.2180037261, 486.78134375
462, 49968, 2.0, 70.0, 1634147587, 2021-10-13 17:53:07, 1, 14, 30.4614142602, 39.7045180175, 486.56725
463, 49969, 2.0, 70.0, 1634147767, 2021-10-13 17:56:07, 28, 12, 41.7893615444, 36.7178368033, 487.23965625
464, 49970, 0.004, 70.0, 1634147945, 2021-10-13 17:59:05, 0, 10, 52.9377431553, 32.8094420513, 488.35825
465, 49971, 0.004, 70.0, 1634148124, 2021-10-13 18:02:04, 16, 8, 64.0100535343, 26.6374064954, 489.4819375
466, 49972, 0.004, 70.0, 1634148305, 2021-10-13 18:05:05, 0, 7, 74.732589926, 13.2380574966, 490.198
467, 49973, 0.004, 70.0, 1634148485, 2021-10-13 18:08:05, 0, 6, 82.4890483691, -34.4080649018, 490.1959375
468, 49974, 0.004, 70.0, 1634148665, 2021-10-13 18:11:05, 1, 6, 78.0618153723, -103.529883237, 489.36671875
469, 49975, 0.004, 70.0, 1634148845, 2021-10-13 18:14:05, 28, 6, 67.8307384121, -123.065993279, 487.79925
470, 49976, 0.004, 70.0, 1634149025, 2021-10-13 18:17:05, 70, 6, 56.7863225257, -130.800554136, 485.77321875
471, 49977, 0.004, 70.0, 1634149205, 2021-10-13 18:20:05, 12, 7, 45.5343781715, -135.305555667, 483.71246875
472, 49978, 0.004, 70.0, 1634149385, 2021-10-13 18:23:05, 4, 9, 34.2054336797, -138.540647446, 482.11203125
473, 49979, 0.004, 70.0, 1634149565, 2021-10-13 18:26:05, 0, 10, 22.8445153649, -141.178316239, 481.45178125
474, 49980, 2.0, 70.0, 1634149747, 2021-10-13 18:29:07, 14, 12, 11.3460694836, -143.545236333, 482.12671875
475, 49981, 2.0, 70.0, 1634149927, 2021-10-13 18:32:07, 9, 13, -0.0250014522188, -145.760403284, 484.33125
476, 49983, 0.004, 70.0, 1634151495, 2021-10-13 18:58:15, 2, 22, -78.0761860904, 64.7314922653, 519.718875
477, 49984, 0.004, 70.0, 1634151675, 2021-10-13 19:01:15, 3, 23, -67.9427740051, 45.2476843962, 517.68353125
478, 49985, 0.004, 70.0, 1634151855, 2021-10-13 19:04:15, 298, 24, -56.996545503, 37.4986264631, 514.014125
479, 49986, 0.004, 70.0, 1634152035, 2021-10-13 19:07:15, 5, 24, -45.83509091, 32.981296441, 509.18609375
480, 49987, 0.004, 70.0, 1634152215, 2021-10-13 19:10:15, 23, 25, -34.5852707447, 29.7383977555, 503.79053125
481, 49988, 0.004, 70.0, 1634152395, 2021-10-13 19:13:15, 0, 24, -23.2890599345, 27.0963917925, 498.44884375
482, 49989, 0.004, 70.0, 1634152575, 2021-10-13 19:16:15, 0, 22, -11.9647428959, 24.7529760867, 493.7250625
483, 49990, 2.0, 70.0, 1634152937, 2021-10-13 19:22:17, 12, 18, 10.8560845192, 20.3033383619, 487.640875
484, 49991, 2.0, 70.0, 1634153117, 2021-10-13 19:25:17, 25, 16, 22.210783093, 17.9746092703, 486.57840625
485, 49992, 2.0, 70.0, 1634153299, 2021-10-13 19:28:19, 5, 14, 33.6825451328, 15.330989675, 486.65
486, 49993, 2.0, 70.0, 1634153477, 2021-10-13 19:31:17, 71, 12, 44.8741720864, 12.1777824725, 487.48965625
487, 49994, 0.004, 70.0, 1634153655, 2021-10-13 19:34:15, 0, 10, 55.9971658842, 7.84431943525, 488.6559375
488, 49995, 0.004, 70.0, 1634153835, 2021-10-13 19:37:15, 3, 8, 67.0571170359, 0.478496639566, 489.71275
489, 49996, 0.004, 70.0, 1634154015, 2021-10-13 19:40:15, 0, 7, 77.3985971738, -17.4556224689, 490.256375
490, 49997, 0.004, 70.0, 1634154195, 2021-10-13 19:43:15, 0, 6, 82.6626034759, -82.6313212095, 490.0373125
491, 49998, 0.004, 70.0, 1634154375, 2021-10-13 19:46:15, 1, 6, 75.4499646945, -134.95833617, 488.9954375
492, 49999, 0.004, 70.0, 1634154735, 2021-10-13 19:52:15, 24, 6, 53.7267734383, -155.813840685, 485.19865625
493, 50000, 0.004, 70.0, 1634155275, 2021-10-13 20:01:15, 0, 10, 19.7405632177, -165.426321072, 481.50940625
494, 50001, 2.0, 70.0, 1634155457, 2021-10-13 20:04:17, 14, 12, 8.24146249204, -167.74461022, 482.59771875
495, 50002, 2.0, 70.0, 1634155637, 2021-10-13 20:07:17, 16, 14, -3.1276388163, -169.947960944, 485.23021875
496, 50003, 2.0, 70.0, 1634155817, 2021-10-13 20:10:17, 41, 15, -14.4846404445, -172.182238764, 489.33953125
497, 50004, 0.004, 70.0, 1634156680, 2021-10-13 20:24:40, 69, 20, -68.1823702109, 167.585494133, 515.79715625
498, 50005, 0.004, 70.0, 1634156860, 2021-10-13 20:27:40, 0, 22, -78.2804497276, 147.552590281, 518.8589375
499, 50006, 0.004, 70.0, 1634157040, 2021-10-13 20:30:40, 0, 24, -82.4403627807, 77.9569104969, 520.02665625
500, 50007, 0.004, 70.0, 1634157220, 2021-10-13 20:33:40, 7, 25, -74.6626351285, 31.47310188, 519.20403125
501, 50008, 0.004, 70.0, 1634157400, 2021-10-13 20:36:40, 201, 26, -64.084707502, 18.2734949333, 516.536
502, 50009, 0.004, 70.0, 1634157580, 2021-10-13 20:39:40, 46, 26, -53.0350699359, 12.0805880268, 512.38525
503, 50010, 0.004, 70.0, 1634157760, 2021-10-13 20:42:40, 87, 26, -41.8343485854, 8.13957912152, 507.27775
504, 50011, 0.004, 70.0, 1634157940, 2021-10-13 20:45:40, 68, 25, -30.5649018714, 5.16031250454, 501.82584375
505, 50012, 0.004, 70.0, 1634158120, 2021-10-13 20:48:40, 0, 24, -19.2570899849, 2.64976868651, 496.6405
506, 50013, 2.0, 70.0, 1634158302, 2021-10-13 20:51:42, 15, 22, -7.7993289792, 0.343378262246, 492.203125
507, 50014, 2.0, 70.0, 1634158482, 2021-10-13 20:54:42, 6, 20, 3.54760623086, -1.85621084186, 488.98065625
508, 50015, 2.0, 70.0, 1634158662, 2021-10-13 20:57:42, 17, 18, 14.9020213518, -4.09364954596, 487.08134375
509, 50016, 2.0, 70.0, 1634158842, 2021-10-13 21:00:42, 6, 16, 26.2552113076, -6.50042165962, 486.45171875
510, 50017, 0.004, 70.0, 1634159020, 2021-10-13 21:03:40, 0, 14, 37.4681604043, -9.23882720508, 486.8346875
511, 50018, 0.004, 70.0, 1634159202, 2021-10-13 21:06:42, 0, 12, 48.8935232615, -12.7836945301, 487.86421875
512, 50019, 0.004, 70.0, 1634159380, 2021-10-13 21:09:40, 2, 10, 59.9713285277, -17.8539249503, 489.04084375
513, 50020, 0.004, 70.0, 1634159560, 2021-10-13 21:12:40, 0, 8, 70.8874051597, -27.4224667309, 489.958375
514, 50021, 0.004, 70.0, 1634159740, 2021-10-13 21:15:40, 0, 7, 80.4469720717, -55.7170769018, 490.25521875
515, 50022, 0.004, 70.0, 1634160714, 2021-10-13 21:31:54, 2, 22, 33.7461820053, 174.167993322, 482.094375
516, 50023, 2.0, 70.0, 1634160896, 2021-10-13 21:34:56, 1, 19, 22.2582955964, 171.519696755, 481.49103125
517, 50024, 2.0, 70.0, 1634161256, 2021-10-13 21:40:56, 32, 17, -0.484490664171, 166.975025485, 484.5066875
518, 50026, 0.004, 70.0, 1634162064, 2021-10-13 21:54:24, 51, 18, -51.2412915053, 154.557208821, 508.2244375
519, 50027, 0.004, 70.0, 1634162244, 2021-10-13 21:57:24, 24, 20, -62.3351613765, 148.882974527, 513.4915
520, 50028, 0.004, 70.0, 1634162424, 2021-10-13 22:00:24, 0, 21, -73.0452326729, 137.520408429, 517.4459375
521, 50029, 0.004, 70.0, 1634162604, 2021-10-13 22:03:24, 0, 23, -81.7414500136, 100.254691417, 519.654625
522, 50030, 0.004, 70.0, 1634162784, 2021-10-13 22:06:24, 1, 23, -79.6413580894, 24.7455294729, 519.89421875
523, 50031, 0.004, 70.0, 1634162964, 2021-10-13 22:09:24, 99, 24, -69.8837976537, 0.232614738677, 518.18075
524, 50032, 0.004, 70.0, 1634163144, 2021-10-13 22:12:24, 124, 25, -59.0103755531, -8.60844172591, 514.76496875
525, 50033, 0.004, 70.0, 1634163324, 2021-10-13 22:15:24, 34, 25, -47.8738921317, -13.498404671, 510.0935625
526, 50034, 0.004, 70.0, 1634163504, 2021-10-13 22:18:24, 395, 25, -36.6357345144, -16.9048650426, 504.74315625
527, 50035, 0.004, 70.0, 1634163684, 2021-10-13 22:21:24, 40, 24, -25.3460636103, -19.62754237, 499.33675
528, 50036, 0.004, 70.0, 1634163864, 2021-10-13 22:24:24, 0, 22, -14.0257806522, -22.0103187484, 494.45546875
529, 50037, 2.0, 70.0, 1634164046, 2021-10-13 22:27:26, 11, 20, -2.55993995955, -24.2631422402, 490.522
530, 50038, 2.0, 70.0, 1634164226, 2021-10-13 22:30:26, 22, 18, 8.79150872489, -26.4656494359, 487.90178125
531, 50039, 2.0, 70.0, 1634164406, 2021-10-13 22:33:26, 0, 16, 20.1467289544, -28.7626027799, 486.60765625
532, 50040, 2.0, 70.0, 1634164586, 2021-10-13 22:36:26, 14, 14, 31.4954741646, -31.3070121699, 486.4915
533, 50041, 2.0, 70.0, 1634164766, 2021-10-13 22:39:26, 26, 12, 42.8205391089, -34.3556431999, 487.2305625
534, 50042, 0.004, 70.0, 1634164944, 2021-10-13 22:42:24, 0, 10, 53.9614211721, -38.3952766217, 488.3771875
535, 50043, 0.004, 70.0, 1634165124, 2021-10-13 22:45:24, 5, 8, 65.0731383276, -44.9583439226, 489.4966875
536, 50044, 0.004, 70.0, 1634165304, 2021-10-13 22:48:24, 0, 7, 75.6447138782, -59.620782729, 490.1673125
537, 50045, 0.004, 70.0, 1634165664, 2021-10-13 22:54:24, 0, 4, 77.2141752361, -177.254856336, 489.22409375
538, 50046, 0.004, 70.0, 1634165844, 2021-10-13 22:57:24, 66, 5, 66.8390359259, 165.209899698, 487.61990625
539, 50047, 0.004, 70.0, 1634166024, 2021-10-13 23:00:24, 0, 6, 55.7644169429, 157.937838271, 485.5906875
540, 50048, 0.004, 70.0, 1634166204, 2021-10-13 23:03:24, 0, 7, 44.5022887767, 153.597498941, 483.56934375
541, 50049, 2.0, 70.0, 1634166386, 2021-10-13 23:06:26, 334, 8, 33.0431198982, 150.40495924, 482.0403125
542, 50050, 2.0, 70.0, 1634166566, 2021-10-13 23:09:26, 29, 8, 21.680509404, 147.80817596, 481.51453125
543, 50051, 2.0, 70.0, 1634166746, 2021-10-13 23:12:26, 49, 9, 10.3082879799, 145.485816019, 482.33546875
544, 50052, 2.0, 70.0, 1634166926, 2021-10-13 23:15:26, 7, 10, -1.06196058678, 143.275594125, 484.69065625
545, 50053, 2.0, 70.0, 1634167106, 2021-10-13 23:18:26, 10, 12, -12.4215766834, 141.055782645, 488.55003125
546, 50054, 2.0, 70.0, 1634167286, 2021-10-13 23:21:26, 35, 13, -23.7621102986, 138.701539382, 493.6588125
547, 50055, 0.004, 70.0, 1634168200, 2021-10-13 23:36:40, 0, 19, -79.1634839042, 96.478054429, 519.0904375
548, 50056, 0.004, 70.0, 1634168380, 2021-10-13 23:39:40, 0, 21, -82.0347041856, 22.6794553059, 520.04453125
549, 50057, 0.004, 70.0, 1634168560, 2021-10-13 23:42:40, 168, 22, -73.6372939607, -17.7362698193, 519.01140625
550, 50058, 0.004, 70.0, 1634168740, 2021-10-13 23:45:40, 74, 23, -62.9755462526, -29.7130133575, 516.16021875
551, 50059, 0.004, 70.0, 1634168920, 2021-10-13 23:48:40, 86, 23, -51.9031709868, -35.5647027961, 511.873625
552, 50060, 0.004, 70.0, 1634169100, 2021-10-13 23:51:40, 439, 23, -40.6930376356, -39.3708701068, 506.69065625
553, 50061, 0.004, 70.0, 1634169280, 2021-10-13 23:54:40, 188, 22, -29.4185809779, -42.2865071083, 501.22809375
554, 50062, 0.004, 70.0, 1634169460, 2021-10-13 23:57:40, 44, 21, -18.1076494025, -44.765223739, 496.09225
555, 50063, 0.004, 70.0, 1634169640, 2021-10-14 00:00:40, 5, 19, -6.77380937262, -47.0328089771, 491.7946875
556, 50065, 0.004, 70.0, 1634170447, 2021-10-14 00:14:07, 0, 10, 44.085490143, -58.3349586367, 487.31509375
557, 50066, 0.004, 70.0, 1634170627, 2021-10-14 00:17:07, 72, 8, 55.3403544031, -62.6080479243, 488.4964375
558, 50067, 0.004, 70.0, 1634170807, 2021-10-14 00:20:07, 3, 7, 66.4184875184, -69.6960357535, 489.58521875
559, 50068, 0.004, 70.0, 1634170987, 2021-10-14 00:23:07, 0, 6, 76.8430295868, -86.4632144277, 490.183125
560, 50069, 0.004, 70.0, 1634171167, 2021-10-14 00:26:07, 0, 5, 82.7378243492, -148.078214319, 490.02996875
561, 50070, 0.004, 70.0, 1634171347, 2021-10-14 00:29:07, 56, 5, 76.0287412643, 155.723504603, 489.05315625
562, 50071, 0.004, 70.0, 1634171527, 2021-10-14 00:32:07, 162, 5, 65.4950254522, 140.435929318, 487.3838125
563, 50072, 0.004, 70.0, 1634171707, 2021-10-14 00:35:07, 9, 5, 54.3847153157, 133.713165364, 485.33653125
564, 50073, 2.0, 70.0, 1634171889, 2021-10-14 00:38:09, 274, 5, 42.9843782716, 129.536368083, 483.33640625
565, 50074, 2.0, 70.0, 1634172069, 2021-10-14 00:41:09, 14, 5, 31.6457690622, 126.475049977, 481.93025
566, 50075, 2.0, 70.0, 1634172249, 2021-10-14 00:44:09, 13, 7, 20.2812222093, 123.923673794, 481.55821875
567, 50076, 2.0, 70.0, 1634172609, 2021-10-14 00:50:09, 2, 10, -2.46050179676, 119.417442829, 485.1146875
568, 50077, 2.0, 70.0, 1634172789, 2021-10-14 00:53:09, 18, 11, -13.818152293, 117.188314971, 489.14721875
569, 50078, 2.0, 70.0, 1634172969, 2021-10-14 00:56:09, 46, 12, -25.1555679269, 114.807174423, 494.38190625
570, 50079, 0.004, 70.0, 1634173147, 2021-10-14 00:59:07, 0, 13, -36.3356262476, 112.122459287, 500.2771875
571, 50080, 0.004, 70.0, 1634173327, 2021-10-14 01:02:07, 139, 14, -47.588554149, 108.737697572, 506.367
572, 50081, 0.004, 70.0, 1634173507, 2021-10-14 01:05:07, 15, 16, -58.7390053072, 103.898836395, 511.9340625
573, 50082, 0.004, 70.0, 1634174281, 2021-10-14 01:18:01, 487, 19, -70.1618341642, -46.6002155309, 518.24296875
574, 50083, 0.004, 70.0, 1634174461, 2021-10-14 01:21:01, 46, 20, -59.3003990456, -55.621003461, 514.854
575, 50084, 0.004, 70.0, 1634174641, 2021-10-14 01:24:01, 143, 21, -48.1678020019, -60.5701585329, 510.196125
576, 50085, 0.004, 70.0, 1634174821, 2021-10-14 01:27:01, 109, 21, -36.9313451016, -64.0021373451, 504.8440625
577, 50086, 0.004, 70.0, 1634175001, 2021-10-14 01:30:01, 126, 20, -25.6425416316, -66.737327579, 499.42121875
578, 50087, 0.004, 70.0, 1634175181, 2021-10-14 01:33:01, 11, 19, -14.3227120273, -69.1262750334, 494.5113125
579, 50088, 0.004, 70.0, 1634176143, 2021-10-14 01:49:03, 5, 8, 46.2906030559, -82.6387183044, 487.49903125
580, 50090, 0.004, 70.0, 1634177103, 2021-10-14 02:05:03, 215, 3, 70.5907222327, 122.158548007, 488.23628125
581, 50091, 0.004, 70.0, 1634177283, 2021-10-14 02:08:03, 43, 5, 59.6534993351, 112.798422618, 486.32453125
582, 50092, 0.004, 70.0, 1634177463, 2021-10-14 02:11:03, 1, 6, 48.4359244928, 107.748856936, 484.25803125
583, 50093, 2.0, 70.0, 1634177645, 2021-10-14 02:14:05, 56, 7, 36.9949922194, 104.243439929, 482.50465625
584, 50094, 2.0, 70.0, 1634177825, 2021-10-14 02:17:05, 24, 9, 25.6397583295, 101.495081091, 481.59821875
585, 50095, 2.0, 70.0, 1634178005, 2021-10-14 02:20:05, 31, 10, 14.2694596036, 99.0993512586, 481.9269375
586, 50096, 2.0, 70.0, 1634178185, 2021-10-14 02:23:05, 22, 13, 2.89762899438, 96.864930004, 483.74565625
587, 50097, 2.0, 70.0, 1634178365, 2021-10-14 02:26:05, 33, 15, -8.46642331006, 94.6616817327, 487.1025
588, 50098, 0.004, 70.0, 1634179154, 2021-10-14 02:39:14, 1527, 20, -57.8867138121, 80.7701151515, 511.56015625
589, 50099, 0.004, 70.0, 1634179514, 2021-10-14 02:45:14, 0, 24, -78.7965046703, 51.0214106405, 519.02846875
590, 50100, 0.004, 70.0, 1634179694, 2021-10-14 02:48:14, 183, 26, -82.2243375577, -21.1761870188, 520.0559375
591, 50101, 0.004, 70.0, 1634179874, 2021-10-14 02:51:14, 217, 26, -74.0726160674, -64.0828975018, 519.09353125
592, 50102, 0.004, 70.0, 1634180054, 2021-10-14 02:54:14, 128, 26, -63.4445890032, -76.5532793019, 516.30084375
593, 50103, 0.004, 70.0, 1634180234, 2021-10-14 02:57:14, 39, 26, -52.3814344928, -82.5446665995, 512.05290625
594, 50104, 0.004, 70.0, 1634180414, 2021-10-14 03:00:14, 34, 26, -41.1750475003, -86.4064623859, 506.8840625
595, 50105, 0.004, 70.0, 1634180594, 2021-10-14 03:03:14, 3, 25, -29.9024759749, -89.3484502573, 501.40996875
596, 50106, 2.0, 70.0, 1634180776, 2021-10-14 03:06:16, 29, 24, -18.4780608064, -91.8649105133, 496.239
597, 50107, 2.0, 70.0, 1634180956, 2021-10-14 03:09:16, 24, 22, -7.14478042517, -94.1369251291, 491.90403125
598, 50108, 2.0, 70.0, 1634181136, 2021-10-14 03:12:16, 151, 20, 4.2030580774, -96.3355903434, 488.748125
599, 50109, 2.0, 70.0, 1634181316, 2021-10-14 03:15:16, 7, 18, 15.5579517385, -98.5789591458, 486.92140625
600, 50110, 0.004, 70.0, 1634181494, 2021-10-14 03:18:14, 0, 16, 26.7849351664, -100.972079846, 486.35853125
601, 50111, 0.004, 70.0, 1634181674, 2021-10-14 03:21:14, 2, 14, 38.1228716022, -103.768523216, 486.79171875
602, 50112, 0.004, 70.0, 1634181854, 2021-10-14 03:24:14, 67, 12, 49.4198337332, -107.329312566, 487.8369375
603, 50113, 0.004, 70.0, 1634182034, 2021-10-14 03:27:14, 15, 10, 60.6139673662, -112.591085396, 489.03165625
604, 50114, 0.004, 70.0, 1634182214, 2021-10-14 03:30:14, 0, 9, 71.4993901092, -122.625787587, 489.93328125
605, 50115, 0.004, 70.0, 1634182394, 2021-10-14 03:33:14, 0, 8, 80.8654782527, -153.300426693, 490.20078125
606, 50116, 0.004, 70.0, 1634182574, 2021-10-14 03:36:14, 50, 7, 80.6541180488, 128.794472936, 489.65828125
607, 50117, 0.004, 70.0, 1634182934, 2021-10-14 03:42:14, 127, 7, 60.2737078324, 89.5744202358, 486.43715625
608, 50118, 0.004, 70.0, 1634183114, 2021-10-14 03:45:14, 0, 7, 49.0647902549, 84.3880185431, 484.3653125
609, 50119, 0.004, 70.0, 1634183294, 2021-10-14 03:48:14, 0, 9, 37.7532764059, 80.8583953465, 482.5945625
610, 50120, 2.0, 70.0, 1634183476, 2021-10-14 03:51:16, 4, 11, 26.27344279, 78.0481345034, 481.61325
611, 50121, 2.0, 70.0, 1634183656, 2021-10-14 03:54:16, 31, 12, 14.903544484, 75.6386623306, 481.86428125
612, 50122, 2.0, 70.0, 1634183836, 2021-10-14 03:57:16, 9, 14, 3.53150726154, 73.3989408492, 483.59675
613, 50125, 0.004, 70.0, 1634185554, 2021-10-14 04:25:54, 288, 26, -72.9976808959, -89.637578995, 518.8929375
614, 50126, 0.004, 70.0, 1634185734, 2021-10-14 04:28:54, 104, 27, -62.290696845, -100.949321655, 515.9280625
615, 50127, 0.004, 70.0, 1634185914, 2021-10-14 04:31:54, 29, 27, -51.2054944839, -106.608386099, 511.55765625
616, 50128, 0.004, 70.0, 1634186094, 2021-10-14 04:34:54, 0, 27, -39.9899140568, -110.336918065, 506.32846875
617, 50129, 0.004, 70.0, 1634186274, 2021-10-14 04:37:54, 0, 26, -28.7125033423, -113.215590082, 500.859625
618, 50130, 2.0, 70.0, 1634186636, 2021-10-14 04:43:56, 30, 22, -5.93857029857, -117.959989743, 491.4751875
619, 50131, 2.0, 70.0, 1634186816, 2021-10-14 04:46:56, 41, 20, 5.41048781966, -120.157876316, 488.455125
620, 50132, 0.004, 70.0, 1634186994, 2021-10-14 04:49:54, 0, 18, 16.6395992783, -122.387373004, 486.78025
621, 50133, 0.004, 70.0, 1634187174, 2021-10-14 04:52:54, 0, 16, 27.9920242529, -124.83484835, 486.32721875
622, 50134, 0.004, 70.0, 1634187354, 2021-10-14 04:55:54, 1, 14, 39.3272695942, -127.689129762, 486.84790625
623, 50135, 0.004, 70.0, 1634187534, 2021-10-14 04:58:54, 32, 12, 50.6174049511, -131.370178252, 487.93428125
624, 50136, 0.004, 70.0, 1634187714, 2021-10-14 05:01:54, 157, 10, 61.7933907716, -136.923340613, 489.1216875
625, 50137, 0.004, 70.0, 1634187894, 2021-10-14 05:04:54, 0, 8, 72.61473951, -147.92012276, 489.9745
626, 50138, 0.004, 70.0, 1634188074, 2021-10-14 05:07:54, 0, 7, 81.5525338114, 176.40255801, 490.16646875
627, 50139, 0.004, 70.0, 1634188434, 2021-10-14 05:13:54, 352, 7, 70.0507889487, 74.2964960079, 488.145625
628, 50140, 0.004, 70.0, 1634188614, 2021-10-14 05:16:54, 18, 8, 59.0893871814, 65.3011232118, 486.2199375
629, 50141, 2.0, 70.0, 1634188796, 2021-10-14 05:19:56, 67, 8, 47.7389685749, 60.3254874965, 484.14071875
630, 50142, 2.0, 70.0, 1634188976, 2021-10-14 05:22:56, 29, 9, 36.4204708574, 56.9148257047, 482.44415625
631, 50143, 2.0, 70.0, 1634189156, 2021-10-14 05:25:56, 20, 10, 25.0640587599, 54.1908199055, 481.59559375
632, 50144, 2.0, 70.0, 1634189336, 2021-10-14 05:28:56, 38, 11, 13.6934629208, 51.8070531497, 481.999
633, 50145, 2.0, 70.0, 1634189516, 2021-10-14 05:31:56, 15, 13, 2.32188396134, 49.5770681029, 483.8995
634, 50146, 0.004, 70.0, 1634190217, 2021-10-14 05:43:37, 0, 13, -41.7993336206, 39.8330246116, 503.30471875
635, 50147, 0.004, 70.0, 1634190397, 2021-10-14 05:46:37, 42, 14, -53.0119258399, 35.8921591403, 509.2184375
636, 50148, 0.004, 70.0, 1634190577, 2021-10-14 05:49:37, 191, 14, -64.0706236519, 29.7006336396, 514.299125
637, 50149, 0.004, 70.0, 1634190757, 2021-10-14 05:52:37, 881, 15, -74.6547257695, 16.5073377877, 517.98321875
638, 50150, 0.004, 70.0, 1634190937, 2021-10-14 05:55:37, 18, 17, -82.4383683655, -29.9439113175, 519.86834375
639, 50151, 0.004, 70.0, 1634191117, 2021-10-14 05:58:37, 25, 18, -78.2866037281, -99.5633601598, 519.76865625
640, 50152, 0.004, 70.0, 1634191297, 2021-10-14 06:01:37, 281, 20, -68.1942615703, -119.609070616, 517.73959375
641, 50153, 0.004, 70.0, 1634191477, 2021-10-14 06:04:37, 98, 21, -57.2564273707, -127.4854262, 514.067125
642, 50154, 0.004, 70.0, 1634191657, 2021-10-14 06:07:37, 3, 22, -46.0977834006, -132.04745981, 509.22446875
643, 50155, 0.004, 70.0, 1634191837, 2021-10-14 06:10:37, 0, 22, -34.8490936315, -135.310295818, 503.802375
644, 50156, 2.0, 70.0, 1634192019, 2021-10-14 06:13:39, 42, 20, -23.4276034916, -137.989560463, 498.366625
645, 50157, 2.0, 70.0, 1634192199, 2021-10-14 06:16:39, 22, 19, -12.1030559341, -140.335539197, 493.608875
646, 50158, 2.0, 70.0, 1634192379, 2021-10-14 06:19:39, 25, 17, -0.760443166569, -142.551293545, 489.9005625
647, 50159, 0.004, 70.0, 1634192557, 2021-10-14 06:22:37, 0, 15, 10.4663684393, -144.735629022, 487.504375
648, 50160, 0.004, 70.0, 1634192737, 2021-10-14 06:25:37, 0, 13, 21.8217884519, -147.058070925, 486.3955
649, 50161, 0.004, 70.0, 1634192917, 2021-10-14 06:28:37, 1, 11, 33.1687885487, -149.656889602, 486.4315625
650, 50162, 0.004, 70.0, 1634193097, 2021-10-14 06:31:37, 10, 9, 44.4884371531, -152.814786583, 487.26865625
651, 50163, 0.004, 70.0, 1634193277, 2021-10-14 06:34:37, 39, 7, 55.7398965638, -157.148637233, 488.4624375
652, 50164, 0.004, 70.0, 1634193457, 2021-10-14 06:37:37, 128, 5, 66.8075009425, -164.40371881, 489.55071875
653, 50165, 0.004, 70.0, 1634193637, 2021-10-14 06:40:37, 12, 4, 77.1828178376, 178.131647719, 490.13853125
654, 50166, 0.004, 70.0, 1634193817, 2021-10-14 06:43:37, 0, 3, 82.6991381578, 114.314970501, 489.9711875
655, 50167, 0.004, 70.0, 1634193997, 2021-10-14 06:46:37, 439, 3, 75.676658673, 60.4768718092, 488.9826875
656, 50168, 0.004, 70.0, 1634194177, 2021-10-14 06:49:37, 54, 3, 65.1031501788, 45.760242282, 487.310625
657, 50169, 0.004, 70.0, 1634194356, 2021-10-14 06:52:36, 0, 4, 54.045797914, 39.2104460387, 485.28625
658, 50170, 2.0, 70.0, 1634194539, 2021-10-14 06:55:39, 8, 5, 42.5797886011, 35.0613178543, 483.3030625
659, 50171, 2.0, 70.0, 1634194719, 2021-10-14 06:58:39, 8, 6, 31.2399226368, 32.0250187309, 481.94153125
660, 50172, 2.0, 70.0, 1634194899, 2021-10-14 07:01:39, 6, 7, 19.8750223217, 29.4861178884, 481.6269375
661, 50173, 2.0, 70.0, 1634195079, 2021-10-14 07:04:39, 40, 8, 8.50275308625, 27.1907457332, 482.69853125
662, 50174, 2.0, 70.0, 1634195259, 2021-10-14 07:07:39, 26, 9, -2.86601375626, 24.9867854147, 485.31059375
663, 50175, 0.004, 70.0, 1634195437, 2021-10-14 07:10:37, 2, 11, -14.0967386337, 22.7800213036, 489.3439375
664, 50176, 0.004, 70.0, 1634195617, 2021-10-14 07:13:37, 0, 13, -25.4332543902, 20.3932082834, 494.6039375
665, 50177, 0.004, 70.0, 1634196559, 2021-10-14 07:29:19, 1606, 19, -81.4094276879, -37.3837119454, 519.63621875
666, 50178, 0.004, 70.0, 1634196739, 2021-10-14 07:32:19, 54, 21, -80.0968565749, -114.070818559, 519.9625
667, 50179, 0.004, 70.0, 1634196919, 2021-10-14 07:35:19, 834, 23, -70.4908580369, -140.533928872, 518.32671875
668, 50180, 0.004, 70.0, 1634197099, 2021-10-14 07:38:19, 126, 24, -59.6442580891, -149.776267648, 514.968
669, 50181, 0.004, 70.0, 1634197279, 2021-10-14 07:41:19, 27, 25, -48.5164353476, -154.79764514, 510.32453125
670, 50182, 0.004, 70.0, 1634197459, 2021-10-14 07:44:19, 0, 25, -37.2820616551, -158.26060569, 504.96878125
671, 50183, 2.0, 70.0, 1634197641, 2021-10-14 07:47:21, 19, 24, -25.8686926101, -161.039072003, 499.4659375
672, 50184, 2.0, 70.0, 1634197821, 2021-10-14 07:50:21, 37, 23, -14.5491413359, -163.432834741, 494.5286875
673, 50185, 2.0, 70.0, 1634198001, 2021-10-14 07:53:21, 19, 21, -3.20963545072, -165.665432335, 490.56315625
674, 50186, 0.004, 70.0, 1634198179, 2021-10-14 07:56:19, 0, 19, 8.01568461264, -167.841626227, 487.8795
675, 50187, 0.004, 70.0, 1634198359, 2021-10-14 07:59:19, 0, 17, 19.3714495497, -170.12800473, 486.49309375
676, 50188, 0.004, 70.0, 1634198539, 2021-10-14 08:02:19, 0, 15, 30.7215932412, -172.649218798, 486.3070625
677, 50189, 0.004, 70.0, 1634198719, 2021-10-14 08:05:19, 4, 13, 42.0495951668, -175.651319164, 487.00865625
678, 50190, 0.004, 70.0, 1634198899, 2021-10-14 08:08:19, 7, 11, 53.3215383149, -179.645477186, 488.1685
679, 50191, 0.004, 70.0, 1634199079, 2021-10-14 08:11:19, 297, 9, 64.4476637544, 174.010639424, 489.32078125
680, 50192, 0.004, 70.0, 1634199259, 2021-10-14 08:14:19, 98, 8, 75.077439347, 160.187169829, 490.049
681, 50193, 0.004, 70.0, 1634199439, 2021-10-14 08:17:19, 0, 7, 82.5828268664, 110.322287799, 490.06290625
682, 50194, 0.004, 70.0, 1634199619, 2021-10-14 08:20:19, 227, 7, 77.7462538025, 43.017972557, 489.25309375
683, 50195, 0.004, 70.0, 1634199799, 2021-10-14 08:23:19, 7, 8, 67.4578237439, 24.2723476277, 487.7135625
684, 50196, 0.004, 70.0, 1634199980, 2021-10-14 08:26:20, 2, 8, 56.3394881351, 16.6874891497, 485.71646875
685, 50197, 2.0, 70.0, 1634200341, 2021-10-14 08:32:21, 5, 10, 33.6895973031, 9.03818271428, 482.17725
686, 50198, 2.0, 70.0, 1634200521, 2021-10-14 08:35:21, 6, 11, 22.3283016203, 6.41904379765, 481.60753125
687, 50199, 2.0, 70.0, 1634200701, 2021-10-14 08:38:21, 24, 12, 10.9566385641, 4.08608596523, 482.36365625
688, 50200, 2.0, 70.0, 1634200881, 2021-10-14 08:41:21, 0, 14, -0.413549624737, 1.87294672631, 484.64375
689, 50201, 0.004, 70.0, 1634201672, 2021-10-14 08:54:32, 87, 18, -50.1127359338, -10.1213781457, 507.78728125
690, 50202, 0.004, 70.0, 1634201852, 2021-10-14 08:57:32, 44, 19, -61.2256108063, -15.5077498481, 513.135125
691, 50203, 0.004, 70.0, 1634202032, 2021-10-14 09:00:32, 444, 19, -72.000719164, -25.9088541224, 517.21815625
692, 50204, 0.004, 70.0, 1634202212, 2021-10-14 09:03:32, 69, 20, -81.1333377813, -58.2149931942, 519.58609375
693, 50206, 2.0, 70.0, 1634203209, 2021-10-14 09:20:09, 5, 20, -31.7040647267, 176.73003826, 502.27403125
694, 50207, 2.0, 70.0, 1634203389, 2021-10-14 09:23:09, 5, 20, -20.3989575951, 174.185396644, 497.0085
695, 50208, 2.0, 70.0, 1634203569, 2021-10-14 09:26:09, 1, 19, -9.06871536741, 171.888035196, 492.4919375
