# ordinar image ID, original image ID, exposure [s], dacs, bias [V], detector type, UTC time, human readable time, chip-board id, adrenalin mode, anomaly mode, latitude [deg], longitude [deg], 
1, 46249, 0.004, [1 100 255 127 127 0 380 7 130 128 80 85 128 128], 70.0, TPX, 1605867621, 2020-11-20 10:20:21, I07-W0167, 0, 0, 56.4017214037, 150.652717522 
2, 46250, 0.004, [1 100 255 127 127 0 380 7 130 128 80 85 128 128], 70.0, TPX, 1605867801, 2020-11-20 10:23:21, I07-W0167, 0, 0, 67.4006072492, 143.106396679 
3, 46253, 0.004, [1 100 255 127 127 0 380 7 130 128 80 85 128 128], 70.0, TPX, 1605868341, 2020-11-20 10:32:21, I07-W0167, 0, 0, 75.2149583757, 7.74591177725 
4, 46257, 2.0, [1 100 255 127 127 0 380 7 130 128 80 85 128 128], 70.0, TPX, 1605869063, 2020-11-20 10:44:23, I07-W0167, 0, 0, 30.8479995521, -19.8722646328 
5, 46259, 0.004, [1 100 255 127 127 0 380 7 130 128 80 85 128 128], 70.0, TPX, 1605870653, 2020-11-20 11:10:53, I07-W0167, 0, 0, -68.7341402128, -50.0682065155 
6, 46260, 0.004, [1 100 255 127 127 0 380 7 130 128 80 85 128 128], 70.0, TPX, 1605870833, 2020-11-20 11:13:53, I07-W0167, 0, 0, -78.7285442881, -71.5596323777 
7, 46261, 0.004, [1 100 255 127 127 0 380 7 130 128 80 85 128 128], 70.0, TPX, 1605871013, 2020-11-20 11:16:53, I07-W0167, 0, 0, -82.1985535936, -143.36280198 
8, 46263, 0.004, [1 100 255 127 127 0 380 7 130 128 80 85 128 128], 70.0, TPX, 1605871373, 2020-11-20 11:22:53, I07-W0167, 0, 0, -63.4623338347, 160.96242362 
9, 46264, 0.004, [1 100 255 127 127 0 380 7 130 128 80 85 128 128], 70.0, TPX, 1605871553, 2020-11-20 11:25:53, I07-W0167, 0, 0, -52.4050157209, 154.934098659 
10, 46268, 2.0, [1 100 255 127 127 0 380 7 130 128 80 85 128 128], 70.0, TPX, 1605872275, 2020-11-20 11:37:55, I07-W0167, 0, 0, -7.22751920234, 143.29165873 
11, 46269, 2.0, [1 100 255 127 127 0 380 7 130 128 80 85 128 128], 70.0, TPX, 1605872455, 2020-11-20 11:40:55, I07-W0167, 0, 0, 4.08887780506, 141.088130421 
12, 46273, 0.004, [1 100 255 127 127 0 380 7 130 128 80 85 128 128], 70.0, TPX, 1605873173, 2020-11-20 11:52:53, I07-W0167, 0, 0, 49.1394920338, 130.116005257 
13, 46274, 0.004, [1 100 255 127 127 0 380 7 130 128 80 85 128 128], 70.0, TPX, 1605873353, 2020-11-20 11:55:53, I07-W0167, 0, 0, 60.288932324, 124.91611394 
14, 46275, 0.004, [1 100 255 127 127 0 380 7 130 128 80 85 128 128], 70.0, TPX, 1605873533, 2020-11-20 11:58:53, I07-W0167, 0, 0, 71.1402246118, 115.127496635 
15, 46276, 0.004, [1 100 255 127 127 0 380 7 130 128 80 85 128 128], 70.0, TPX, 1605874073, 2020-11-20 12:07:53, I07-W0167, 0, 0, 71.6261925711, -22.4775071027 
16, 46277, 0.004, [1 100 255 127 127 0 380 7 130 128 80 85 128 128], 70.0, TPX, 1605874253, 2020-11-20 12:10:53, I07-W0167, 0, 0, 60.7826866991, -32.657603531 
17, 46278, 2.0, [1 100 255 127 127 0 380 7 130 128 80 85 128 128], 70.0, TPX, 1605874435, 2020-11-20 12:13:55, I07-W0167, 0, 0, 49.4894470212, -38.0273445765 
18, 46279, 2.0, [1 100 255 127 127 0 380 7 130 128 80 85 128 128], 70.0, TPX, 1605874615, 2020-11-20 12:16:55, I07-W0167, 0, 0, 38.2065277591, -41.6093758145 
19, 46280, 2.0, [1 100 255 127 127 0 380 7 130 128 80 85 128 128], 70.0, TPX, 1605874795, 2020-11-20 12:19:55, I07-W0167, 0, 0, 26.873725918, -44.4214261671 
20, 46281, 2.0, [1 100 255 127 127 0 380 7 130 128 80 85 128 128], 70.0, TPX, 1605874975, 2020-11-20 12:22:55, I07-W0167, 0, 0, 15.5176382545, -46.8527788509 
21, 46283, 0.004, [1 100 255 127 127 0 380 7 130 128 80 85 128 128], 70.0, TPX, 1605875333, 2020-11-20 12:28:53, I07-W0167, 0, 0, -7.08447198925, -51.2909401504 
22, 46284, 0.004, [1 100 255 127 127 0 380 7 130 128 80 85 128 128], 70.0, TPX, 1605875513, 2020-11-20 12:31:53, I07-W0167, 0, 0, -18.4378514828, -53.5743133708 
23, 46285, 0.004, [1 100 255 127 127 0 380 7 130 128 80 85 128 128], 70.0, TPX, 1605876359, 2020-11-20 12:45:59, I07-W0167, 0, 0, -70.9189947846, -76.3593770616 
24, 46286, 0.004, [1 100 255 127 127 0 380 7 130 128 80 85 128 128], 70.0, TPX, 1605876539, 2020-11-20 12:48:59, I07-W0167, 0, 0, -80.3949738416, -104.511149194 
25, 46287, 0.004, [1 100 255 127 127 0 380 7 130 128 80 85 128 128], 70.0, TPX, 1605876719, 2020-11-20 12:51:59, I07-W0167, 0, 0, -81.0917350991, 178.543822315 
26, 46290, 2.0, [1 100 255 127 127 0 380 7 130 128 80 85 128 128], 70.0, TPX, 1605877905, 2020-11-20 13:11:45, I07-W0167, 0, 0, -9.67512517505, 120.152644391 
27, 46292, 2.0, [1 100 255 127 127 0 380 7 130 128 80 85 128 128], 70.0, TPX, 1605878265, 2020-11-20 13:17:45, I07-W0167, 0, 0, 12.9585260285, 115.716135998 
28, 46293, 2.0, [1 100 255 127 127 0 380 7 130 128 80 85 128 128], 70.0, TPX, 1605878445, 2020-11-20 13:20:45, I07-W0167, 0, 0, 24.2730904107, 113.34583496 
29, 46296, 0.004, [1 100 255 127 127 0 380 7 130 128 80 85 128 128], 70.0, TPX, 1605878983, 2020-11-20 13:29:43, I07-W0167, 0, 0, 57.8911670955, 102.648577098 
30, 46297, 0.004, [1 100 255 127 127 0 380 7 130 128 80 85 128 128], 70.0, TPX, 1605879163, 2020-11-20 13:32:43, I07-W0167, 0, 0, 68.8417635035, 94.3608392206 
31, 46300, 0.004, [1 100 255 127 127 0 380 7 130 128 80 85 128 128], 70.0, TPX, 1605879703, 2020-11-20 13:41:43, I07-W0167, 0, 0, 73.8651490713, -42.3453013767 
32, 46301, 0.004, [1 100 255 127 127 0 380 7 130 128 80 85 128 128], 70.0, TPX, 1605879883, 2020-11-20 13:44:43, I07-W0167, 0, 0, 63.1694963042, -54.6892324696 
33, 46304, 2.0, [1 100 255 127 127 0 380 7 130 128 80 85 128 128], 70.0, TPX, 1605880425, 2020-11-20 13:53:45, I07-W0167, 0, 0, 29.3275413865, -67.4761149905 
34, 46305, 2.0, [1 100 255 127 127 0 380 7 130 128 80 85 128 128], 70.0, TPX, 1605880605, 2020-11-20 13:56:45, I07-W0167, 0, 0, 17.9749627326, -69.9687925277 
35, 46306, 2.0, [1 100 255 127 127 0 380 7 130 128 80 85 128 128], 70.0, TPX, 1605880785, 2020-11-20 13:59:45, I07-W0167, 0, 0, 6.61105023359, -72.2479310308 
36, 46308, 0.004, [1 100 255 127 127 0 380 7 130 128 80 85 128 128], 70.0, TPX, 1605881323, 2020-11-20 14:08:43, I07-W0167, 0, 0, -27.3219365917, -79.1285065055 
37, 46309, 0.004, [1 100 255 127 127 0 380 7 130 128 80 85 128 128], 70.0, TPX, 1605882247, 2020-11-20 14:24:07, I07-W0167, 0, 0, -81.7859282055, -141.586515664 
38, 46310, 0.004, [1 100 255 127 127 0 380 7 130 128 80 85 128 128], 70.0, TPX, 1605882427, 2020-11-20 14:27:07, I07-W0167, 0, 0, -79.4778228701, 143.589687204 
39, 46313, 0.004, [1 100 255 127 127 0 380 7 130 128 80 85 128 128], 70.0, TPX, 1605882967, 2020-11-20 14:36:07, I07-W0167, 0, 0, -47.6810178349, 105.886879066 
40, 46320, 0.004, [1 100 255 127 127 0 380 7 130 128 80 85 128 128], 70.0, TPX, 1605884874, 2020-11-20 15:07:54, I07-W0167, 0, 0, 71.3223720965, 67.6287355675 
41, 46322, 0.004, [1 100 255 127 127 0 380 7 130 128 80 85 128 128], 70.0, TPX, 1605885414, 2020-11-20 15:16:54, I07-W0167, 0, 0, 71.4438265203, -69.9850825289 
42, 46323, 0.004, [1 100 255 127 127 0 380 7 130 128 80 85 128 128], 70.0, TPX, 1605885954, 2020-11-20 15:25:54, I07-W0167, 0, 0, 38.1352000936, -88.8716825627 
43, 46324, 2.0, [1 100 255 127 127 0 380 7 130 128 80 85 128 128], 70.0, TPX, 1605886136, 2020-11-20 15:28:56, I07-W0167, 0, 0, 26.6759816963, -91.7090319361 
44, 46325, 2.0, [1 100 255 127 127 0 380 7 130 128 80 85 128 128], 70.0, TPX, 1605886316, 2020-11-20 15:31:56, I07-W0167, 0, 0, 15.3195525233, -94.1358664497 
45, 46326, 2.0, [1 100 255 127 127 0 380 7 130 128 80 85 128 128], 70.0, TPX, 1605886496, 2020-11-20 15:34:56, I07-W0167, 0, 0, 3.95461677656, -96.3874041584 
46, 46330, 0.004, [1 100 255 127 127 0 380 7 130 128 80 85 128 128], 70.0, TPX, 1605887804, 2020-11-20 15:56:44, I07-W0167, 0, 0, -76.9198555546, -135.751102567 
47, 46333, 0.004, [1 100 255 127 127 0 380 7 130 128 80 85 128 128], 70.0, TPX, 1605888524, 2020-11-20 16:08:44, I07-W0167, 0, 0, -54.6212037855, 85.0338744007 
48, 46334, 0.004, [1 100 255 127 127 0 380 7 130 128 80 85 128 128], 70.0, TPX, 1605888704, 2020-11-20 16:11:44, I07-W0167, 0, 0, -43.4431996441, 80.8642556488 
49, 46336, 2.0, [1 100 255 127 127 0 380 7 130 128 80 85 128 128], 70.0, TPX, 1605889066, 2020-11-20 16:17:46, I07-W0167, 0, 0, -20.784260519, 75.1801790525 
50, 46337, 2.0, [1 100 255 127 127 0 380 7 130 128 80 85 128 128], 70.0, TPX, 1605889246, 2020-11-20 16:20:46, I07-W0167, 0, 0, -9.47968443462, 72.8711174906 
51, 46338, 2.0, [1 100 255 127 127 0 380 7 130 128 80 85 128 128], 70.0, TPX, 1605889426, 2020-11-20 16:23:46, I07-W0167, 0, 0, 1.83545197598, 70.6622684643 
52, 46339, 2.0, [1 100 255 127 127 0 380 7 130 128 80 85 128 128], 70.0, TPX, 1605889606, 2020-11-20 16:26:46, I07-W0167, 0, 0, 13.1540888585, 68.4339533988 
53, 46340, 2.0, [1 100 255 127 127 0 380 7 130 128 80 85 128 128], 70.0, TPX, 1605889786, 2020-11-20 16:29:46, I07-W0167, 0, 0, 24.4685601795, 66.0598411153 
54, 46341, 2.0, [1 100 255 127 127 0 380 7 130 128 80 85 128 128], 70.0, TPX, 1605889966, 2020-11-20 16:32:46, I07-W0167, 0, 0, 35.7675696597, 63.3597102424 
55, 46344, 0.004, [1 100 255 127 127 0 380 7 130 128 80 85 128 128], 70.0, TPX, 1605890504, 2020-11-20 16:41:44, I07-W0167, 0, 0, 69.0273192527, 46.9102480626 
56, 46346, 0.004, [1 100 255 127 127 0 380 7 130 128 80 85 128 128], 70.0, TPX, 1605891224, 2020-11-20 16:53:44, I07-W0167, 0, 0, 62.9780802528, -102.06842766 
57, 46347, 0.004, [1 100 255 127 127 0 380 7 130 128 80 85 128 128], 70.0, TPX, 1605891404, 2020-11-20 16:56:44, I07-W0167, 0, 0, 51.8479557375, -107.972962272 
58, 46348, 0.004, [1 100 255 127 127 0 380 7 130 128 80 85 128 128], 70.0, TPX, 1605891584, 2020-11-20 16:59:44, I07-W0167, 0, 0, 40.5811454766, -111.804302245 
59, 46350, 2.0, [1 100 255 127 127 0 380 7 130 128 80 85 128 128], 70.0, TPX, 1605891946, 2020-11-20 17:05:46, I07-W0167, 0, 0, 17.7767608882, -117.252614372 
60, 46351, 2.0, [1 100 255 127 127 0 380 7 130 128 80 85 128 128], 70.0, TPX, 1605892126, 2020-11-20 17:08:46, I07-W0167, 0, 0, 6.4126989788, -119.529444271 
61, 46352, 2.0, [1 100 255 127 127 0 380 7 130 128 80 85 128 128], 70.0, TPX, 1605892306, 2020-11-20 17:11:46, I07-W0167, 0, 0, -4.951806466, -121.738313788 
62, 46354, 0.004, [1 100 255 127 127 0 380 7 130 128 80 85 128 128], 70.0, TPX, 1605893201, 2020-11-20 17:26:41, I07-W0167, 0, 0, -61.0114024136, -138.18188493 
63, 46355, 0.004, [1 100 255 127 127 0 380 7 130 128 80 85 128 128], 70.0, TPX, 1605893381, 2020-11-20 17:29:41, I07-W0167, 0, 0, -71.8032993763, -148.484528612 
64, 46356, 0.004, [1 100 255 127 127 0 380 7 130 128 80 85 128 128], 70.0, TPX, 1605893561, 2020-11-20 17:32:41, I07-W0167, 0, 0, -80.9906551296, 179.880886486 
65, 46358, 0.004, [1 100 255 127 127 0 380 7 130 128 80 85 128 128], 70.0, TPX, 1605893921, 2020-11-20 17:38:41, I07-W0167, 0, 0, -71.0894831364, 74.0932978802 
66, 46359, 0.004, [1 100 255 127 127 0 380 7 130 128 80 85 128 128], 70.0, TPX, 1605894101, 2020-11-20 17:41:41, I07-W0167, 0, 0, -60.2771434175, 64.3651892202 
67, 46368, 0.004, [1 100 255 127 127 0 380 7 130 128 80 85 128 128], 70.0, TPX, 1605896212, 2020-11-20 18:16:52, I07-W0167, 0, 0, 71.3295506253, 20.3757503199 
68, 46372, 0.004, [1 100 255 127 127 0 380 7 130 128 80 85 128 128], 70.0, TPX, 1605896932, 2020-11-20 18:28:52, I07-W0167, 0, 0, 60.5818996281, -127.266737203 
69, 46376, 0.004, [1 100 255 127 127 0 380 7 130 128 80 85 128 128], 70.0, TPX, 1605898897, 2020-11-20 19:01:37, I07-W0167, 0, 0, -62.6653805322, -162.895107608 
70, 46377, 0.004, [1 100 255 127 127 0 380 7 130 128 80 85 128 128], 70.0, TPX, 1605899077, 2020-11-20 19:04:37, I07-W0167, 0, 0, -73.3572698651, -174.653811017 
71, 46380, 0.004, [1 100 255 127 127 0 380 7 130 128 80 85 128 128], 70.0, TPX, 1605899617, 2020-11-20 19:13:37, I07-W0167, 0, 0, -69.5018876263, 48.4428844556 
72, 46381, 0.004, [1 100 255 127 127 0 380 7 130 128 80 85 128 128], 70.0, TPX, 1605899797, 2020-11-20 19:16:37, I07-W0167, 0, 0, -58.6179197136, 39.7890108726 
73, 46382, 0.004, [1 100 255 127 127 0 380 7 130 128 80 85 128 128], 70.0, TPX, 1605899977, 2020-11-20 19:19:37, I07-W0167, 0, 0, -47.4833487452, 34.9532949975 
74, 46383, 0.004, [1 100 255 127 127 0 380 7 130 128 80 85 128 128], 70.0, TPX, 1605900157, 2020-11-20 19:22:37, I07-W0167, 0, 0, -36.2543913927, 31.5660368489 
75, 46385, 2.0, [1 100 255 127 127 0 380 7 130 128 80 85 128 128], 70.0, TPX, 1605900699, 2020-11-20 19:31:39, I07-W0167, 0, 0, -2.24409088147, 24.2119004535 
76, 46387, 2.0, [1 100 255 127 127 0 380 7 130 128 80 85 128 128], 70.0, TPX, 1605901059, 2020-11-20 19:37:39, I07-W0167, 0, 0, 20.3911404436, 19.6990988468 
77, 46388, 2.0, [1 100 255 127 127 0 380 7 130 128 80 85 128 128], 70.0, TPX, 1605901239, 2020-11-20 19:40:39, I07-W0167, 0, 0, 31.6975248206, 17.1435682013 
78, 46389, 2.0, [1 100 255 127 127 0 380 7 130 128 80 85 128 128], 70.0, TPX, 1605901420, 2020-11-20 19:43:40, I07-W0167, 0, 0, 43.0393408039, 14.0598026782 
79, 46391, 0.004, [1 100 255 127 127 0 380 7 130 128 80 85 128 128], 70.0, TPX, 1605901777, 2020-11-20 19:49:37, I07-W0167, 0, 0, 65.1302045581, 3.41321030612 
80, 46394, 0.004, [1 100 255 127 127 0 380 7 130 128 80 85 128 128], 70.0, TPX, 1605902497, 2020-11-20 20:01:37, I07-W0167, 0, 0, 66.9168044598, -146.10035546 
81, 46395, 2.0, [1 100 255 127 127 0 380 7 130 128 80 85 128 128], 70.0, TPX, 1605903508, 2020-11-20 20:18:28, I07-W0167, 0, 0, 3.62513528123, -167.315524076 
82, 46397, 0.004, [1 100 255 127 127 0 380 7 130 128 80 85 128 128], 70.0, TPX, 1605904464, 2020-11-20 20:34:24, I07-W0167, 0, 0, -56.4061781022, 177.132992101 
83, 46398, 0.004, [1 100 255 127 127 0 380 7 130 128 80 85 128 128], 70.0, TPX, 1605904644, 2020-11-20 20:37:24, I07-W0167, 0, 0, -67.3860999274, 169.601765976 
84, 46399, 0.004, [1 100 255 127 127 0 380 7 130 128 80 85 128 128], 70.0, TPX, 1605904824, 2020-11-20 20:40:24, I07-W0167, 0, 0, -77.6040219433, 151.143767142 
85, 46401, 0.004, [1 100 255 127 127 0 380 7 130 128 80 85 128 128], 70.0, TPX, 1605905184, 2020-11-20 20:46:24, I07-W0167, 0, 0, -75.338851177, 34.5089946071 
86, 46402, 0.004, [1 100 255 127 127 0 380 7 130 128 80 85 128 128], 70.0, TPX, 1605905364, 2020-11-20 20:49:24, I07-W0167, 0, 0, -64.8335489519, 20.2855115681 
87, 46403, 0.004, [1 100 255 127 127 0 380 7 130 128 80 85 128 128], 70.0, TPX, 1605905544, 2020-11-20 20:52:24, I07-W0167, 0, 0, -53.8063007459, 13.8049375845 
88, 46404, 0.004, [1 100 255 127 127 0 380 7 130 128 80 85 128 128], 70.0, TPX, 1605905724, 2020-11-20 20:55:24, I07-W0167, 0, 0, -42.6212546795, 9.74691302454 
89, 46405, 0.004, [1 100 255 127 127 0 380 7 130 128 80 85 128 128], 70.0, TPX, 1605905904, 2020-11-20 20:58:24, I07-W0167, 0, 0, -31.369153231, 6.70946386801 
90, 46406, 0.004, [1 100 255 127 127 0 380 7 130 128 80 85 128 128], 70.0, TPX, 1605906084, 2020-11-20 21:01:24, I07-W0167, 0, 0, -20.0828171668, 4.16708176349 
91, 46408, 2.0, [1 100 255 127 127 0 380 7 130 128 80 85 128 128], 70.0, TPX, 1605906446, 2020-11-20 21:07:26, I07-W0167, 0, 0, 2.66385979365, -0.362998114036 
92, 46410, 2.0, [1 100 255 127 127 0 380 7 130 128 80 85 128 128], 70.0, TPX, 1605906806, 2020-11-20 21:13:26, I07-W0167, 0, 0, 25.2963978898, -4.98819259125 
93, 46411, 2.0, [1 100 255 127 127 0 380 7 130 128 80 85 128 128], 70.0, TPX, 1605906988, 2020-11-20 21:16:28, I07-W0167, 0, 0, 36.7191413694, -7.75572675909 
94, 46412, 2.0, [1 100 255 127 127 0 380 7 130 128 80 85 128 128], 70.0, TPX, 1605907166, 2020-11-20 21:19:26, I07-W0167, 0, 0, 47.8523667906, -11.1473972099 
95, 46414, 0.004, [1 100 255 127 127 0 380 7 130 128 80 85 128 128], 70.0, TPX, 1605907524, 2020-11-20 21:25:24, I07-W0167, 0, 0, 69.8092871201, -24.8701582271 
96, 46417, 0.004, [1 100 255 127 127 0 380 7 130 128 80 85 128 128], 70.0, TPX, 1605908064, 2020-11-20 21:34:24, I07-W0167, 0, 0, 72.9338186272, -162.137803553 
97, 46418, 0.004, [1 100 255 127 127 0 380 7 130 128 80 85 128 128], 70.0, TPX, 1605908244, 2020-11-20 21:37:24, I07-W0167, 0, 0, 62.1696385721, -173.490643462 
98, 46419, 2.0, [1 100 255 127 127 0 380 7 130 128 80 85 128 128], 70.0, TPX, 1605909131, 2020-11-20 21:52:11, I07-W0167, 0, 0, 6.524978751, 169.628485676 
99, 46420, 2.0, [1 100 255 127 127 0 380 7 130 128 80 85 128 128], 70.0, TPX, 1605909311, 2020-11-20 21:55:11, I07-W0167, 0, 0, -4.8395915806, 167.419520536 
100, 46422, 2.0, [1 100 255 127 127 0 380 7 130 128 80 85 128 128], 70.0, TPX, 1605909671, 2020-11-20 22:01:11, I07-W0167, 0, 0, -27.5333787578, 162.716320576 
101, 46424, 0.004, [1 100 255 127 127 0 380 7 130 128 80 85 128 128], 70.0, TPX, 1605910029, 2020-11-20 22:07:09, I07-W0167, 0, 0, -49.9604227153, 156.291639738 
102, 46425, 0.004, [1 100 255 127 127 0 380 7 130 128 80 85 128 128], 70.0, TPX, 1605910209, 2020-11-20 22:10:09, I07-W0167, 0, 0, -61.0855919284, 150.907374295 
103, 46426, 0.004, [1 100 255 127 127 0 380 7 130 128 80 85 128 128], 70.0, TPX, 1605911119, 2020-11-20 22:25:19, I07-W0167, 0, 0, -59.5916997835, -6.90384849044 
104, 46427, 0.004, [1 100 255 127 127 0 380 7 130 128 80 85 128 128], 70.0, TPX, 1605911299, 2020-11-20 22:28:19, I07-W0167, 0, 0, -48.4702291179, -11.9387147525 
105, 46428, 0.004, [1 100 255 127 127 0 380 7 130 128 80 85 128 128], 70.0, TPX, 1605911479, 2020-11-20 22:31:19, I07-W0167, 0, 0, -37.2470501054, -15.4118796054 
106, 46429, 0.004, [1 100 255 127 127 0 380 7 130 128 80 85 128 128], 70.0, TPX, 1605911659, 2020-11-20 22:34:19, I07-W0167, 0, 0, -25.9760375706, -18.170241256 
107, 46430, 0.004, [1 100 255 127 127 0 380 7 130 128 80 85 128 128], 70.0, TPX, 1605911839, 2020-11-20 22:37:19, I07-W0167, 0, 0, -14.6792649774, -20.5732281642 
108, 46431, 2.0, [1 100 255 127 127 0 380 7 130 128 80 85 128 128], 70.0, TPX, 1605912021, 2020-11-20 22:40:21, I07-W0167, 0, 0, -3.24238876911, -22.8367306568 
109, 46432, 2.0, [1 100 255 127 127 0 380 7 130 128 80 85 128 128], 70.0, TPX, 1605912201, 2020-11-20 22:43:21, I07-W0167, 0, 0, 8.07554439052, -25.0419784659 
110, 46433, 2.0, [1 100 255 127 127 0 380 7 130 128 80 85 128 128], 70.0, TPX, 1605912381, 2020-11-20 22:46:21, I07-W0167, 0, 0, 19.3930636834, -27.3329827151 
111, 46434, 2.0, [1 100 255 127 127 0 380 7 130 128 80 85 128 128], 70.0, TPX, 1605912561, 2020-11-20 22:49:21, I07-W0167, 0, 0, 30.7009797302, -29.8582983113 
112, 46435, 2.0, [1 100 255 127 127 0 380 7 130 128 80 85 128 128], 70.0, TPX, 1605912741, 2020-11-20 22:52:21, I07-W0167, 0, 0, 41.9837623885, -32.8624067532 
113, 46437, 0.004, [1 100 255 127 127 0 380 7 130 128 80 85 128 128], 70.0, TPX, 1605913099, 2020-11-20 22:58:19, I07-W0167, 0, 0, 64.1667858852, -43.0649847491 
114, 46440, 0.004, [1 100 255 127 127 0 380 7 130 128 80 85 128 128], 70.0, TPX, 1605913639, 2020-11-20 23:07:19, I07-W0167, 0, 0, 78.0501972206, -172.805807715 
115, 46441, 0.004, [1 100 255 127 127 0 380 7 130 128 80 85 128 128], 70.0, TPX, 1605913819, 2020-11-20 23:10:19, I07-W0167, 0, 0, 67.8698207546, 167.590398209 
116, 46442, 0.004, [1 100 255 127 127 0 380 7 130 128 80 85 128 128], 70.0, TPX, 1605913999, 2020-11-20 23:13:19, I07-W0167, 0, 0, 56.8642925501, 159.807261047 
117, 46445, 2.0, [1 100 255 127 127 0 380 7 130 128 80 85 128 128], 70.0, TPX, 1605914721, 2020-11-20 23:25:21, I07-W0167, 0, 0, 11.508344533, 146.990124203 
118, 46447, 0.004, [1 100 255 127 127 0 380 7 130 128 80 85 128 128], 70.0, TPX, 1605916298, 2020-11-20 23:51:38, I07-W0167, 0, 0, -82.572772828, 60.0243922673 
119, 46448, 0.004, [1 100 255 127 127 0 380 7 130 128 80 85 128 128], 70.0, TPX, 1605917321, 2020-11-21 00:08:41, I07-W0167, 0, 0, -26.4109823093, -41.693486179 
120, 46449, 0.004, [1 100 255 127 127 0 380 7 130 128 80 85 128 128], 70.0, TPX, 1605917501, 2020-11-21 00:11:41, I07-W0167, 0, 0, -15.1149866501, -44.1059943709 
121, 46451, 2.0, [1 100 255 127 127 0 380 7 130 128 80 85 128 128], 70.0, TPX, 1605917863, 2020-11-21 00:17:43, I07-W0167, 0, 0, 7.63927544885, -48.5775826162 
122, 46452, 2.0, [1 100 255 127 127 0 380 7 130 128 80 85 128 128], 70.0, TPX, 1605918043, 2020-11-21 00:20:43, I07-W0167, 0, 0, 18.9569800106, -50.8628751197 
123, 46453, 2.0, [1 100 255 127 127 0 380 7 130 128 80 85 128 128], 70.0, TPX, 1605918223, 2020-11-21 00:23:43, I07-W0167, 0, 0, 30.265531265, -53.3755616961 
124, 46456, 0.004, [1 100 255 127 127 0 380 7 130 128 80 85 128 128], 70.0, TPX, 1605918761, 2020-11-21 00:32:41, I07-W0167, 0, 0, 63.7449055908, -66.367384043 
125, 46459, 0.004, [1 100 255 127 127 0 380 7 130 128 80 85 128 128], 70.0, TPX, 1605919301, 2020-11-21 00:41:41, I07-W0167, 0, 0, 78.3955657359, 164.945284509 
126, 46460, 0.004, [1 100 255 127 127 0 380 7 130 128 80 85 128 128], 70.0, TPX, 1605919481, 2020-11-21 00:44:41, I07-W0167, 0, 0, 68.2845976522, 144.399419791 
127, 46461, 0.004, [1 100 255 127 127 0 380 7 130 128 80 85 128 128], 70.0, TPX, 1605919661, 2020-11-21 00:47:41, I07-W0167, 0, 0, 57.293156713, 136.404259896 
128, 46464, 2.0, [1 100 255 127 127 0 380 7 130 128 80 85 128 128], 70.0, TPX, 1605920203, 2020-11-21 00:56:43, I07-W0167, 0, 0, 23.3057887753, 125.814229175 
129, 46465, 2.0, [1 100 255 127 127 0 380 7 130 128 80 85 128 128], 70.0, TPX, 1605920383, 2020-11-21 00:59:43, I07-W0167, 0, 0, 11.9453989464, 123.455983421 
130, 46466, 2.0, [1 100 255 127 127 0 380 7 130 128 80 85 128 128], 70.0, TPX, 1605920563, 2020-11-21 01:02:43, I07-W0167, 0, 0, 0.57986379719, 121.229328091 
131, 46472, 0.004, [1 100 255 127 127 0 380 7 130 128 80 85 128 128], 70.0, TPX, 1605949215, 2020-11-21 09:00:15, I07-W0167, 0, 0, -18.8166366986, -0.730591558001 
132, 46473, 0.004, [1 100 255 127 127 0 380 7 130 128 80 85 128 128], 70.0, TPX, 1605949395, 2020-11-21 09:03:15, I07-W0167, 0, 0, -30.1481681246, -3.24319537176 
133, 46474, 0.004, [1 100 255 127 127 0 380 7 130 128 80 85 128 128], 70.0, TPX, 1605949575, 2020-11-21 09:06:15, I07-W0167, 0, 0, -41.4425416139, -6.21761810396 
134, 46475, 0.004, [1 100 255 127 127 0 380 7 130 128 80 85 128 128], 70.0, TPX, 1605949755, 2020-11-21 09:09:15, I07-W0167, 0, 0, -52.6681146077, -10.1381624818 
135, 46477, 0.004, [1 100 255 127 127 0 380 7 130 128 80 85 128 128], 70.0, TPX, 1605950599, 2020-11-21 09:23:19, I07-W0167, 0, 0, -71.7450720136, -161.179855862 
136, 46478, 0.004, [1 100 255 127 127 0 380 7 130 128 80 85 128 128], 70.0, TPX, 1605950779, 2020-11-21 09:26:19, I07-W0167, 0, 0, -60.968269769, -171.423978484 
137, 46481, 2.0, [1 100 255 127 127 0 380 7 130 128 80 85 128 128], 70.0, TPX, 1605951321, 2020-11-21 09:35:21, I07-W0167, 0, 0, -27.2620990119, 176.772016603 
138, 46483, 2.0, [1 100 255 127 127 0 380 7 130 128 80 85 128 128], 70.0, TPX, 1605951681, 2020-11-21 09:41:21, I07-W0167, 0, 0, -4.65807247324, 172.089566758 
139, 46484, 2.0, [1 100 255 127 127 0 380 7 130 128 80 85 128 128], 70.0, TPX, 1605951861, 2020-11-21 09:44:21, I07-W0167, 0, 0, 6.65937681017, 169.886557543 
140, 46487, 0.004, [1 100 255 127 127 0 380 7 130 128 80 85 128 128], 70.0, TPX, 1605952399, 2020-11-21 09:53:19, I07-W0167, 0, 0, 40.4498282596, 162.239300164 
141, 46488, 0.004, [1 100 255 127 127 0 380 7 130 128 80 85 128 128], 70.0, TPX, 1605952579, 2020-11-21 09:56:19, I07-W0167, 0, 0, 51.6863295561, 158.433436797 
142, 46490, 0.004, [1 100 255 127 127 0 380 7 130 128 80 85 128 128], 70.0, TPX, 1605952939, 2020-11-21 10:02:19, I07-W0167, 0, 0, 73.5045014228, 140.656926918 
143, 46492, 0.004, [1 100 255 127 127 0 380 7 130 128 80 85 128 128], 70.0, TPX, 1605953299, 2020-11-21 10:08:19, I07-W0167, 0, 0, 79.144953601, 26.5950251716 
144, 46494, 2.0, [1 100 255 127 127 0 380 7 130 128 80 85 128 128], 70.0, TPX, 1605953841, 2020-11-21 10:17:21, I07-W0167, 0, 0, 46.922538988, -9.64470351249 
145, 46495, 2.0, [1 100 255 127 127 0 380 7 130 128 80 85 128 128], 70.0, TPX, 1605954021, 2020-11-21 10:20:21, I07-W0167, 0, 0, 35.6237224607, -12.9986397295 
146, 46496, 2.0, [1 100 255 127 127 0 380 7 130 128 80 85 128 128], 70.0, TPX, 1605954201, 2020-11-21 10:23:21, I07-W0167, 0, 0, 24.2831120058, -15.6993964184 
147, 46500, 0.004, [1 100 255 127 127 0 380 7 130 128 80 85 128 128], 70.0, TPX, 1605955463, 2020-11-21 10:44:23, I07-W0167, 0, 0, -55.0903694795, -34.8289821395 
148, 46502, 0.004, [1 100 255 127 127 0 380 7 130 128 80 85 128 128], 70.0, TPX, 1605956003, 2020-11-21 10:53:23, I07-W0167, 0, 0, -82.7101552529, -116.536796887 
149, 46503, 0.004, [1 100 255 127 127 0 380 7 130 128 80 85 128 128], 70.0, TPX, 1605956183, 2020-11-21 10:56:23, I07-W0167, 0, 0, -76.4911860521, -175.093716181 
150, 46504, 0.004, [1 100 255 127 127 0 380 7 130 128 80 85 128 128], 70.0, TPX, 1605956363, 2020-11-21 10:59:23, I07-W0167, 0, 0, -66.1203156102, 168.778509615 
151, 46505, 0.004, [1 100 255 127 127 0 380 7 130 128 80 85 128 128], 70.0, TPX, 1605956543, 2020-11-21 11:02:23, I07-W0167, 0, 0, -55.1258284066, 161.809899832 
152, 46510, 0.004, [1 100 255 127 127 0 380 7 130 128 80 85 128 128], 70.0, TPX, 1605958233, 2020-11-21 11:30:33, I07-W0167, 0, 0, 50.7578712065, 135.181027658 
153, 46511, 0.004, [1 100 255 127 127 0 380 7 130 128 80 85 128 128], 70.0, TPX, 1605958413, 2020-11-21 11:33:33, I07-W0167, 0, 0, 61.8837541743, 129.589384011 
154, 46512, 0.004, [1 100 255 127 127 0 380 7 130 128 80 85 128 128], 70.0, TPX, 1605958593, 2020-11-21 11:36:33, I07-W0167, 0, 0, 72.6506048333, 118.51987401 
155, 46515, 2.0, [1 100 255 127 127 0 380 7 130 128 80 85 128 128], 70.0, TPX, 1605959495, 2020-11-21 11:51:35, I07-W0167, 0, 0, 47.8556794323, -32.9408378154 
156, 46516, 2.0, [1 100 255 127 127 0 380 7 130 128 80 85 128 128], 70.0, TPX, 1605959675, 2020-11-21 11:54:35, I07-W0167, 0, 0, 36.5618933393, -36.3731786276 
157, 46517, 2.0, [1 100 255 127 127 0 380 7 130 128 80 85 128 128], 70.0, TPX, 1605959855, 2020-11-21 11:57:35, I07-W0167, 0, 0, 25.2236256393, -39.1123952581 
158, 46518, 2.0, [1 100 255 127 127 0 380 7 130 128 80 85 128 128], 70.0, TPX, 1605960035, 2020-11-21 12:00:35, I07-W0167, 0, 0, 13.8649160369, -41.5077869959 
159, 46521, 0.004, [1 100 255 127 127 0 380 7 130 128 80 85 128 128], 70.0, TPX, 1605960573, 2020-11-21 12:09:33, I07-W0167, 0, 0, -20.0879124879, -48.2403386108 
160, 46522, 0.004, [1 100 255 127 127 0 380 7 130 128 80 85 128 128], 70.0, TPX, 1605960753, 2020-11-21 12:12:33, I07-W0167, 0, 0, -31.4161585929, -50.7902599635 
161, 46523, 0.004, [1 100 255 127 127 0 380 7 130 128 80 85 128 128], 70.0, TPX, 1605961113, 2020-11-21 12:18:33, I07-W0167, 0, 0, -53.9189886219, -57.9195601918 
162, 46524, 0.004, [1 100 255 127 127 0 380 7 130 128 80 85 128 128], 70.0, TPX, 1605961293, 2020-11-21 12:21:33, I07-W0167, 0, 0, -64.9654194142, -64.4554774908 
163, 46525, 0.004, [1 100 255 127 127 0 380 7 130 128 80 85 128 128], 70.0, TPX, 1605961473, 2020-11-21 12:24:33, I07-W0167, 0, 0, -75.4704279412, -78.8858435447 
164, 46526, 0.004, [1 100 255 127 127 0 380 7 130 128 80 85 128 128], 70.0, TPX, 1605961653, 2020-11-21 12:27:33, I07-W0167, 0, 0, -82.6132075478, -130.715463639 
165, 46530, 0.004, [1 100 255 127 127 0 380 7 130 128 80 85 128 128], 70.0, TPX, 1605962553, 2020-11-21 12:42:33, I07-W0167, 0, 0, -33.8920987516, 131.12058948 
166, 46533, 2.0, [1 100 255 127 127 0 380 7 130 128 80 85 128 128], 70.0, TPX, 1605963095, 2020-11-21 12:51:35, I07-W0167, 0, 0, 0.129010213852, 123.915873718 
167, 46534, 2.0, [1 100 255 127 127 0 380 7 130 128 80 85 128 128], 70.0, TPX, 1605963275, 2020-11-21 12:54:35, I07-W0167, 0, 0, 11.4476574484, 121.697974691 
168, 46535, 2.0, [1 100 255 127 127 0 380 7 130 128 80 85 128 128], 70.0, TPX, 1605963455, 2020-11-21 12:57:35, I07-W0167, 0, 0, 22.7636783685, 119.355301768 
169, 46537, 0.004, [1 100 255 127 127 0 380 7 130 128 80 85 128 128], 70.0, TPX, 1605963813, 2020-11-21 13:03:33, I07-W0167, 0, 0, 45.2124576956, 113.536021577 
170, 46538, 0.004, [1 100 255 127 127 0 380 7 130 128 80 85 128 128], 70.0, TPX, 1605963993, 2020-11-21 13:06:33, I07-W0167, 0, 0, 56.4098322534, 109.085388352 
171, 46539, 0.004, [1 100 255 127 127 0 380 7 130 128 80 85 128 128], 70.0, TPX, 1605964173, 2020-11-21 13:09:33, I07-W0167, 0, 0, 67.4098484952, 101.534101961 
172, 46543, 0.004, [1 100 255 127 127 0 380 7 130 128 80 85 128 128], 70.0, TPX, 1605964893, 2020-11-21 13:21:33, I07-W0167, 0, 0, 64.6245793143, -47.9129300779 
173, 46546, 2.0, [1 100 255 127 127 0 380 7 130 128 80 85 128 128], 70.0, TPX, 1605965425, 2020-11-21 13:30:25, I07-W0167, 0, 0, 31.457829577, -61.287628924 
174, 46547, 2.0, [1 100 255 127 127 0 380 7 130 128 80 85 128 128], 70.0, TPX, 1605965615, 2020-11-21 13:33:35, I07-W0167, 0, 0, 19.4771296517, -63.9748985507 
175, 46548, 2.0, [1 100 255 127 127 0 380 7 130 128 80 85 128 128], 70.0, TPX, 1605965795, 2020-11-21 13:36:35, I07-W0167, 0, 0, 8.11356890739, -66.2730454702 
176, 46550, 0.004, [1 100 255 127 127 0 380 7 130 128 80 85 128 128], 70.0, TPX, 1605966153, 2020-11-21 13:42:33, I07-W0167, 0, 0, -14.4832283029, -70.7033042408 
177, 46551, 0.004, [1 100 255 127 127 0 380 7 130 128 80 85 128 128], 70.0, TPX, 1605966333, 2020-11-21 13:45:33, I07-W0167, 0, 0, -25.8242161258, -73.1090334699 
178, 46552, 0.004, [1 100 255 127 127 0 380 7 130 128 80 85 128 128], 70.0, TPX, 1605967185, 2020-11-21 13:59:45, I07-W0167, 0, 0, -77.7496893877, -109.207389191 
179, 46553, 0.004, [1 100 255 127 127 0 380 7 130 128 80 85 128 128], 70.0, TPX, 1605968197, 2020-11-21 14:16:37, I07-W0167, 0, 0, -35.4514377691, 107.89922355 
180, 46556, 0.004, [1 100 255 127 127 0 380 7 130 128 80 85 128 128], 70.0, TPX, 1605969667, 2020-11-21 14:41:07, I07-W0167, 0, 0, 56.7238570306, 85.3080108732 
181, 46557, 0.004, [1 100 255 127 127 0 380 7 130 128 80 85 128 128], 70.0, TPX, 1605969847, 2020-11-21 14:44:07, I07-W0167, 0, 0, 67.7144271208, 77.6103193777 
182, 46561, 0.004, [1 100 255 127 127 0 380 7 130 128 80 85 128 128], 70.0, TPX, 1605970567, 2020-11-21 14:56:07, I07-W0167, 0, 0, 64.3150829524, -71.7766479782 
183, 46562, 0.004, [1 100 255 127 127 0 380 7 130 128 80 85 128 128], 70.0, TPX, 1605970747, 2020-11-21 14:59:07, I07-W0167, 0, 0, 53.2116200806, -78.1020042054 
184, 46563, 0.004, [1 100 255 127 127 0 380 7 130 128 80 85 128 128], 70.0, TPX, 1605970927, 2020-11-21 15:02:07, I07-W0167, 0, 0, 41.9545667449, -82.0985323034 
185, 46564, 2.0, [1 100 255 127 127 0 380 7 130 128 80 85 128 128], 70.0, TPX, 1605971109, 2020-11-21 15:05:09, I07-W0167, 0, 0, 30.5043522444, -85.1383489742 
186, 46565, 2.0, [1 100 255 127 127 0 380 7 130 128 80 85 128 128], 70.0, TPX, 1605971289, 2020-11-21 15:08:09, I07-W0167, 0, 0, 19.1527690907, -87.6641460988 
187, 46566, 2.0, [1 100 255 127 127 0 380 7 130 128 80 85 128 128], 70.0, TPX, 1605971469, 2020-11-21 15:11:09, I07-W0167, 0, 0, 7.78878572844, -89.9580241501 
188, 46569, 0.004, [1 100 255 127 127 0 380 7 130 128 80 85 128 128], 70.0, TPX, 1605972007, 2020-11-21 15:20:07, I07-W0167, 0, 0, -26.1485118, -96.803082641 
189, 46570, 0.004, [1 100 255 127 127 0 380 7 130 128 80 85 128 128], 70.0, TPX, 1605972187, 2020-11-21 15:23:07, I07-W0167, 0, 0, -37.4584615357, -99.577054689 
190, 46571, 0.004, [1 100 255 127 127 0 380 7 130 128 80 85 128 128], 70.0, TPX, 1605972367, 2020-11-21 15:26:07, I07-W0167, 0, 0, -48.7137151165, -103.079179544 
191, 46572, 0.004, [1 100 255 127 127 0 380 7 130 128 80 85 128 128], 70.0, TPX, 1605972547, 2020-11-21 15:29:07, I07-W0167, 0, 0, -59.8575717271, -108.179227155 
192, 46573, 0.004, [1 100 255 127 127 0 380 7 130 128 80 85 128 128], 70.0, TPX, 1605972727, 2020-11-21 15:32:07, I07-W0167, 0, 0, -70.7060841278, -117.635569418 
193, 46574, 0.004, [1 100 255 127 127 0 380 7 130 128 80 85 128 128], 70.0, TPX, 1605972907, 2020-11-21 15:35:07, I07-W0167, 0, 0, -80.2426333023, -145.016677646 
194, 46578, 0.004, [1 100 255 127 127 0 380 7 130 128 80 85 128 128], 70.0, TPX, 1605973627, 2020-11-21 15:47:07, I07-W0167, 0, 0, -50.3409188936, 88.9240564533 
195, 46581, 2.0, [1 100 255 127 127 0 380 7 130 128 80 85 128 128], 70.0, TPX, 1605974169, 2020-11-21 15:56:09, I07-W0167, 0, 0, -16.4477853683, 79.9533201495 
196, 46582, 2.0, [1 100 255 127 127 0 380 7 130 128 80 85 128 128], 70.0, TPX, 1605974349, 2020-11-21 15:59:09, I07-W0167, 0, 0, -5.13875514686, 77.6981146293 
197, 46583, 2.0, [1 100 255 127 127 0 380 7 130 128 80 85 128 128], 70.0, TPX, 1605974529, 2020-11-21 16:02:09, I07-W0167, 0, 0, 6.17832103746, 75.4954879053 
198, 46584, 2.0, [1 100 255 127 127 0 380 7 130 128 80 85 128 128], 70.0, TPX, 1605974709, 2020-11-21 16:05:09, I07-W0167, 0, 0, 17.4964533398, 73.22782412 
199, 46585, 2.0, [1 100 255 127 127 0 380 7 130 128 80 85 128 128], 70.0, TPX, 1605974889, 2020-11-21 16:08:09, I07-W0167, 0, 0, 28.8070263303, 70.7549951124 
200, 46588, 0.004, [1 100 255 127 127 0 380 7 130 128 80 85 128 128], 70.0, TPX, 1605975427, 2020-11-21 16:17:07, I07-W0167, 0, 0, 62.3290551874, 58.4269066433 
201, 46589, 0.004, [1 100 255 127 127 0 380 7 130 128 80 85 128 128], 70.0, TPX, 1605975607, 2020-11-21 16:20:07, I07-W0167, 0, 0, 73.0685577689, 46.9489957258 
202, 46593, 0.004, [1 100 255 127 127 0 380 7 130 128 80 85 128 128], 70.0, TPX, 1605976327, 2020-11-21 16:32:07, I07-W0167, 0, 0, 58.7230841363, -99.0462260472 
203, 46594, 0.004, [1 100 255 127 127 0 380 7 130 128 80 85 128 128], 70.0, TPX, 1605976507, 2020-11-21 16:35:07, I07-W0167, 0, 0, 47.523561484, -103.921451152 
204, 46595, 0.004, [1 100 255 127 127 0 380 7 130 128 80 85 128 128], 70.0, TPX, 1605976687, 2020-11-21 16:38:07, I07-W0167, 0, 0, 36.2275521644, -107.325398867 
205, 46596, 2.0, [1 100 255 127 127 0 380 7 130 128 80 85 128 128], 70.0, TPX, 1605976869, 2020-11-21 16:41:09, I07-W0167, 0, 0, 24.7619287571, -110.078668612 
206, 46597, 2.0, [1 100 255 127 127 0 380 7 130 128 80 85 128 128], 70.0, TPX, 1605977049, 2020-11-21 16:44:09, I07-W0167, 0, 0, 13.4024046546, -112.464713236 
207, 46598, 2.0, [1 100 255 127 127 0 380 7 130 128 80 85 128 128], 70.0, TPX, 1605977229, 2020-11-21 16:47:09, I07-W0167, 0, 0, 2.03654106941, -114.700814717 
208, 46600, 0.004, [1 100 255 127 127 0 380 7 130 128 80 85 128 128], 70.0, TPX, 1605978256, 2020-11-21 17:04:16, I07-W0167, 0, 0, -62.3115562427, -133.350304734 
209, 46601, 0.004, [1 100 255 127 127 0 380 7 130 128 80 85 128 128], 70.0, TPX, 1605978436, 2020-11-21 17:07:16, I07-W0167, 0, 0, -73.0258076149, -144.7680451 
210, 46602, 0.004, [1 100 255 127 127 0 380 7 130 128 80 85 128 128], 70.0, TPX, 1605978616, 2020-11-21 17:10:16, I07-W0167, 0, 0, -81.7076405772, 177.893233136 
211, 46604, 0.004, [1 100 255 127 127 0 380 7 130 128 80 85 128 128], 70.0, TPX, 1605978976, 2020-11-21 17:16:16, I07-W0167, 0, 0, -69.8484650852, 78.1604501341 
212, 46606, 2.0, [1 100 255 127 127 0 380 7 130 128 80 85 128 128], 70.0, TPX, 1605979985, 2020-11-21 17:33:05, I07-W0167, 0, 0, -7.20780129998, 54.4817962094 
213, 46607, 2.0, [1 100 255 127 127 0 380 7 130 128 80 85 128 128], 70.0, TPX, 1605980165, 2020-11-21 17:36:05, I07-W0167, 0, 0, 4.1083207923, 52.2783327872 
214, 46611, 0.004, [1 100 255 127 127 0 380 7 130 128 80 85 128 128], 70.0, TPX, 1605981831, 2020-11-21 18:03:51, I07-W0167, 0, 0, 68.7653951584, -114.915992997 
215, 46612, 0.004, [1 100 255 127 127 0 380 7 130 128 80 85 128 128], 70.0, TPX, 1605982011, 2020-11-21 18:06:51, I07-W0167, 0, 0, 57.7902510505, -123.171109891 
216, 46613, 0.004, [1 100 255 127 127 0 380 7 130 128 80 85 128 128], 70.0, TPX, 1605982191, 2020-11-21 18:09:51, I07-W0167, 0, 0, 46.5789292464, -127.868435888 
217, 46614, 0.004, [1 100 255 127 127 0 380 7 130 128 80 85 128 128], 70.0, TPX, 1605982371, 2020-11-21 18:12:51, I07-W0167, 0, 0, 35.2778177755, -131.194819976 
218, 46616, 0.004, [1 100 255 127 127 0 380 7 130 128 80 85 128 128], 70.0, TPX, 1605983815, 2020-11-21 18:36:55, I07-W0167, 0, 0, -55.5551706826, -153.153441022 
219, 46617, 0.004, [1 100 255 127 127 0 380 7 130 128 80 85 128 128], 70.0, TPX, 1605983995, 2020-11-21 18:39:55, I07-W0167, 0, 0, -66.5591484341, -160.313719574 
220, 46618, 0.004, [1 100 255 127 127 0 380 7 130 128 80 85 128 128], 70.0, TPX, 1605984175, 2020-11-21 18:42:55, I07-W0167, 0, 0, -76.8882659297, -177.216689239 
221, 46620, 0.004, [1 100 255 127 127 0 380 7 130 128 80 85 128 128], 70.0, TPX, 1605984535, 2020-11-21 18:48:55, I07-W0167, 0, 0, -76.0907115706, 65.6971444101 
222, 46621, 0.004, [1 100 255 127 127 0 380 7 130 128 80 85 128 128], 70.0, TPX, 1605984715, 2020-11-21 18:51:55, I07-W0167, 0, 0, -65.670171993, 50.2806493043 
223, 46622, 0.004, [1 100 255 127 127 0 380 7 130 128 80 85 128 128], 70.0, TPX, 1605984895, 2020-11-21 18:54:55, I07-W0167, 0, 0, -54.6644593735, 43.4908402136 
224, 46623, 0.004, [1 100 255 127 127 0 380 7 130 128 80 85 128 128], 70.0, TPX, 1605985075, 2020-11-21 18:57:55, I07-W0167, 0, 0, -43.4882037606, 39.3154362915 
225, 46624, 0.004, [1 100 255 127 127 0 380 7 130 128 80 85 128 128], 70.0, TPX, 1605985255, 2020-11-21 19:00:55, I07-W0167, 0, 0, -32.2407365954, 36.2236282207 
226, 46627, 2.0, [1 100 255 127 127 0 380 7 130 128 80 85 128 128], 70.0, TPX, 1605985797, 2020-11-21 19:09:57, I07-W0167, 0, 0, 1.78698068477, 29.1086406538 
227, 46628, 2.0, [1 100 255 127 127 0 380 7 130 128 80 85 128 128], 70.0, TPX, 1605985977, 2020-11-21 19:12:57, I07-W0167, 0, 0, 13.1056107371, 26.8806653902 
228, 46631, 2.0, [1 100 255 127 127 0 380 7 130 128 80 85 128 128], 70.0, TPX, 1605986517, 2020-11-21 19:21:57, I07-W0167, 0, 0, 46.9837818792, 18.4569879653 
229, 46633, 0.004, [1 100 255 127 127 0 380 7 130 128 80 85 128 128], 70.0, TPX, 1605986896, 2020-11-21 19:28:16, I07-W0167, 0, 0, 70.2291388483, 3.91016291724 
230, 46636, 2.0, [1 100 255 127 127 0 380 7 130 128 80 85 128 128], 70.0, TPX, 1605988689, 2020-11-21 19:58:09, I07-W0167, 0, 0, -5.6779456478, -163.44185059 
231, 46638, 0.004, [1 100 255 127 127 0 380 7 130 128 80 85 128 128], 70.0, TPX, 1605989635, 2020-11-21 20:13:55, I07-W0167, 0, 0, -64.8153123468, 177.559482773 
232, 46640, 0.004, [1 100 255 127 127 0 380 7 130 128 80 85 128 128], 70.0, TPX, 1605990480, 2020-11-21 20:28:00, I07-W0167, 0, 0, -59.8278330834, 22.5354715031 
233, 46641, 0.004, [1 100 255 127 127 0 380 7 130 128 80 85 128 128], 70.0, TPX, 1605990660, 2020-11-21 20:31:00, I07-W0167, 0, 0, -48.7108566823, 17.4500234214 
234, 46642, 0.004, [1 100 255 127 127 0 380 7 130 128 80 85 128 128], 70.0, TPX, 1605990840, 2020-11-21 20:34:00, I07-W0167, 0, 0, -37.490174104, 13.9552230905 
235, 46643, 0.004, [1 100 255 127 127 0 380 7 130 128 80 85 128 128], 70.0, TPX, 1605991020, 2020-11-21 20:37:00, I07-W0167, 0, 0, -26.2207854466, 11.1862840382 
236, 46646, 2.0, [1 100 255 127 127 0 380 7 130 128 80 85 128 128], 70.0, TPX, 1605991562, 2020-11-21 20:46:02, I07-W0167, 0, 0, 7.82882088225, 4.3078314717 
237, 46647, 2.0, [1 100 255 127 127 0 380 7 130 128 80 85 128 128], 70.0, TPX, 1605991742, 2020-11-21 20:49:02, I07-W0167, 0, 0, 19.1465433732, 2.0200694279 
238, 46648, 2.0, [1 100 255 127 127 0 380 7 130 128 80 85 128 128], 70.0, TPX, 1605991922, 2020-11-21 20:52:02, I07-W0167, 0, 0, 30.4551782975, -0.498127083486 
239, 46649, 2.0, [1 100 255 127 127 0 380 7 130 128 80 85 128 128], 70.0, TPX, 1605992102, 2020-11-21 20:55:02, I07-W0167, 0, 0, 41.7393952955, -3.48804676786 
240, 46651, 0.004, [1 100 255 127 127 0 380 7 130 128 80 85 128 128], 70.0, TPX, 1605992460, 2020-11-21 21:01:00, I07-W0167, 0, 0, 63.931076057, -13.5841542809 
241, 46654, 0.004, [1 100 255 127 127 0 380 7 130 128 80 85 128 128], 70.0, TPX, 1605993180, 2020-11-21 21:13:00, I07-W0167, 0, 0, 68.0968425822, -162.874125267 
242, 46655, 0.004, [1 100 255 127 127 0 380 7 130 128 80 85 128 128], 70.0, TPX, 1605993360, 2020-11-21 21:16:00, I07-W0167, 0, 0, 57.097642548, -170.772569682 
243, 46656, 0.004, [1 100 255 127 127 0 380 7 130 128 80 85 128 128], 70.0, TPX, 1605993540, 2020-11-21 21:19:00, I07-W0167, 0, 0, 45.8780493848, -175.346624425 
244, 46659, 2.0, [1 100 255 127 127 0 380 7 130 128 80 85 128 128], 70.0, TPX, 1605994082, 2020-11-21 21:28:02, I07-W0167, 0, 0, 11.7422119176, 176.338955289 
