# ordinar image ID, original image ID, acquisition time [s], bias [V], UTC time [s], human-readable time, no. of nonzero pixels, heatsink temperature [deg C]latitude [deg], longitude [deg], altitude (WGS84) [km]
1, 47929, 0.004, 70.0, 1620892040, 2021-05-13 07:47:20, 0, 4, 26.3270239165, 21.3004947541, 495.7534375
2, 47930, 0.004, 70.0, 1620892219, 2021-05-13 07:50:19, 0, 7, 15.0615609104, 18.9046914974, 494.0894375
3, 47931, 0.004, 70.0, 1620892399, 2021-05-13 07:53:19, 1, 9, 3.72396427652, 16.6648026764, 493.5286875
4, 47932, 0.004, 70.0, 1620892579, 2021-05-13 07:56:19, 0, 10, -7.61446649424, 14.4635078392, 494.2388125
5, 47933, 0.004, 70.0, 1620892759, 2021-05-13 07:59:19, 13, 12, -18.9462139249, 12.1825192087, 496.16296875
6, 47934, 0.004, 70.0, 1620892939, 2021-05-13 08:02:19, 131, 14, -30.2620751893, 9.67577916567, 499.03840625
7, 47935, 0.004, 70.0, 1620893119, 2021-05-13 08:05:19, 186, 16, -41.5470879044, 6.70569018849, 502.4358125
8, 47937, 0.004, 70.0, 1620894026, 2021-05-13 08:20:26, 2, 17, -78.0351844648, -133.626872754, 509.72996875
9, 47938, 0.004, 70.0, 1620894206, 2021-05-13 08:23:26, 115, 17, -67.8654630939, -153.083704791, 507.1881875
10, 47939, 0.004, 70.0, 1620894386, 2021-05-13 08:26:26, 281, 15, -56.8820271363, -160.825642252, 503.55415625
11, 47940, 0.004, 70.0, 1620894566, 2021-05-13 08:29:26, 54, 14, -45.6843383898, -165.341148613, 499.3075
12, 47941, 0.004, 70.0, 1620894746, 2021-05-13 08:32:26, 0, 12, -34.4010844485, -168.584381978, 495.02253125
13, 47942, 0.004, 70.0, 1620894926, 2021-05-13 08:35:26, 0, 11, -23.0759494947, -171.227993036, 491.28140625
14, 47943, 0.004, 70.0, 1620895106, 2021-05-13 08:38:26, 0, 9, -11.7287453459, -173.574081053, 488.58625
15, 47944, 0.004, 70.0, 1620895286, 2021-05-13 08:41:26, 0, 7, -0.37098044406, -175.792772382, 487.28390625
16, 47945, 0.004, 70.0, 1620895826, 2021-05-13 08:50:26, 3, 2, 33.6761862266, 177.039309226, 492.02034375
17, 47946, 0.004, 70.0, 1620896006, 2021-05-13 08:53:26, 15, 0, 44.9732849614, 173.845922582, 495.53796875
18, 47947, 0.004, 70.0, 1620896186, 2021-05-13 08:56:26, 60, 0, 56.1910305584, 169.440710115, 499.19403125
19, 47948, 0.004, 70.0, 1620896366, 2021-05-13 08:59:26, 295, 0, 67.2094029336, 162.005694034, 502.43340625
20, 47949, 0.004, 70.0, 1620896546, 2021-05-13 09:02:26, 2, 0, 77.4899577842, 143.859329412, 504.784
21, 47950, 0.004, 70.0, 1620896726, 2021-05-13 09:05:26, 4, 1, 82.633397587, 78.4185493225, 505.9165
22, 47951, 0.004, 70.0, 1620896906, 2021-05-13 09:08:26, 331, 3, 75.4122074087, 26.7242318601, 505.73840625
23, 47952, 0.004, 70.0, 1620897088, 2021-05-13 09:11:28, 37, 4, 64.7449545682, 12.3221137611, 504.33340625
24, 47953, 0.004, 70.0, 1620897266, 2021-05-13 09:14:26, 0, 5, 53.7955534432, 5.93421647986, 502.07225
25, 47954, 2.0, 70.0, 1620897448, 2021-05-13 09:17:28, 37, 6, 42.4433589875, 1.8430808704, 499.31334375
26, 47955, 2.0, 70.0, 1620897988, 2021-05-13 09:26:28, 58, 10, 8.49543197723, -6.00821133422, 493.53965625
27, 47956, 0.004, 70.0, 1620898166, 2021-05-13 09:29:26, 0, 12, -2.71781743431, -8.18703783719, 493.69721875
28, 47957, 0.004, 70.0, 1620898346, 2021-05-13 09:32:26, 0, 13, -14.0536683146, -10.418335134, 495.11696875
29, 47958, 0.004, 70.0, 1620898526, 2021-05-13 09:35:26, 48, 15, -25.3780084051, -12.8058192203, 497.6275
30, 47959, 0.004, 70.0, 1620898706, 2021-05-13 09:38:26, 342, 15, -36.6790754798, -15.5363563879, 500.86459375
31, 47960, 0.004, 70.0, 1620899646, 2021-05-13 09:54:06, 0, 17, -80.1350578229, -146.891291366, 510.13021875
32, 47961, 0.004, 70.0, 1620899826, 2021-05-13 09:57:06, 0, 18, -70.5189301144, -173.64475985, 507.92865625
33, 47962, 0.004, 70.0, 1620900006, 2021-05-13 10:00:06, 59, 16, -59.6396750322, 177.05643934, 504.539
34, 47963, 0.004, 70.0, 1620900186, 2021-05-13 10:03:06, 15, 15, -48.476874892, 172.016442752, 500.4048125
35, 47964, 0.004, 70.0, 1620900366, 2021-05-13 10:06:06, 0, 13, -37.2092757442, 168.544548315, 496.08421875
36, 47965, 2.0, 70.0, 1620900548, 2021-05-13 10:09:08, 24, 11, -25.7663593008, 165.760344643, 492.12615625
37, 47966, 2.0, 70.0, 1620900728, 2021-05-13 10:12:08, 18, 9, -14.4233002231, 163.362087641, 489.15128125
38, 47967, 2.0, 70.0, 1620900908, 2021-05-13 10:15:08, 14, 7, -3.0673585549, 161.125282651, 487.501875
39, 47968, 0.004, 70.0, 1620901266, 2021-05-13 10:21:06, 0, 3, 19.521496853, 156.653079688, 488.7009375
40, 47969, 0.004, 70.0, 1620901446, 2021-05-13 10:24:06, 0, 2, 30.8618819116, 154.125322299, 491.27778125
41, 47970, 0.004, 70.0, 1620901626, 2021-05-13 10:27:06, 2, 0, 42.1707832133, 151.11445197, 494.66796875
42, 47971, 0.004, 70.0, 1620901806, 2021-05-13 10:30:06, 9, 0, 53.4144937744, 147.10774006, 498.33528125
43, 47972, 0.004, 70.0, 1620901986, 2021-05-13 10:33:06, 329, 0, 64.5036439848, 140.745295906, 501.71753125
44, 47973, 0.004, 70.0, 1620902166, 2021-05-13 10:36:06, 29, 2, 75.0883676496, 126.905297253, 504.31471875
45, 47974, 0.004, 70.0, 1620902346, 2021-05-13 10:39:06, 0, 4, 82.5622816574, 77.3062530163, 505.76734375
46, 47975, 0.004, 70.0, 1620902526, 2021-05-13 10:42:06, 23, 6, 77.8000415422, 10.1027231916, 505.91153125
47, 47976, 0.004, 70.0, 1620902706, 2021-05-13 10:45:06, 37, 8, 67.5776525827, -8.77075861019, 504.802375
48, 47977, 0.004, 70.0, 1620902888, 2021-05-13 10:48:08, 1, 10, 56.456216068, -16.4355183486, 502.67428125
49, 47978, 2.0, 70.0, 1620903068, 2021-05-13 10:51:08, 241, 12, 45.254067208, -20.8801614976, 500.001625
50, 47979, 2.0, 70.0, 1620903248, 2021-05-13 10:54:08, 7, 13, 33.9740815122, -24.0907106995, 497.27940625
51, 47980, 2.0, 70.0, 1620903428, 2021-05-13 10:57:08, 1, 14, 22.6582561062, -26.7172377464, 495.02565625
52, 47981, 2.0, 70.0, 1620903608, 2021-05-13 11:00:08, 36, 15, 11.3254824396, -29.0540401216, 493.67790625
53, 47982, 2.0, 70.0, 1620903788, 2021-05-13 11:03:08, 27, 16, -0.0135300878108, -31.2681449785, 493.5221875
54, 47983, 0.004, 70.0, 1620903966, 2021-05-13 11:06:06, 0, 16, -11.225002673, -33.4571557204, 494.6265625
55, 47984, 0.004, 70.0, 1620904849, 2021-05-13 11:20:49, 100, 21, -66.2929076603, -52.5558502034, 509.09378125
56, 47985, 0.004, 70.0, 1620905029, 2021-05-13 11:23:49, 188, 21, -76.6746995747, -68.9827590985, 510.6198125
57, 47986, 0.004, 70.0, 1620905209, 2021-05-13 11:26:49, 26, 22, -82.7350239717, -128.960555815, 510.727875
58, 47987, 0.004, 70.0, 1620905389, 2021-05-13 11:29:49, 0, 21, -76.2958631325, 173.565024222, 509.33325
59, 47988, 0.004, 70.0, 1620905569, 2021-05-13 11:32:49, 0, 20, -65.8591086858, 157.829921282, 506.5768125
60, 47989, 0.004, 70.0, 1620905749, 2021-05-13 11:35:49, 54, 19, -54.8166394033, 150.975375658, 502.8059375
61, 47990, 0.004, 70.0, 1620905929, 2021-05-13 11:38:49, 25, 17, -43.5975824099, 146.781297999, 498.52325
62, 47991, 0.004, 70.0, 1620906109, 2021-05-13 11:41:49, 1, 15, -32.3044588452, 143.683438381, 494.31059375
63, 47992, 0.004, 70.0, 1620906289, 2021-05-13 11:44:49, 0, 13, -20.9742575987, 141.112131706, 490.74115625
64, 47993, 2.0, 70.0, 1620906651, 2021-05-13 11:50:51, 11, 9, 1.86018601195, 136.566818399, 487.274375
65, 47994, 2.0, 70.0, 1620906831, 2021-05-13 11:53:51, 36, 7, 13.2189918773, 134.338728729, 487.80603125
66, 47995, 0.004, 70.0, 1620907009, 2021-05-13 11:56:49, 0, 6, 24.4430664984, 131.991998674, 489.7104375
67, 47996, 0.004, 70.0, 1620907189, 2021-05-13 11:59:49, 0, 4, 35.7723746977, 129.29470233, 492.70075
68, 47997, 0.004, 70.0, 1620907369, 2021-05-13 12:02:49, 0, 2, 47.058838828, 125.942281561, 496.27971875
69, 47998, 0.004, 70.0, 1620907549, 2021-05-13 12:05:49, 51, 2, 58.2528802535, 121.17800605, 499.889
70, 47999, 0.004, 70.0, 1620907729, 2021-05-13 12:08:49, 94, 3, 69.2024794539, 112.710292688, 502.98290625
71, 48000, 0.004, 70.0, 1620907909, 2021-05-13 12:11:49, 0, 5, 79.1417160913, 89.9341594691, 505.1139375
72, 48001, 0.004, 70.0, 1620908089, 2021-05-13 12:14:49, 0, 5, 82.0067413911, 15.9632107676, 506.00253125
73, 48002, 0.004, 70.0, 1620908269, 2021-05-13 12:17:49, 76, 6, 73.5569231247, -24.3600113981, 505.57915625
74, 48003, 0.004, 70.0, 1620908449, 2021-05-13 12:20:49, 81, 7, 62.8488735643, -36.3019499999, 503.99234375
75, 48004, 0.004, 70.0, 1620908629, 2021-05-13 12:23:49, 0, 7, 51.7362343333, -42.14105823, 501.58128125
76, 48005, 2.0, 70.0, 1620908801, 2021-05-13 12:26:41, 13, 12, 40.9944163176, -45.7966096243, 498.941125
77, 48006, 2.0, 70.0, 1620908991, 2021-05-13 12:29:51, 37, 13, 29.0691245943, -48.8847259778, 496.20325
78, 48007, 2.0, 70.0, 1620909171, 2021-05-13 12:32:51, 13, 14, 17.7442389425, -51.3597030799, 494.29228125
79, 48008, 2.0, 70.0, 1620909351, 2021-05-13 12:35:51, 3, 15, 6.40762969778, -53.6266189594, 493.43403125
80, 48009, 0.004, 70.0, 1620909529, 2021-05-13 12:38:49, 0, 17, -4.80568054515, -55.8020239645, 493.82103125
81, 48010, 0.004, 70.0, 1620909709, 2021-05-13 12:41:49, 117, 18, -16.1402321953, -58.0515194466, 495.45759375
82, 48011, 0.004, 70.0, 1620909889, 2021-05-13 12:44:49, 439, 20, -27.4615080922, -60.4853207532, 498.1325
83, 48012, 0.004, 70.0, 1620910672, 2021-05-13 12:57:52, 157, 24, -75.4914785842, -89.4491682268, 510.48790625
84, 48013, 0.004, 70.0, 1620910852, 2021-05-13 13:00:52, 42, 25, -82.6457260785, -141.542802454, 510.781375
85, 48014, 0.004, 70.0, 1620911032, 2021-05-13 13:03:52, 0, 26, -77.4514560078, 153.471072139, 509.570875
86, 48015, 0.004, 70.0, 1620911212, 2021-05-13 13:06:52, 0, 25, -67.1792954598, 135.425766996, 506.97
87, 48016, 0.004, 70.0, 1620911392, 2021-05-13 13:09:52, 0, 23, -56.1740780289, 128.010640426, 503.30296875
88, 48017, 0.004, 70.0, 1620911572, 2021-05-13 13:12:52, 86, 21, -44.9687053196, 123.611452186, 499.05696875
89, 48018, 0.004, 70.0, 1620911752, 2021-05-13 13:15:52, 0, 18, -33.6820089629, 120.420387807, 494.808625
90, 48019, 0.004, 70.0, 1620911932, 2021-05-13 13:18:52, 0, 16, -22.3552040279, 117.802676826, 491.13678125
91, 48020, 2.0, 70.0, 1620912114, 2021-05-13 13:21:54, 28, 14, -10.8811120399, 115.444034921, 488.513625
92, 48021, 2.0, 70.0, 1620912294, 2021-05-13 13:24:54, 22, 12, 0.476802379127, 113.229714914, 487.333125
93, 48022, 2.0, 70.0, 1620912474, 2021-05-13 13:27:54, 20, 10, 11.8359571178, 111.010285924, 487.68290625
94, 48023, 2.0, 70.0, 1620912654, 2021-05-13 13:30:54, 15, 8, 23.1876008895, 108.661657076, 489.460125
95, 48024, 0.004, 70.0, 1620913031, 2021-05-13 13:37:11, 0, 4, 46.8760049092, 102.400149458, 496.24146875
96, 48025, 0.004, 70.0, 1620913211, 2021-05-13 13:40:11, 15, 4, 58.0722080896, 97.6699156089, 499.85303125
97, 48026, 0.004, 70.0, 1620913391, 2021-05-13 13:43:11, 65, 5, 69.0284462339, 89.3027972729, 502.95665625
98, 48027, 0.004, 70.0, 1620913751, 2021-05-13 13:49:11, 0, 7, 82.0825496607, -6.40088958173, 506.00884375
99, 48028, 0.004, 70.0, 1620913931, 2021-05-13 13:52:11, 0, 9, 73.7232792121, -47.6560569086, 505.6018125
100, 48029, 0.004, 70.0, 1620914111, 2021-05-13 13:55:11, 62, 10, 63.0276879167, -59.7809028537, 504.027
101, 48030, 0.004, 70.0, 1620914291, 2021-05-13 13:58:11, 4, 11, 51.9184091388, -65.6720981064, 501.62109375
102, 48031, 0.004, 70.0, 1620914471, 2021-05-13 14:01:11, 0, 13, 40.6767066533, -69.4937255503, 498.8548125
103, 48032, 2.0, 70.0, 1620914653, 2021-05-13 14:04:13, 20, 14, 29.2531674566, -72.4465187809, 496.22840625
104, 48033, 2.0, 70.0, 1620914833, 2021-05-13 14:07:13, 20, 15, 17.9285225689, -74.9263965437, 494.299125
105, 48034, 2.0, 70.0, 1620915013, 2021-05-13 14:10:13, 17, 16, 6.59196412373, -77.1954468574, 493.4183125
106, 48035, 0.004, 70.0, 1620915371, 2021-05-13 14:16:11, 0, 17, -15.9561961633, -81.618738835, 495.3976875
107, 48037, 0.004, 70.0, 1620916295, 2021-05-13 14:31:35, 194, 19, -73.1417090949, -108.246627462, 510.19259375
108, 48038, 0.004, 70.0, 1620916655, 2021-05-13 14:37:35, 0, 19, -79.5033404569, 138.569102014, 509.97390625
109, 48039, 0.004, 70.0, 1620916835, 2021-05-13 14:40:35, 0, 18, -69.6787075635, 114.493887306, 507.67953125
110, 48040, 0.004, 70.0, 1620917015, 2021-05-13 14:43:35, 0, 17, -58.7624396863, 105.74619766, 504.2269375
111, 48041, 0.004, 70.0, 1620917195, 2021-05-13 14:46:35, 42, 15, -47.5876662244, 100.886743462, 500.07090625
112, 48042, 0.004, 70.0, 1620917375, 2021-05-13 14:49:35, 7, 13, -36.3148590574, 97.4924331433, 495.77459375
113, 48043, 0.004, 70.0, 1620917555, 2021-05-13 14:52:35, 3, 11, -24.9952650946, 94.7743730238, 491.92415625
114, 48044, 2.0, 70.0, 1620917737, 2021-05-13 14:55:37, 14, 9, -13.5249963049, 92.3667586625, 489.0151875
115, 48045, 2.0, 70.0, 1620917917, 2021-05-13 14:58:37, 0, 8, -2.16861771804, 90.1368111818, 487.4908125
116, 48046, 2.0, 70.0, 1620918097, 2021-05-13 15:01:37, 4, 6, 9.1909185507, 87.9289730234, 487.487375
117, 48047, 2.0, 70.0, 1620918277, 2021-05-13 15:04:37, 19, 4, 20.5451202283, 85.6230874996, 488.95421875
118, 48048, 2.0, 70.0, 1620918457, 2021-05-13 15:07:37, 8, 2, 31.8832649848, 83.0641844481, 491.6253125
119, 48049, 0.004, 70.0, 1620918635, 2021-05-13 15:10:35, 0, 1, 43.0625327112, 80.0294426078, 495.02140625
120, 48050, 0.004, 70.0, 1620918815, 2021-05-13 15:13:35, 0, 0, 54.2983373284, 75.9052036328, 498.68203125
121, 48051, 0.004, 70.0, 1620918995, 2021-05-13 15:16:35, 13, 0, 65.366952575, 69.2343559468, 502.0120625
122, 48052, 0.004, 70.0, 1620919175, 2021-05-13 15:19:35, 0, 0, 75.8691334038, 54.2121710769, 504.520375
123, 48053, 0.004, 70.0, 1620919355, 2021-05-13 15:22:35, 0, 1, 82.7040490638, -0.534103130583, 505.8615625
124, 48054, 0.004, 70.0, 1620919535, 2021-05-13 15:25:35, 1, 3, 77.0647511876, -63.1860868337, 505.88915625
125, 48055, 0.004, 70.0, 1620920648, 2021-05-13 15:44:08, 0, 24, 8.47705962214, -100.431108373, 493.46134375
126, 48056, 0.004, 70.0, 1620920828, 2021-05-13 15:47:08, 0, 23, -2.8624473303, -102.634349814, 493.61915625
127, 48057, 0.004, 70.0, 1620921008, 2021-05-13 15:50:08, 0, 23, -14.1985067448, -104.866810804, 495.047
128, 48058, 0.004, 70.0, 1620921927, 2021-05-13 16:05:27, 130, 24, -71.2396789963, -128.882063281, 509.90409375
129, 48059, 0.004, 70.0, 1620922107, 2021-05-13 16:08:27, 1, 25, -80.6422676706, -158.243079425, 510.809375
130, 48060, 0.004, 70.0, 1620922287, 2021-05-13 16:11:27, 0, 25, -80.8935571603, 124.300987104, 510.23140625
131, 48061, 0.004, 70.0, 1620922467, 2021-05-13 16:14:27, 0, 25, -71.6107085323, 93.438230928, 508.18940625
132, 48062, 0.004, 70.0, 1620922647, 2021-05-13 16:17:27, 0, 23, -60.7864159824, 83.3226524666, 504.92371875
133, 48063, 0.004, 70.0, 1620922827, 2021-05-13 16:20:27, 15, 22, -49.6407527868, 78.024324464, 500.861125
134, 48064, 0.004, 70.0, 1620923007, 2021-05-13 16:23:27, 0, 20, -38.3805985452, 74.4434270374, 496.55075
135, 48065, 2.0, 70.0, 1620923189, 2021-05-13 16:26:29, 80, 18, -26.9415753097, 71.6058932489, 492.54103125
136, 48066, 2.0, 70.0, 1620923369, 2021-05-13 16:29:29, 11, 16, -15.6006574963, 69.1816610373, 489.46321875
137, 48067, 2.0, 70.0, 1620923549, 2021-05-13 16:32:29, 40, 14, -4.24582189178, 66.9347337064, 487.6763125
138, 48068, 2.0, 70.0, 1620923729, 2021-05-13 16:35:29, 9, 12, 7.1136855621, 64.7315469068, 487.39415625
139, 48069, 2.0, 70.0, 1620923909, 2021-05-13 16:38:29, 4, 10, 18.4694855039, 62.4534875736, 488.60753125
140, 48070, 2.0, 70.0, 1620924089, 2021-05-13 16:41:29, 2, 8, 29.8115081004, 59.9558376587, 491.08740625
141, 48071, 2.0, 70.0, 1620924269, 2021-05-13 16:44:29, 28, 6, 41.1240430627, 57.0052130131, 494.422125
142, 48072, 0.004, 70.0, 1620924447, 2021-05-13 16:47:27, 0, 4, 52.2513979363, 53.1784048707, 498.04203125
143, 48073, 0.004, 70.0, 1620924627, 2021-05-13 16:50:27, 3, 4, 63.3644435635, 47.1830355727, 501.4701875
144, 48074, 0.004, 70.0, 1620924807, 2021-05-13 16:53:27, 0, 4, 74.0417777633, 34.6894721106, 504.15678125
145, 48075, 0.004, 70.0, 1620924987, 2021-05-13 16:56:27, 2, 4, 82.2189212177, -8.42449619385, 505.72509375
146, 48076, 0.004, 70.0, 1620925167, 2021-05-13 16:59:27, 0, 5, 78.7311124392, -80.5957950635, 505.9898125
147, 48077, 0.004, 70.0, 1620925347, 2021-05-13 17:02:27, 33, 6, 68.6963009648, -102.027323582, 504.983875
148, 48078, 0.004, 70.0, 1620925707, 2021-05-13 17:08:27, 60, 8, 46.54818998, -114.869616012, 500.29796875
149, 48079, 0.004, 70.0, 1620925887, 2021-05-13 17:11:27, 9, 9, 35.2742046054, -118.178091344, 497.53625
150, 48080, 0.004, 70.0, 1620926067, 2021-05-13 17:14:27, 0, 11, 23.9611351808, -120.853093951, 495.187375
151, 48081, 2.0, 70.0, 1620926249, 2021-05-13 17:17:29, 70, 14, 12.5034954109, -123.238523858, 493.6925625
152, 48082, 2.0, 70.0, 1620926429, 2021-05-13 17:20:29, 20, 16, 1.16448482114, -125.459359866, 493.3935
153, 48083, 2.0, 70.0, 1620926609, 2021-05-13 17:23:29, 56, 18, -10.1737255693, -127.668038138, 494.37790625
154, 48084, 0.004, 70.0, 1620927378, 2021-05-13 17:36:18, 68, 24, -58.3178695034, -141.476809166, 507.16865625
155, 48085, 0.004, 70.0, 1620927558, 2021-05-13 17:39:18, 33, 26, -69.2434469286, -149.957937019, 509.5609375
156, 48086, 0.004, 70.0, 1620927738, 2021-05-13 17:42:18, 3, 27, -79.1591194133, -172.773842429, 510.7328125
157, 48087, 0.004, 70.0, 1620927918, 2021-05-13 17:45:18, 0, 28, -82.0039478438, 113.295209597, 510.4436875
158, 48088, 0.004, 70.0, 1620928098, 2021-05-13 17:48:18, 24, 28, -73.56216871, 73.0250426337, 508.66996875
159, 48089, 0.004, 70.0, 1620928278, 2021-05-13 17:51:18, 0, 26, -62.862042169, 61.0821768338, 505.61178125
160, 48090, 0.004, 70.0, 1620928458, 2021-05-13 17:54:18, 31, 24, -51.752401391, 55.240193094, 501.66471875
161, 48091, 0.004, 70.0, 1620928638, 2021-05-13 17:57:18, 4, 22, -40.5072257543, 51.4370310665, 497.36065625
162, 48092, 0.004, 70.0, 1620928818, 2021-05-13 18:00:18, 0, 19, -29.2015722076, 48.5215921404, 493.28725
163, 48093, 0.004, 70.0, 1620928998, 2021-05-13 18:03:18, 0, 17, -17.8648634983, 46.0414070192, 489.999125
164, 48094, 2.0, 70.0, 1620929180, 2021-05-13 18:06:20, 3, 15, -6.38585249338, 43.746378081, 487.919125
165, 48095, 2.0, 70.0, 1620929360, 2021-05-13 18:09:20, 33, 13, 4.97334376, 41.5439289419, 487.34975
166, 48096, 2.0, 70.0, 1620929540, 2021-05-13 18:12:20, 1, 11, 16.3304512562, 39.2896420821, 488.294125
167, 48097, 2.0, 70.0, 1620929720, 2021-05-13 18:15:20, 16, 9, 27.6759470038, 36.847303039, 490.56278125
168, 48098, 2.0, 70.0, 1620929900, 2021-05-13 18:18:20, 13, 7, 38.9956570799, 34.0075733448, 493.774125
169, 48099, 0.004, 70.0, 1620930077, 2021-05-13 18:21:17, 0, 6, 50.0755626293, 30.4336256356, 497.354
170, 48100, 0.004, 70.0, 1620930258, 2021-05-13 18:24:18, 0, 6, 61.2884280561, 24.9856447732, 500.88596875
171, 48101, 0.004, 70.0, 1620930438, 2021-05-13 18:27:18, 0, 7, 72.0992378126, 14.45360748, 503.74321875
172, 48102, 0.004, 70.0, 1620930618, 2021-05-13 18:30:18, 1, 8, 81.2136608059, -18.5890240597, 505.53928125
173, 48103, 0.004, 70.0, 1620930798, 2021-05-13 18:33:18, 1, 9, 80.276524701, -95.7731037747, 506.04975
174, 48104, 0.004, 70.0, 1620931158, 2021-05-13 18:39:18, 108, 10, 59.8271022532, -132.652505288, 503.39421875
175, 48105, 0.004, 70.0, 1620931338, 2021-05-13 18:42:18, 13, 12, 48.6655861885, -137.733332746, 500.817
176, 48106, 0.004, 70.0, 1620931518, 2021-05-13 18:45:18, 4, 13, 37.4028296449, -141.221564997, 498.030625
177, 48107, 0.004, 70.0, 1620931698, 2021-05-13 18:48:18, 0, 14, 26.0950775225, -143.984718025, 495.56190625
178, 48108, 0.004, 70.0, 1620931878, 2021-05-13 18:51:18, 1, 15, 14.7658273798, -146.388220612, 493.88209375
179, 48109, 0.004, 70.0, 1620932058, 2021-05-13 18:54:18, 0, 16, 3.42749714087, -148.625612999, 493.33021875
180, 48110, 0.004, 70.0, 1620932238, 2021-05-13 18:57:18, 0, 18, -7.91153361932, -150.827515723, 494.05775
181, 48111, 0.004, 70.0, 1620933001, 2021-05-13 19:10:01, 36, 23, -55.7301430537, -163.770136803, 506.45546875
182, 48112, 0.004, 70.0, 1620933181, 2021-05-13 19:13:01, 24, 24, -66.7393561452, -170.985398377, 509.07978125
183, 48113, 0.004, 70.0, 1620933361, 2021-05-13 19:16:01, 0, 25, -77.0661103953, 171.808094662, 510.56790625
184, 48114, 0.004, 70.0, 1620933541, 2021-05-13 19:19:01, 0, 26, -82.7054014412, 109.270991913, 510.63328125
185, 48115, 0.004, 70.0, 1620933721, 2021-05-13 19:22:01, 0, 26, -75.894705632, 54.4774863601, 509.1996875
186, 48116, 0.004, 70.0, 1620933901, 2021-05-13 19:25:01, 64, 25, -65.4098666536, 39.4246134503, 506.41628125
187, 48117, 0.004, 70.0, 1620934081, 2021-05-13 19:28:01, 107, 24, -54.3558987476, 32.7428579522, 502.63725
188, 48118, 0.004, 70.0, 1620934261, 2021-05-13 19:31:01, 11, 22, -43.1325660558, 28.6135578069, 498.369125
189, 48119, 0.004, 70.0, 1620934441, 2021-05-13 19:34:01, 0, 20, -31.8375129627, 25.5455170869, 494.19425
190, 48120, 0.004, 70.0, 1620934621, 2021-05-13 19:37:01, 1, 17, -20.5064254991, 22.9890951017, 490.68265625
191, 48121, 2.0, 70.0, 1620934803, 2021-05-13 19:40:03, 103, 15, -9.03025627974, 20.6595002836, 488.28715625
192, 48122, 0.004, 70.0, 1620936081, 2021-05-13 20:01:21, 51, 3, 70.8202165888, -7.31479792086, 503.462
193, 48123, 0.004, 70.0, 1620936261, 2021-05-13 20:04:21, 1, 4, 80.3623050468, -35.1970917697, 505.39990625
194, 48124, 0.004, 70.0, 1620936441, 2021-05-13 20:07:21, 0, 5, 81.139860612, -112.499635993, 506.06778125
195, 48125, 0.004, 70.0, 1620936801, 2021-05-13 20:13:21, 188, 7, 61.1736467271, -155.439314092, 503.668875
196, 48126, 0.004, 70.0, 1620936981, 2021-05-13 20:16:21, 12, 9, 50.0321601922, -160.831789422, 501.1478125
197, 48127, 0.004, 70.0, 1620937161, 2021-05-13 20:19:21, 0, 12, 38.7775998756, -164.450765153, 498.3539375
198, 48128, 0.004, 70.0, 1620937341, 2021-05-13 20:22:21, 2, 14, 27.473684612, -167.277261356, 495.81515625
199, 48129, 0.004, 70.0, 1620937521, 2021-05-13 20:25:21, 0, 15, 16.1462086109, -169.712210134, 494.0140625
200, 48130, 2.0, 70.0, 1620937703, 2021-05-13 20:28:23, 15, 17, 4.68243191602, -171.986690448, 493.3086875
201, 48132, 0.004, 70.0, 1620938639, 2021-05-13 20:43:59, 154, 20, -54.0635837266, 173.390581191, 505.9685625
202, 48133, 0.004, 70.0, 1620938819, 2021-05-13 20:46:59, 136, 23, -65.1152396136, 166.821277927, 508.72965625
203, 48134, 0.004, 70.0, 1620938999, 2021-05-13 20:49:59, 0, 24, -75.6243599145, 152.203621256, 510.41365625
204, 48135, 0.004, 70.0, 1620939179, 2021-05-13 20:52:59, 0, 24, -82.6685320801, 99.228195947, 510.70584375
205, 48136, 0.004, 70.0, 1620939359, 2021-05-13 20:55:59, 3, 23, -77.3253570554, 35.0270712858, 509.4965625
206, 48137, 0.004, 70.0, 1620939539, 2021-05-13 20:58:59, 144, 21, -67.0328903549, 17.2625039928, 506.9015625
207, 48138, 0.004, 70.0, 1620939719, 2021-05-13 21:01:59, 94, 20, -56.0232196407, 9.91374381009, 503.24684375
208, 48139, 0.004, 70.0, 1620939899, 2021-05-13 21:04:59, 52, 18, -44.8162930634, 5.53847745384, 499.020375
209, 48140, 0.004, 70.0, 1620940079, 2021-05-13 21:07:59, 325, 16, -33.5289751595, 2.35821032244, 494.7985
210, 48141, 0.004, 70.0, 1620940259, 2021-05-13 21:10:59, 42, 14, -22.2019704414, -0.254118041811, 491.15853125
211, 48142, 0.004, 70.0, 1620940439, 2021-05-13 21:13:59, 1, 12, -10.854090104, -2.58517174556, 488.5915625
212, 48143, 2.0, 70.0, 1620940621, 2021-05-13 21:17:01, 15, 10, 0.629751979129, -4.82374212663, 487.4243125
213, 48144, 2.0, 70.0, 1620940801, 2021-05-13 21:20:01, 23, 8, 11.9885247608, -7.04399031181, 487.80434375
214, 48145, 2.0, 70.0, 1620940981, 2021-05-13 21:23:01, 0, 6, 23.3396306551, -9.39529573989, 489.60434375
215, 48146, 2.0, 70.0, 1620941161, 2021-05-13 21:26:01, 27, 4, 34.6712559961, -12.0499495058, 492.5104375
216, 48147, 2.0, 70.0, 1620941342, 2021-05-13 21:29:02, 46, 3, 46.0254858482, -15.336745817, 496.07159375
217, 48148, 0.004, 70.0, 1620941521, 2021-05-13 21:32:01, 0, 2, 57.1694175909, -19.8836642186, 499.672
218, 48149, 0.004, 70.0, 1620941699, 2021-05-13 21:34:59, 2, 2, 68.0370920873, -27.6544780117, 502.79190625
219, 48150, 0.004, 70.0, 1620942471, 2021-05-13 21:47:51, 62, 5, 60.862046667, -179.23905361, 503.60578125
220, 48151, 0.004, 70.0, 1620942651, 2021-05-13 21:50:51, 6, 7, 49.7156867921, 175.444036583, 501.0651875
221, 48152, 0.004, 70.0, 1620942831, 2021-05-13 21:53:51, 2, 10, 38.4591252301, 171.856452401, 498.2666875
222, 48153, 0.004, 70.0, 1620943011, 2021-05-13 21:56:51, 1, 12, 27.1542452023, 169.045105558, 495.73828125
223, 48154, 2.0, 70.0, 1620943193, 2021-05-13 21:59:53, 4, 14, 15.700337277, 166.592015797, 493.94615625
224, 48155, 2.0, 70.0, 1620943553, 2021-05-13 22:05:53, 5, 17, -6.97711294145, 162.145863177, 493.903375
225, 48156, 0.004, 70.0, 1620944200, 2021-05-13 22:16:40, 20, 20, -47.6017432443, 152.321483, 504.039125
226, 48157, 0.004, 70.0, 1620944380, 2021-05-13 22:19:40, 806, 21, -58.7650624789, 147.464740388, 507.2178125
227, 48158, 0.004, 70.0, 1620944560, 2021-05-13 22:22:40, 0, 22, -69.6736190726, 138.724051685, 509.5760625
228, 48159, 0.004, 70.0, 1620944740, 2021-05-13 22:25:40, 0, 24, -79.4962370601, 114.680624678, 510.7025625
229, 48160, 0.004, 70.0, 1620944920, 2021-05-13 22:28:40, 0, 25, -81.8005584707, 39.5086794186, 510.3644375
230, 48161, 0.004, 70.0, 1620945100, 2021-05-13 22:31:40, 55, 25, -73.1478016237, 1.46901275395, 508.5468125
231, 48162, 0.004, 70.0, 1620945280, 2021-05-13 22:34:40, 243, 24, -62.4179227786, -10.0388267719, 505.4579375
232, 48163, 0.004, 70.0, 1620945460, 2021-05-13 22:37:40, 118, 22, -51.2999594152, -15.7552468753, 501.49971875
233, 48164, 0.004, 70.0, 1620945640, 2021-05-13 22:40:40, 422, 20, -40.0514369858, -19.507887701, 497.207375
234, 48165, 0.004, 70.0, 1620945820, 2021-05-13 22:43:40, 289, 18, -28.7441988352, -22.3992894839, 493.1684375
235, 48166, 0.004, 70.0, 1620946000, 2021-05-13 22:46:40, 7, 16, -17.4067319749, -24.8674671326, 489.93378125
236, 48167, 2.0, 70.0, 1620946182, 2021-05-13 22:49:42, 36, 14, -5.92745886145, -27.1572624383, 487.9203125
237, 48168, 2.0, 70.0, 1620946362, 2021-05-13 22:52:42, 3, 12, 5.43162042494, -29.3594998416, 487.42015625
238, 48169, 2.0, 70.0, 1620946542, 2021-05-13 22:55:42, 4, 10, 16.7882481003, -31.6184414753, 488.42775
239, 48170, 2.0, 70.0, 1620946722, 2021-05-13 22:58:42, 17, 8, 28.1328012819, -34.0719512928, 490.74478125
240, 48171, 0.004, 70.0, 1620947080, 2021-05-13 23:04:40, 0, 5, 50.5898587982, -40.5778533254, 497.5851875
241, 48172, 0.004, 70.0, 1620947260, 2021-05-13 23:07:40, 28, 5, 61.7327455219, -46.1149032697, 501.07365625
242, 48173, 0.004, 70.0, 1620947440, 2021-05-13 23:10:40, 0, 5, 72.5180376917, -57.0213732406, 503.88625
243, 48174, 0.004, 70.0, 1620947620, 2021-05-13 23:13:40, 0, 6, 81.4636798805, -92.0004692777, 505.6226875
244, 48175, 0.004, 70.0, 1620947800, 2021-05-13 23:16:40, 0, 8, 79.9654915466, -168.594313073, 506.067375
245, 48176, 0.004, 70.0, 1620947980, 2021-05-13 23:19:40, 144, 10, 70.2781796065, 165.413507637, 505.22121875
246, 48177, 0.004, 70.0, 1620948160, 2021-05-13 23:22:40, 67, 12, 59.3817875797, 156.275875661, 503.2983125
247, 48178, 0.004, 70.0, 1620948340, 2021-05-13 23:25:40, 0, 14, 48.2141448354, 151.290042473, 500.6884375
248, 48179, 0.004, 70.0, 1620948520, 2021-05-13 23:28:40, 1, 15, 36.9487689142, 147.842326905, 497.89109375
249, 48180, 2.0, 70.0, 1620948882, 2021-05-13 23:34:42, 9, 18, 14.1837663428, 142.679742082, 493.76975
250, 48181, 2.0, 70.0, 1620949062, 2021-05-13 23:37:42, 19, 18, 2.84502202363, 140.447062526, 493.2726875
251, 48182, 0.004, 70.0, 1620949833, 2021-05-13 23:50:33, 114, 21, -45.6106440637, 129.392428677, 503.4045
252, 48183, 0.004, 70.0, 1620950013, 2021-05-13 23:53:33, 1897, 22, -56.7973088849, 124.89443492, 506.6778125
253, 48184, 0.004, 70.0, 1620950193, 2021-05-13 23:56:33, 0, 23, -67.7752362949, 117.200827878, 509.2183125
254, 48185, 0.004, 70.0, 1620950373, 2021-05-13 23:59:33, 0, 23, -77.9553190628, 97.9535528745, 510.58928125
255, 48186, 0.004, 70.0, 1620950553, 2021-05-14 00:02:33, 0, 22, -82.5216898432, 29.9663655643, 510.5223125
256, 48187, 0.004, 70.0, 1620950733, 2021-05-14 00:05:33, 100, 22, -74.9461904319, -18.5998994284, 508.9623125
257, 48188, 0.004, 70.0, 1620950913, 2021-05-14 00:08:33, 77, 20, -64.3622727294, -32.2319905382, 506.0790625
258, 48189, 0.004, 70.0, 1620951093, 2021-05-14 00:11:33, 321, 19, -53.2836136895, -38.5415997643, 502.2435
259, 48190, 0.004, 70.0, 1620951273, 2021-05-14 00:14:33, 703, 17, -42.0508177707, -42.528767088, 497.97253125
260, 48191, 0.004, 70.0, 1620952400, 2021-05-14 00:33:20, 0, 14, 28.956856775, -57.8676507542, 490.9774375
261, 48192, 0.004, 70.0, 1620952580, 2021-05-14 00:36:20, 0, 9, 40.2720350205, -60.7720520945, 494.26315625
262, 48193, 0.004, 70.0, 1620952760, 2021-05-14 00:39:20, 0, 6, 51.5298909034, -64.5525891204, 497.91203125
263, 48194, 0.004, 70.0, 1620953120, 2021-05-14 00:45:20, 3, 4, 73.3834499802, -82.1004174356, 504.09303125
264, 48195, 0.004, 70.0, 1620953300, 2021-05-14 00:48:20, 0, 4, 81.9253801777, -121.491566374, 505.72296875
265, 48196, 0.004, 70.0, 1620953480, 2021-05-14 00:51:20, 4, 4, 79.2831897996, 163.995273498, 506.05215625
266, 48197, 0.004, 70.0, 1620953660, 2021-05-14 00:54:20, 482, 4, 69.3863481463, 140.725980131, 505.10021875
267, 48198, 0.004, 70.0, 1620953840, 2021-05-14 00:57:20, 49, 4, 58.4524788716, 132.15361461, 503.0980625
268, 48199, 0.004, 70.0, 1620954020, 2021-05-14 01:00:20, 1, 5, 47.2728628056, 127.354491474, 500.447625
269, 48200, 0.004, 70.0, 1620954200, 2021-05-14 01:03:20, 4, 6, 36.0024086388, 123.987358478, 497.65421875
270, 48201, 2.0, 70.0, 1620954382, 2021-05-14 01:06:22, 19, 8, 24.5650639222, 121.255678961, 495.2203125
271, 48202, 2.0, 70.0, 1620954562, 2021-05-14 01:09:22, 35, 11, 13.2337792369, 118.883800149, 493.66234375
272, 48203, 2.0, 70.0, 1620954742, 2021-05-14 01:12:22, 20, 12, 1.89464943895, 116.658114707, 493.26746875
273, 48204, 2.0, 70.0, 1620954922, 2021-05-14 01:15:22, 32, 13, -9.44420074811, 114.452086548, 494.15953125
274, 48206, 0.004, 70.0, 1620955791, 2021-05-14 01:29:51, 34, 19, -63.735814609, 97.0809962081, 508.3695
275, 48207, 0.004, 70.0, 1620955971, 2021-05-14 01:32:51, 0, 21, -74.3658087676, 84.2100374737, 510.219875
276, 48208, 0.004, 70.0, 1620956151, 2021-05-14 01:35:51, 0, 20, -82.3366190374, 39.2865138554, 510.70959375
277, 48209, 0.004, 70.0, 1620956331, 2021-05-14 01:38:51, 141, 20, -78.475185251, -31.529140167, 509.70084375
278, 48210, 0.004, 70.0, 1620956511, 2021-05-14 01:41:51, 86, 19, -68.3933820751, -52.1875937241, 507.2805
279, 48211, 0.004, 70.0, 1620956691, 2021-05-14 01:44:51, 235, 17, -57.4278548736, -60.199422695, 503.7495625
280, 48212, 0.004, 70.0, 1620956871, 2021-05-14 01:47:51, 219, 15, -46.2365386935, -64.8091241954, 499.578625
281, 48213, 0.004, 70.0, 1620957051, 2021-05-14 01:50:51, 297, 13, -34.9564437147, -68.0941241669, 495.33696875
282, 48214, 0.004, 70.0, 1620957831, 2021-05-14 02:03:51, 0, 4, 14.2135007175, -78.3042461067, 488.11740625
283, 48215, 0.004, 70.0, 1620958011, 2021-05-14 02:06:51, 0, 2, 25.5616585314, -80.6988284671, 490.16709375
284, 48216, 0.004, 70.0, 1620958191, 2021-05-14 02:09:51, 0, 1, 36.8872801362, -83.4421466262, 493.238
285, 48217, 0.004, 70.0, 1620958371, 2021-05-14 02:12:51, 17, 0, 48.1669277377, -86.8885029865, 496.836
286, 48218, 0.004, 70.0, 1620958551, 2021-05-14 02:15:51, 58, 0, 59.3461066715, -91.8700809665, 500.4004375
287, 48219, 0.004, 70.0, 1620958731, 2021-05-14 02:18:51, 0, 1, 70.2513369631, -100.99355396, 503.39240625
288, 48220, 0.004, 70.0, 1620958911, 2021-05-14 02:21:51, 0, 3, 79.9484433944, -126.914968801, 505.3793125
289, 48221, 0.004, 70.0, 1620959091, 2021-05-14 02:24:51, 1, 5, 81.476445504, 156.528524359, 506.10209375
290, 48222, 0.004, 70.0, 1620959271, 2021-05-14 02:27:51, 145, 6, 72.5433640332, 121.448399578, 505.5143125
291, 48223, 0.004, 70.0, 1620959451, 2021-05-14 02:30:51, 38, 9, 61.7666369206, 110.522610417, 503.78653125
292, 48224, 2.0, 70.0, 1620959813, 2021-05-14 02:36:53, 24, 12, 39.2586671742, 101.264159225, 498.43371875
293, 48225, 2.0, 70.0, 1620959993, 2021-05-14 02:39:53, 29, 14, 27.9560411088, 98.4141671717, 495.85646875
294, 48226, 2.0, 70.0, 1620960173, 2021-05-14 02:42:53, 5, 16, 16.6290449285, 95.9675046188, 494.00040625
295, 48227, 2.0, 70.0, 1620960353, 2021-05-14 02:45:53, 42, 18, 5.29126217195, 93.7126542684, 493.2315625
296, 48228, 2.0, 70.0, 1620960533, 2021-05-14 02:48:53, 8, 20, -6.04852012249, 91.5128620729, 493.73553125
297, 48229, 0.004, 70.0, 1620961596, 2021-05-14 03:06:36, 0, 28, -72.0900170572, 64.6368531642, 509.89965625
298, 48230, 0.004, 70.0, 1620961776, 2021-05-14 03:09:36, 0, 29, -81.1973229935, 31.7377068235, 510.7141875
299, 48231, 0.004, 70.0, 1620961956, 2021-05-14 03:12:36, 155, 30, -80.3058740239, -45.4063292, 510.04225
300, 48232, 0.004, 70.0, 1620962136, 2021-05-14 03:15:36, 157, 29, -70.7551180558, -72.9865340272, 507.92046875
301, 48233, 0.004, 70.0, 1620962316, 2021-05-14 03:18:36, 176, 27, -59.8869142197, -82.4518033476, 504.60484375
302, 48234, 0.004, 70.0, 1620962496, 2021-05-14 03:21:36, 54, 25, -48.7276930986, -87.5452529959, 500.53359375
303, 48235, 0.004, 70.0, 1620962856, 2021-05-14 03:27:36, 4, 20, -26.14598463, -93.8069245394, 492.3735625
304, 48236, 2.0, 70.0, 1620963038, 2021-05-14 03:30:38, 87, 17, -14.6779382131, -96.238813393, 489.37471875
305, 48237, 2.0, 70.0, 1620963218, 2021-05-14 03:33:38, 7, 15, -3.32281061804, -98.4776127989, 487.726125
306, 48238, 2.0, 70.0, 1620963398, 2021-05-14 03:36:38, 24, 13, 8.03624860468, -100.682329561, 487.58440625
307, 48239, 2.0, 70.0, 1620963578, 2021-05-14 03:39:38, 179, 11, 19.3908421643, -102.972068517, 488.92128125
308, 48240, 0.004, 70.0, 1620963756, 2021-05-14 03:42:36, 6, 9, 30.604783346, -105.465770583, 491.4568125
309, 48241, 0.004, 70.0, 1620963936, 2021-05-14 03:45:36, 32, 7, 41.9138485722, -108.461348119, 494.82859375
310, 48242, 0.004, 70.0, 1620964116, 2021-05-14 03:48:36, 138, 6, 53.1589046806, -112.435322932, 498.480125
311, 48243, 0.004, 70.0, 1620964296, 2021-05-14 03:51:36, 28, 6, 64.2529009102, -118.71303176, 501.84953125
312, 48244, 0.004, 70.0, 1620965202, 2021-05-14 04:06:42, 8, 5, 56.4654538989, 83.9161890753, 502.65325
313, 48245, 0.004, 70.0, 1620965382, 2021-05-14 04:09:42, 0, 7, 45.2632503973, 79.4699954733, 499.9290625
314, 48246, 2.0, 70.0, 1620965564, 2021-05-14 04:12:44, 4, 9, 33.8574048057, 76.2270694672, 497.12825
315, 48247, 2.0, 70.0, 1620965744, 2021-05-14 04:15:44, 6, 10, 22.5408519846, 73.6046319961, 494.836875
316, 48248, 2.0, 70.0, 1620965924, 2021-05-14 04:18:44, 5, 12, 11.2073509029, 71.2697523192, 493.46165625
317, 48249, 2.0, 70.0, 1620966104, 2021-05-14 04:21:44, 3, 13, -0.132413088801, 69.0561494812, 493.28834375
318, 48250, 2.0, 70.0, 1620966284, 2021-05-14 04:24:44, 5, 14, -11.4705821246, 66.8413923412, 494.40328125
319, 48251, 0.004, 70.0, 1620967247, 2021-05-14 04:40:47, 101, 18, -71.281985188, 42.2205684621, 509.7603125
320, 48252, 0.004, 70.0, 1620967427, 2021-05-14 04:43:47, 0, 20, -80.6714325784, 12.6930340141, 510.68821875
321, 48253, 0.004, 70.0, 1620967607, 2021-05-14 04:46:47, 0, 20, -80.8653006678, -64.7755879666, 510.13684375
322, 48254, 0.004, 70.0, 1620967787, 2021-05-14 04:49:47, 311, 20, -71.5675758877, -95.4624257902, 508.12509375
323, 48255, 0.004, 70.0, 1620967967, 2021-05-14 04:52:47, 82, 19, -60.74083813, -105.543361532, 504.89278125
324, 48256, 0.004, 70.0, 1620968147, 2021-05-14 04:55:47, 14, 17, -49.5944782551, -110.830891006, 500.86584375
325, 48257, 0.004, 70.0, 1620968327, 2021-05-14 04:58:47, 11, 16, -38.334160089, -114.407253187, 496.59234375
326, 48258, 0.004, 70.0, 1620968507, 2021-05-14 05:01:47, 7, 14, -27.0211316456, -117.213996482, 492.65921875
327, 48259, 2.0, 70.0, 1620968689, 2021-05-14 05:04:49, 43, 12, -15.5546151911, -119.665679224, 489.576125
328, 48260, 2.0, 70.0, 1620968869, 2021-05-14 05:07:49, 31, 10, -4.20020135078, -121.912114782, 487.81953125
329, 48261, 2.0, 70.0, 1620969049, 2021-05-14 05:10:49, 29, 8, 7.15878017854, -124.115301581, 487.56175
330, 48262, 0.004, 70.0, 1620969227, 2021-05-14 05:13:47, 0, 6, 18.3878562056, -126.367624761, 488.77065625
331, 48263, 0.004, 70.0, 1620969407, 2021-05-14 05:16:47, 3, 4, 29.729422887, -128.862925091, 491.24646875
332, 48264, 0.004, 70.0, 1620969587, 2021-05-14 05:19:47, 5, 3, 41.041657321, -131.808867642, 494.57290625
333, 48265, 0.004, 70.0, 1620969767, 2021-05-14 05:22:47, 28, 2, 52.2935538638, -135.677145278, 498.2215625
334, 48266, 0.004, 70.0, 1620969947, 2021-05-14 05:25:47, 42, 2, 63.405260774, -141.684761105, 501.62959375
335, 48267, 0.004, 70.0, 1620970127, 2021-05-14 05:28:47, 3, 2, 74.0791320678, -154.222051438, 504.28815625
336, 48268, 0.004, 70.0, 1620970307, 2021-05-14 05:31:47, 0, 3, 82.2337632187, 162.446418821, 505.82215625
337, 48269, 0.004, 70.0, 1620970487, 2021-05-14 05:34:47, 22, 4, 78.6994886634, 90.4264521837, 506.04828125
338, 48270, 0.004, 70.0, 1620970667, 2021-05-14 05:37:47, 34, 5, 68.6576079431, 69.09221288, 505.00153125
339, 48271, 0.004, 70.0, 1620970847, 2021-05-14 05:40:47, 1, 7, 57.6962539872, 60.9361815403, 502.9266875
340, 48272, 2.0, 70.0, 1620971029, 2021-05-14 05:43:49, 11, 9, 46.3826261946, 56.2361746938, 500.2041875
341, 48273, 2.0, 70.0, 1620971209, 2021-05-14 05:46:49, 11, 10, 35.1075992161, 52.9406528159, 497.40878125
342, 48274, 2.0, 70.0, 1620971389, 2021-05-14 05:49:49, 0, 12, 23.7938040839, 50.2720227754, 495.03671875
343, 48275, 2.0, 70.0, 1620971749, 2021-05-14 05:55:49, 46, 16, 1.12196145075, 45.6942114282, 493.22209375
344, 48277, 0.004, 70.0, 1620972689, 2021-05-14 06:11:29, 124, 24, -57.8079344103, 29.9569125825, 506.85859375
345, 48278, 0.004, 70.0, 1620972869, 2021-05-14 06:14:29, 316, 24, -68.7525475726, 21.7548560131, 509.31953125
346, 48279, 0.004, 70.0, 1620973049, 2021-05-14 06:17:29, 328, 23, -78.7654887813, 0.231107561387, 510.58146875
347, 48280, 0.004, 70.0, 1620973229, 2021-05-14 06:20:29, 97, 23, -82.2082388018, -71.9947085976, 510.39353125
348, 48281, 0.004, 70.0, 1620973409, 2021-05-14 06:23:29, 70, 22, -74.0291145925, -114.928150733, 508.72046875
349, 48282, 0.004, 70.0, 1620973589, 2021-05-14 06:26:29, 41, 20, -63.3649489975, -127.397576307, 505.75115625
350, 48283, 0.004, 70.0, 1620973769, 2021-05-14 06:29:29, 14, 19, -52.2651675976, -133.388526473, 501.8719375
351, 48284, 0.004, 70.0, 1620973949, 2021-05-14 06:32:29, 4, 17, -41.0240866593, -137.250957467, 497.60853125
352, 48285, 0.004, 70.0, 1620974129, 2021-05-14 06:35:29, 0, 15, -29.7206221882, -140.194441149, 493.54653125
353, 48286, 2.0, 70.0, 1620974311, 2021-05-14 06:38:31, 99, 13, -18.2592283756, -142.714794613, 490.21190625
354, 48287, 2.0, 70.0, 1620974491, 2021-05-14 06:41:31, 21, 11, -6.90723156851, -144.989780361, 488.12459375
355, 48288, 0.004, 70.0, 1620975434, 2021-05-14 06:57:14, 26, 1, 52.4237099486, -159.335691126, 498.28415625
356, 48290, 0.004, 70.0, 1620975794, 2021-05-14 07:03:14, 19, 0, 74.1969391706, -178.060326884, 504.32803125
357, 48291, 0.004, 70.0, 1620975974, 2021-05-14 07:06:14, 1, 0, 82.279737222, 137.90822657, 505.84375
358, 48292, 0.004, 70.0, 1620976154, 2021-05-14 07:09:14, 269, 0, 78.5977325051, 66.3798627986, 506.0501875
359, 48293, 0.004, 70.0, 1620976334, 2021-05-14 07:12:14, 122, 0, 68.533107255, 45.3528078377, 504.985125
360, 48294, 0.004, 70.0, 1620976511, 2021-05-14 07:15:11, 3, 1, 57.7525688969, 37.360916189, 502.9369375
361, 48295, 2.0, 70.0, 1620976696, 2021-05-14 07:18:16, 22, 3, 46.2521764116, 32.5875531108, 500.16421875
362, 48296, 2.0, 70.0, 1620976876, 2021-05-14 07:21:16, 23, 5, 34.9764869048, 29.3021706488, 497.3663125
363, 48297, 2.0, 70.0, 1620977056, 2021-05-14 07:24:16, 3, 6, 23.6623417254, 26.6385437219, 494.998
364, 48298, 0.004, 70.0, 1620977594, 2021-05-14 07:33:14, 0, 9, -10.222647653, 19.879385105, 494.1720625
365, 48299, 0.004, 70.0, 1620977774, 2021-05-14 07:36:14, 9, 11, -21.5530341685, 17.5612103633, 496.32978125
366, 48302, 0.004, 70.0, 1620978314, 2021-05-14 07:45:14, 53, 14, -55.3426425165, 7.57495128857, 506.16821875
367, 48303, 0.004, 70.0, 1620978494, 2021-05-14 07:48:14, 328, 14, -66.3629239295, 0.519667205609, 508.84496875
368, 48304, 0.004, 70.0, 1620978674, 2021-05-14 07:51:14, 98, 15, -76.7369977302, -16.0276467722, 510.404625
369, 48305, 0.004, 70.0, 1620979535, 2021-05-14 08:05:35, 11, 13, -45.9618899569, -159.319722144, 499.49221875
370, 48306, 0.004, 70.0, 1620979715, 2021-05-14 08:08:35, 0, 11, -34.6804562609, -162.583678302, 495.274125
371, 48307, 2.0, 70.0, 1620979897, 2021-05-14 08:11:37, 13, 10, -23.2307215813, -165.264882721, 491.54275
372, 48308, 2.0, 70.0, 1620980077, 2021-05-14 08:14:37, 6, 8, -11.8845624514, -167.61355255, 488.88640625
373, 48309, 2.0, 70.0, 1620980257, 2021-05-14 08:17:37, 15, 6, -0.527878747177, -169.832940558, 487.60715625
374, 48310, 0.004, 70.0, 1620980435, 2021-05-14 08:20:35, 0, 5, 10.704494447, -172.022111809, 487.8355
375, 48311, 0.004, 70.0, 1620980615, 2021-05-14 08:23:35, 0, 3, 22.0564549687, -174.351274618, 489.4945625
376, 48312, 0.004, 70.0, 1620981585, 2021-05-14 08:39:45, 0, 14, 80.5548412493, 134.575654331, 505.5354375
377, 48313, 0.004, 70.0, 1620981765, 2021-05-14 08:42:45, 0, 11, 80.966694826, 57.0884969247, 506.13596875
378, 48314, 0.004, 70.0, 1620981945, 2021-05-14 08:45:45, 181, 8, 71.712300766, 25.7448049314, 505.43028125
379, 48315, 0.004, 70.0, 1620982125, 2021-05-14 08:48:45, 8, 8, 60.8869427066, 15.5429850865, 503.606
380, 48316, 0.004, 70.0, 1620982305, 2021-05-14 08:51:45, 0, 9, 49.7409072656, 10.2200957236, 501.0334375
381, 48317, 0.004, 70.0, 1620982666, 2021-05-14 08:57:46, 0, 12, 27.1163615581, 3.80311122796, 495.63121875
382, 48318, 0.004, 70.0, 1620982846, 2021-05-14 09:00:46, 0, 14, 15.7879771418, 1.37652548257, 493.83040625
383, 48319, 0.004, 70.0, 1620983026, 2021-05-14 09:03:46, 0, 16, 4.4495211847, -0.870064020834, 493.14009375
384, 48320, 0.004, 70.0, 1620983206, 2021-05-14 09:06:46, 0, 18, -6.89039984797, -3.07047781692, 493.7313125
385, 48321, 0.004, 70.0, 1620983943, 2021-05-14 09:19:03, 101, 22, -53.1176161871, -15.0363455596, 505.51575
386, 48322, 0.004, 70.0, 1620984123, 2021-05-14 09:22:03, 60, 23, -64.1907871699, -21.2854973663, 508.3673125
387, 48323, 0.004, 70.0, 1620984303, 2021-05-14 09:25:03, 298, 25, -74.7841100429, -34.6944000921, 510.18246875
388, 48324, 0.004, 70.0, 1620984483, 2021-05-14 09:28:03, 30, 25, -82.4748005945, -82.2135663494, 510.63003125
389, 48325, 0.004, 70.0, 1620984663, 2021-05-14 09:31:03, 2, 26, -78.1027760168, -151.044879663, 509.580625
390, 48326, 0.004, 70.0, 1620984843, 2021-05-14 09:34:03, 1, 25, -67.9454924204, -170.677752996, 507.1296875
391, 48327, 0.004, 70.0, 1620985023, 2021-05-14 09:37:03, 69, 23, -56.964590463, -178.459401177, 503.58546875
392, 48328, 0.004, 70.0, 1620985203, 2021-05-14 09:40:03, 12, 22, -45.7679843014, 177.011250809, 499.42328125
393, 48329, 0.004, 70.0, 1620985383, 2021-05-14 09:43:03, 0, 20, -34.4855807187, 173.761911255, 495.21384375
394, 48330, 2.0, 70.0, 1620985565, 2021-05-14 09:46:05, 2, 18, -23.0353645106, 171.088015139, 491.5005
395, 48331, 2.0, 70.0, 1620986105, 2021-05-14 09:55:05, 36, 11, 11.0261826965, 164.309421219, 487.885125
396, 48332, 0.004, 70.0, 1620986283, 2021-05-14 09:58:03, 0, 9, 22.2516856808, 162.002046713, 489.55665625
397, 48333, 0.004, 70.0, 1620986463, 2021-05-14 10:01:03, 2, 7, 33.5852593333, 159.386767281, 492.3758125
398, 48334, 0.004, 70.0, 1620986643, 2021-05-14 10:04:03, 0, 6, 44.8815282001, 156.200183505, 495.872125
399, 48335, 0.004, 70.0, 1620986823, 2021-05-14 10:07:03, 7, 5, 56.0990757217, 151.810011115, 499.49571875
400, 48336, 0.004, 70.0, 1620987003, 2021-05-14 10:10:03, 125, 5, 67.1191761347, 144.416836773, 502.6925625
401, 48337, 0.004, 70.0, 1620987183, 2021-05-14 10:13:03, 0, 6, 77.4117043068, 126.448603484, 504.991625
402, 48338, 0.004, 70.0, 1620987363, 2021-05-14 10:16:03, 1, 7, 82.6509238524, 61.5897213607, 506.07840625
403, 48339, 0.004, 70.0, 1620987543, 2021-05-14 10:19:03, 70, 8, 75.5068328495, 9.27432967461, 505.8430625
404, 48340, 0.004, 70.0, 1620987903, 2021-05-14 10:25:03, 0, 11, 53.9026713, -11.6954695181, 502.0436875
405, 48341, 2.0, 70.0, 1620988085, 2021-05-14 10:28:05, 22, 12, 42.5510983915, -15.8010108503, 499.211125
406, 48342, 2.0, 70.0, 1620988265, 2021-05-14 10:31:05, 25, 14, 31.2594774684, -18.8319960865, 496.48990625
407, 48343, 2.0, 70.0, 1620988445, 2021-05-14 10:34:05, 24, 16, 19.9375988073, -21.3690937591, 494.35925
408, 48344, 2.0, 70.0, 1620988625, 2021-05-14 10:37:05, 22, 18, 8.60163031976, -23.6638887633, 493.2285625
409, 48345, 2.0, 70.0, 1620988805, 2021-05-14 10:40:05, 37, 20, -2.73870137803, -25.8675570911, 493.3414375
410, 48346, 0.004, 70.0, 1620988983, 2021-05-14 10:43:03, 1, 21, -13.9498315099, -28.0737918626, 494.7133125
411, 48347, 0.004, 70.0, 1620989163, 2021-05-14 10:46:03, 314, 21, -25.2756033789, -30.4593378827, 497.20171875
412, 48348, 0.004, 70.0, 1620989343, 2021-05-14 10:49:03, 520, 22, -36.5782516423, -33.1858367009, 500.43596875
413, 48349, 0.004, 70.0, 1620989523, 2021-05-14 10:52:03, 257, 22, -47.8358787139, -36.5985987759, 503.9205625
414, 48350, 0.004, 70.0, 1620989703, 2021-05-14 10:55:03, 114, 23, -58.9967766465, -41.5018652219, 507.10328125
415, 48351, 0.004, 70.0, 1620989883, 2021-05-14 10:58:03, 119, 24, -69.8965359565, -50.3830270098, 509.462
416, 48352, 0.004, 70.0, 1620990063, 2021-05-14 11:01:03, 83, 25, -79.6678523932, -75.1006893109, 510.58753125
417, 48353, 0.004, 70.0, 1620990243, 2021-05-14 11:04:03, 0, 25, -81.6865079719, -150.818404251, 510.25028125
418, 48354, 0.004, 70.0, 1620990423, 2021-05-14 11:07:03, 0, 25, -72.9309021364, 172.258012883, 508.43878125
419, 48355, 0.004, 70.0, 1620990783, 2021-05-14 11:13:03, 58, 21, -51.0640037002, 155.313747894, 501.43128125
420, 48356, 0.004, 70.0, 1620990963, 2021-05-14 11:16:03, 0, 19, -39.8138898367, 151.586827853, 497.1749375
421, 48357, 0.004, 70.0, 1620991143, 2021-05-14 11:19:03, 0, 17, -28.5060489219, 148.707725534, 493.1816875
422, 48358, 0.004, 70.0, 1620991323, 2021-05-14 11:22:03, 0, 14, -17.1684932691, 146.245701885, 489.99921875
423, 48359, 2.0, 70.0, 1620991505, 2021-05-14 11:25:05, 62, 12, -5.68946134674, 143.958585721, 488.0405
424, 48360, 2.0, 70.0, 1620991685, 2021-05-14 11:28:05, 66, 10, 5.6691274467, 141.75643711, 487.59103125
425, 48361, 0.004, 70.0, 1620992774, 2021-05-14 11:46:14, 39, 13, 73.3621466202, 112.704521178, 504.19584375
426, 48362, 0.004, 70.0, 1620992954, 2021-05-14 11:49:14, 0, 12, 81.9148616864, 73.4306807383, 505.80225
427, 48363, 0.004, 70.0, 1620993134, 2021-05-14 11:52:14, 0, 12, 79.3009961027, -1.14751585648, 506.104625
428, 48364, 0.004, 70.0, 1620993314, 2021-05-14 11:55:14, 82, 13, 69.4091268272, -24.4808101237, 505.12321875
429, 48365, 0.004, 70.0, 1620993494, 2021-05-14 11:58:14, 0, 14, 58.4761864582, -33.0668069943, 503.08978125
430, 48366, 2.0, 70.0, 1620993676, 2021-05-14 12:01:16, 103, 15, 47.1718989493, -37.9137141343, 500.375625
431, 48367, 2.0, 70.0, 1620993856, 2021-05-14 12:04:16, 13, 16, 35.9007241975, -41.2725484507, 497.551875
432, 48368, 2.0, 70.0, 1620994036, 2021-05-14 12:07:16, 1, 17, 24.5886519805, -43.9723890406, 495.11775
433, 48369, 2.0, 70.0, 1620994216, 2021-05-14 12:10:16, 7, 18, 13.2570052952, -46.3447937768, 493.53284375
434, 48370, 0.004, 70.0, 1620994394, 2021-05-14 12:13:14, 0, 20, 2.04342846142, -48.5462832743, 493.11309375
435, 48371, 0.004, 70.0, 1620995146, 2021-05-14 12:25:46, 403, 23, -45.2213369415, -59.3178843299, 503.0920625
436, 48372, 0.004, 70.0, 1620995326, 2021-05-14 12:28:46, 106, 24, -56.4127214234, -63.7525349121, 506.3960625
437, 48373, 0.004, 70.0, 1620995506, 2021-05-14 12:31:46, 66, 26, -67.4029568343, -71.2678262058, 508.99121875
438, 48374, 0.004, 70.0, 1620995686, 2021-05-14 12:34:46, 72, 26, -77.6394228137, -89.7428731913, 510.43515625
439, 48375, 0.004, 70.0, 1620995866, 2021-05-14 12:37:46, 12, 27, -82.6057353209, -155.872074878, 510.45175
440, 48376, 0.004, 70.0, 1620996046, 2021-05-14 12:40:46, 0, 27, -75.2888815131, 153.342719224, 508.97684375
441, 48377, 0.004, 70.0, 1620996226, 2021-05-14 12:43:46, 0, 26, -64.7385000394, 139.225633457, 506.1713125
442, 48378, 0.004, 70.0, 1620996406, 2021-05-14 12:46:46, 6, 25, -53.6683684907, 132.787073675, 502.3985625
443, 48379, 0.004, 70.0, 1620996586, 2021-05-14 12:49:46, 28, 23, -42.4390047419, 128.750267951, 498.17015625
444, 48380, 0.004, 70.0, 1620996766, 2021-05-14 12:52:46, 9, 21, -31.1413083656, 125.725095206, 494.06821875
445, 48381, 2.0, 70.0, 1620996948, 2021-05-14 12:55:48, 35, 19, -19.6830922985, 123.163624003, 490.62503125
446, 48382, 2.0, 70.0, 1620997128, 2021-05-14 12:58:48, 9, 17, -8.33277272972, 120.870483612, 488.38071875
447, 48383, 2.0, 70.0, 1620997308, 2021-05-14 13:01:48, 13, 15, 3.02518491155, 118.665234096, 487.579125
448, 48384, 2.0, 70.0, 1620997488, 2021-05-14 13:04:48, 29, 13, 14.3824147108, 116.42860669, 488.291375
449, 48385, 2.0, 70.0, 1620997668, 2021-05-14 13:07:48, 22, 11, 25.729824619, 114.030540933, 490.36415625
450, 48386, 2.0, 70.0, 1620997848, 2021-05-14 13:10:48, 66, 9, 37.0544490161, 111.280112547, 493.44496875
451, 48387, 0.004, 70.0, 1620998026, 2021-05-14 13:13:46, 0, 7, 48.2077142123, 107.863802189, 496.99753125
452, 48388, 0.004, 70.0, 1620998206, 2021-05-14 13:16:46, 25, 6, 59.3858788631, 102.874055303, 500.5463125
453, 48389, 0.004, 70.0, 1620998386, 2021-05-14 13:19:46, 81, 6, 70.2890122866, 93.7255018543, 503.51525
454, 48390, 0.004, 70.0, 1620998566, 2021-05-14 13:22:46, 1, 7, 79.9761739625, 67.6815739109, 505.47309375
455, 48391, 0.004, 70.0, 1620998746, 2021-05-14 13:25:46, 1, 7, 81.4554836535, -8.9370139523, 506.1624375
456, 48392, 0.004, 70.0, 1620998926, 2021-05-14 13:28:46, 79, 9, 72.5072186721, -43.8433394464, 505.53878125
457, 48393, 0.004, 70.0, 1620999106, 2021-05-14 13:31:46, 21, 10, 61.7282854084, -54.7357221522, 503.77459375
458, 48394, 2.0, 70.0, 1620999288, 2021-05-14 13:34:48, 276, 11, 50.4711842614, -60.3163760241, 501.19775
459, 48395, 2.0, 70.0, 1620999468, 2021-05-14 13:37:48, 85, 12, 39.2191818506, -63.9801577963, 498.3541875
460, 48396, 2.0, 70.0, 1620999648, 2021-05-14 13:40:48, 30, 14, 27.9161630494, -66.8282373968, 495.7490625
461, 48397, 2.0, 70.0, 1620999828, 2021-05-14 13:43:48, 3, 15, 16.5887433973, -69.2739710439, 493.8703125
462, 48398, 2.0, 70.0, 1621000008, 2021-05-14 13:46:48, 4, 16, 5.2504961879, -71.5284662245, 493.0845
463, 48399, 0.004, 70.0, 1621000366, 2021-05-14 13:52:46, 1, 18, -17.2986647218, -75.9654254107, 495.29721875
464, 48400, 0.004, 70.0, 1621000546, 2021-05-14 13:55:46, 44, 19, -28.6192678451, -78.4279954741, 498.05025
465, 48401, 0.004, 70.0, 1621000726, 2021-05-14 13:58:46, 33, 20, -39.9118040135, -81.3096522845, 501.41534375
466, 48402, 0.004, 70.0, 1621000906, 2021-05-14 14:01:46, 54, 21, -51.1487526874, -85.043020024, 504.87146875
467, 48403, 0.004, 70.0, 1621001086, 2021-05-14 14:04:46, 67, 23, -62.2599405032, -90.7128966571, 507.86609375
468, 48404, 0.004, 70.0, 1621002058, 2021-05-14 14:20:58, 0, 20, -54.4683441519, 109.536836535, 502.69228125
469, 48405, 0.004, 70.0, 1621002238, 2021-05-14 14:23:58, 69, 19, -43.246199913, 105.39198405, 498.482125
470, 48406, 0.004, 70.0, 1621002418, 2021-05-14 14:26:58, 0, 17, -31.9519732728, 102.316800659, 494.356
471, 48407, 2.0, 70.0, 1621002600, 2021-05-14 14:30:00, 74, 16, -20.4956201398, 99.7301807, 490.8493125
472, 48408, 2.0, 70.0, 1621002780, 2021-05-14 14:33:00, 29, 14, -9.14625423618, 97.4256475536, 488.51353125
473, 48409, 2.0, 70.0, 1621002960, 2021-05-14 14:36:00, 19, 12, 2.21137683667, 95.218198716, 487.606
474, 48410, 2.0, 70.0, 1621003140, 2021-05-14 14:39:00, 10, 10, 13.5688674638, 92.9877867825, 488.21390625
475, 48411, 2.0, 70.0, 1621003500, 2021-05-14 14:45:00, 45, 6, 36.2440436561, 87.8903073225, 493.22296875
476, 48412, 0.004, 70.0, 1621003678, 2021-05-14 14:47:58, 0, 5, 47.4017348148, 84.5427974598, 496.75596875
477, 48413, 0.004, 70.0, 1621003858, 2021-05-14 14:50:58, 2, 5, 58.5903667305, 79.7139015286, 500.324375
478, 48414, 0.004, 70.0, 1621004038, 2021-05-14 14:53:58, 46, 5, 69.5260733262, 71.0536792848, 503.3480625
479, 48415, 0.004, 70.0, 1621004218, 2021-05-14 14:56:58, 0, 6, 79.3955532416, 47.3697422088, 505.38571875
480, 48416, 0.004, 70.0, 1621004398, 2021-05-14 14:59:58, 1, 7, 81.8569280219, -27.5550799763, 506.16603125
481, 48417, 0.004, 70.0, 1621004578, 2021-05-14 15:02:58, 1, 8, 73.247973178, -66.1975787101, 505.62871875
482, 48418, 0.004, 70.0, 1621004758, 2021-05-14 15:05:58, 11, 10, 62.5178825971, -77.8124246752, 503.93159375
483, 48419, 0.004, 70.0, 1621004938, 2021-05-14 15:08:58, 78, 12, 51.3990552148, -83.5575290118, 501.42190625
484, 48420, 0.004, 70.0, 1621005118, 2021-05-14 15:11:58, 1, 14, 40.1533058421, -87.3206422251, 498.5778125
485, 48421, 0.004, 70.0, 1621005298, 2021-05-14 15:14:58, 1, 16, 28.8531813336, -90.2162326214, 495.92909375
486, 48422, 2.0, 70.0, 1621005480, 2021-05-14 15:18:00, 67, 17, 17.4011807386, -92.7116490646, 493.954125
487, 48423, 2.0, 70.0, 1621005660, 2021-05-14 15:21:00, 46, 19, 6.06332284997, -94.9748322458, 493.07834375
488, 48424, 2.0, 70.0, 1621005840, 2021-05-14 15:24:00, 50, 20, -5.2771356332, -97.1747132337, 493.47559375
489, 48425, 0.004, 70.0, 1621006018, 2021-05-14 15:26:58, 0, 21, -16.4867413523, -99.4033015068, 495.11065625
490, 48426, 0.004, 70.0, 1621006737, 2021-05-14 15:38:57, 85, 24, -61.4101488573, -113.759184348, 507.64253125
491, 48427, 0.004, 70.0, 1621006917, 2021-05-14 15:41:57, 80, 24, -72.1948058195, -124.362909599, 509.77065625
492, 48428, 0.004, 70.0, 1621007097, 2021-05-14 15:44:57, 19, 25, -81.2618887717, -157.735145577, 510.60025
493, 48429, 0.004, 70.0, 1621007277, 2021-05-14 15:47:57, 15, 25, -80.2289865844, 125.23636785, 509.9466875
494, 48430, 0.004, 70.0, 1621007457, 2021-05-14 15:50:57, 0, 24, -70.647925067, 98.0340329935, 507.84759375
495, 48431, 0.004, 70.0, 1621007637, 2021-05-14 15:53:57, 0, 23, -59.774523457, 88.6449134521, 504.5596875
496, 48432, 0.004, 70.0, 1621007817, 2021-05-14 15:56:57, 143, 21, -48.6137279772, 83.575915881, 500.52121875
497, 48433, 0.004, 70.0, 1621007997, 2021-05-14 15:59:57, 5, 19, -37.3473411881, 80.091733933, 496.28578125
498, 48434, 2.0, 70.0, 1621008179, 2021-05-14 16:02:59, 106, 17, -25.9055107448, 77.3015470159, 492.39978125
499, 48435, 2.0, 70.0, 1621008359, 2021-05-14 16:05:59, 27, 15, -14.5635752332, 74.9004418248, 489.48015625
500, 48436, 2.0, 70.0, 1621008539, 2021-05-14 16:08:59, 14, 13, -3.20884250845, 72.6626396266, 487.86928125
501, 48437, 2.0, 70.0, 1621008719, 2021-05-14 16:11:59, 12, 11, 8.14967328734, 70.45775211, 487.7595625
502, 48438, 2.0, 70.0, 1621008899, 2021-05-14 16:14:59, 9, 9, 19.5035898045, 68.1665856438, 489.11975
503, 48439, 2.0, 70.0, 1621009079, 2021-05-14 16:17:59, 8, 7, 30.8425832121, 65.6396000663, 491.70146875
504, 48442, 0.004, 70.0, 1621009617, 2021-05-14 16:26:57, 30, 3, 64.3594996726, 52.3668691144, 502.021875
505, 48443, 0.004, 70.0, 1621009797, 2021-05-14 16:29:57, 1, 2, 74.9559576024, 38.7118456444, 504.5724375
506, 48444, 0.004, 70.0, 1621009977, 2021-05-14 16:32:57, 0, 2, 82.5278643342, -10.0283646296, 505.96996875
507, 48445, 0.004, 70.0, 1621010157, 2021-05-14 16:35:57, 0, 2, 77.9224726831, -77.94005359, 506.05059375
508, 48446, 0.004, 70.0, 1621010337, 2021-05-14 16:38:57, 2, 4, 67.7224116119, -97.1173123239, 504.86959375
509, 48447, 0.004, 70.0, 1621010517, 2021-05-14 16:41:57, 43, 5, 56.7293075216, -104.790920572, 502.68965625
510, 48448, 0.004, 70.0, 1621010697, 2021-05-14 16:44:57, 21, 7, 45.5297541334, -109.280724932, 499.9355625
511, 48449, 0.004, 70.0, 1621010877, 2021-05-14 16:47:57, 2, 9, 34.2504617018, -112.511534183, 497.1233125
512, 48450, 0.004, 70.0, 1621011057, 2021-05-14 16:50:57, 0, 11, 22.9344023619, -115.148164787, 494.77525
513, 48452, 2.0, 70.0, 1621011419, 2021-05-14 16:56:59, 20, 17, 0.134585315741, -119.730005946, 493.1005
514, 48453, 0.004, 70.0, 1621011597, 2021-05-14 16:59:57, 0, 17, -11.078356804, -121.918466857, 494.1523125
515, 48454, 0.004, 70.0, 1621011777, 2021-05-14 17:02:57, 0, 18, -22.4082250789, -124.250607628, 496.38396875
516, 48455, 0.004, 70.0, 1621012553, 2021-05-14 17:15:53, 81, 21, -70.5104265289, -145.574553837, 509.49053125
517, 48456, 0.004, 70.0, 1621012733, 2021-05-14 17:18:53, 1, 21, -80.1265952185, -172.284582319, 510.55015625
518, 48457, 0.004, 70.0, 1621012913, 2021-05-14 17:21:53, 0, 22, -81.3456815324, 110.869133235, 510.14225
519, 48458, 0.004, 70.0, 1621013093, 2021-05-14 17:24:53, 0, 21, -72.3307334141, 76.8558840028, 508.2678125
520, 48459, 0.004, 70.0, 1621013273, 2021-05-14 17:27:53, 10, 20, -61.5476883766, 66.1277673466, 505.14996875
521, 48460, 0.004, 70.0, 1621013453, 2021-05-14 17:30:53, 39, 19, -50.4144629555, 60.6423536324, 501.20146875
522, 48461, 0.004, 70.0, 1621013633, 2021-05-14 17:33:53, 3, 17, -39.1598240916, 56.9839540493, 496.96253125
523, 48462, 0.004, 70.0, 1621013813, 2021-05-14 17:36:53, 3, 15, -27.8498367899, 54.137687864, 493.018875
524, 48463, 0.004, 70.0, 1621013993, 2021-05-14 17:39:53, 0, 13, -16.5112617314, 51.6920430093, 489.912625
525, 48464, 2.0, 70.0, 1621014175, 2021-05-14 17:42:55, 14, 11, -5.03189427599, 49.411883393, 488.04796875
526, 48465, 2.0, 70.0, 1621014355, 2021-05-14 17:45:55, 73, 9, 6.32649900328, 47.2095742728, 487.69559375
527, 48466, 2.0, 70.0, 1621014535, 2021-05-14 17:48:55, 30, 7, 17.6816914851, 44.9409815818, 488.83246875
528, 48467, 2.0, 70.0, 1621014715, 2021-05-14 17:51:55, 10, 5, 29.0238780062, 42.4647750457, 491.243125
529, 48468, 2.0, 70.0, 1621014894, 2021-05-14 17:54:54, 32, 4, 40.275269115, 39.5750176309, 494.50684375
530, 48469, 0.004, 70.0, 1621015073, 2021-05-14 17:57:53, 0, 3, 51.4700345406, 35.8193015124, 498.1194375
531, 48470, 0.004, 70.0, 1621015253, 2021-05-14 18:00:53, 0, 3, 62.596805433, 30.0489254759, 501.54478125
532, 48471, 0.004, 70.0, 1621015433, 2021-05-14 18:03:53, 0, 5, 73.3273946177, 18.3477647027, 504.24828125
533, 48472, 0.004, 70.0, 1621015613, 2021-05-14 18:06:53, 0, 6, 81.8977247418, -20.7376461855, 505.84371875
534, 48473, 0.004, 70.0, 1621015793, 2021-05-14 18:09:53, 0, 6, 79.3295394633, -95.4203996362, 506.1335
535, 48474, 0.004, 70.0, 1621015973, 2021-05-14 18:12:53, 3, 6, 69.445586377, -118.857148751, 505.13778125
536, 48475, 0.004, 70.0, 1621016153, 2021-05-14 18:15:53, 146, 7, 58.5140940081, -127.465058576, 503.088375
537, 48476, 0.004, 70.0, 1621016333, 2021-05-14 18:18:53, 12, 8, 47.335089244, -132.276148204, 500.38840625
538, 48477, 0.004, 70.0, 1621016513, 2021-05-14 18:21:53, 3, 9, 36.0646419074, -135.648513125, 497.5449375
539, 48478, 0.004, 70.0, 1621016693, 2021-05-14 18:24:53, 6, 11, 24.7527985017, -138.355016565, 495.085375
540, 48479, 0.004, 70.0, 1621016873, 2021-05-14 18:27:53, 1, 12, 13.4211125428, -140.730692961, 493.4715625
541, 48480, 2.0, 70.0, 1621017055, 2021-05-14 18:30:55, 10, 14, 1.95530130533, -142.982196519, 493.0271875
542, 48481, 2.0, 70.0, 1621017240, 2021-05-14 18:34:00, 28, 16, -9.69930489848, -145.250229135, 493.93271875
543, 48482, 0.004, 70.0, 1621017929, 2021-05-14 18:45:29, 49, 19, -52.9081650211, -156.575625343, 505.319125
544, 48483, 0.004, 70.0, 1621018109, 2021-05-14 18:48:29, 152, 20, -63.9861205515, -162.758053032, 508.2008125
545, 48484, 0.004, 70.0, 1621018289, 2021-05-14 18:51:29, 14, 19, -74.5967101427, -175.921466806, 510.05834375
546, 48485, 0.004, 70.0, 1621018469, 2021-05-14 18:54:29, 0, 19, -82.4162385526, 137.731543237, 510.55646875
547, 48486, 0.004, 70.0, 1621018829, 2021-05-14 19:00:29, 16, 18, -68.1458901706, 47.9007108695, 507.16146875
548, 48487, 0.004, 70.0, 1621019009, 2021-05-14 19:03:29, 183, 16, -57.1717125344, 40.0175968135, 503.662125
549, 48488, 0.004, 70.0, 1621019189, 2021-05-14 19:06:29, 20, 15, -45.9775310901, 35.4527184295, 499.5345
550, 48489, 0.004, 70.0, 1621019369, 2021-05-14 19:09:29, 0, 13, -34.6963569413, 32.1876147991, 495.34709375
551, 48490, 0.004, 70.0, 1621019549, 2021-05-14 19:12:29, 0, 11, -23.3729107518, 29.5332530238, 491.67875
552, 48491, 2.0, 70.0, 1621019731, 2021-05-14 19:15:31, 56, 9, -11.9011709102, 27.1569414195, 489.008625
553, 48492, 2.0, 70.0, 1621019911, 2021-05-14 19:18:31, 12, 7, -0.54492983419, 24.9375158452, 487.745875
554, 48493, 2.0, 70.0, 1621020091, 2021-05-14 19:21:31, 58, 6, 10.813146535, 22.7234997807, 487.99565625
555, 48494, 2.0, 70.0, 1621020271, 2021-05-14 19:24:31, 1, 4, 22.1644778255, 20.3926140569, 489.67378125
556, 48495, 2.0, 70.0, 1621067412, 2021-05-15 08:30:12, 16, 8, 41.3916396291, 13.3873398187, 498.69846875
557, 48496, 2.0, 70.0, 1621067592, 2021-05-15 08:33:12, 18, 11, 30.0949575358, 10.4243328939, 495.943875
558, 48497, 2.0, 70.0, 1621067772, 2021-05-15 08:36:12, 5, 13, 18.7699830915, 7.92118894548, 493.838875
559, 48499, 0.004, 70.0, 1621068687, 2021-05-15 08:51:27, 317, 20, -38.8130929536, -4.25594252458, 500.69875
560, 48500, 0.004, 70.0, 1621068867, 2021-05-15 08:54:27, 246, 22, -50.058620345, -7.87558633372, 504.20415625
561, 48501, 0.004, 70.0, 1621069047, 2021-05-15 08:57:27, 29, 24, -61.1889258603, -13.2682050979, 507.3136875
562, 48502, 0.004, 70.0, 1621069227, 2021-05-15 09:00:27, 449, 25, -71.9865533517, -23.6918139917, 509.519125
563, 48503, 0.004, 70.0, 1621069407, 2021-05-15 09:03:27, 1020, 26, -81.1336451398, -56.1386395924, 510.43990625
564, 48504, 0.004, 70.0, 1621069587, 2021-05-15 09:06:27, 70, 26, -80.3760747081, -133.412705342, 509.87859375
565, 48505, 0.004, 70.0, 1621069767, 2021-05-15 09:09:27, 74, 24, -70.8529331949, -161.344763949, 507.89115625
566, 48506, 0.004, 70.0, 1621069947, 2021-05-15 09:12:27, 149, 23, -59.9894080384, -170.879749011, 504.70790625
567, 48507, 0.004, 70.0, 1621070127, 2021-05-15 09:15:27, 6, 21, -48.8320720495, -175.995219189, 500.7608125
568, 48508, 0.004, 70.0, 1621070307, 2021-05-15 09:18:27, 0, 19, -37.567659185, -179.49902427, 496.59865625
569, 48509, 2.0, 70.0, 1621070489, 2021-05-15 09:21:29, 24, 17, -26.1273962701, 177.7012775, 492.76546875
570, 48510, 2.0, 70.0, 1621070669, 2021-05-15 09:24:29, 16, 14, -14.7868916832, 175.295657554, 489.87625
571, 48511, 2.0, 70.0, 1621070849, 2021-05-15 09:27:29, 1, 12, -3.43353929697, 173.056284412, 488.27515625
572, 48512, 2.0, 70.0, 1621071029, 2021-05-15 09:30:29, 19, 11, 7.92365720509, 170.852168707, 488.15721875
573, 48513, 0.004, 70.0, 1621071207, 2021-05-15 09:33:27, 0, 9, 19.1503068075, 168.590679412, 489.47259375
574, 48514, 0.004, 70.0, 1621071387, 2021-05-15 09:36:27, 2, 7, 30.4886120735, 166.074383081, 492.00975
575, 48515, 0.004, 70.0, 1621071567, 2021-05-15 09:39:27, 4, 5, 41.7962497902, 163.086161659, 495.3415
576, 48516, 0.004, 70.0, 1621071747, 2021-05-15 09:42:27, 7, 4, 53.0405682381, 159.127711866, 498.9359375
577, 48517, 0.004, 70.0, 1621071927, 2021-05-15 09:45:27, 43, 4, 64.1356675433, 152.8897684, 502.2335625
578, 48518, 0.004, 70.0, 1621072107, 2021-05-15 09:48:27, 4, 4, 74.7506626066, 139.513621553, 504.7353125
579, 48519, 0.004, 70.0, 1621072287, 2021-05-15 09:51:27, 0, 4, 82.4696438017, 92.0839341894, 506.08103125
580, 48520, 0.004, 70.0, 1621072467, 2021-05-15 09:54:27, 74, 5, 78.1098111116, 23.1136179879, 506.10553125
581, 48521, 0.004, 70.0, 1621072647, 2021-05-15 09:57:27, 210, 7, 67.9446454769, 3.45547316882, 504.8628125
582, 48522, 0.004, 70.0, 1621072829, 2021-05-15 10:00:29, 0, 10, 56.8347553971, -4.38961402238, 502.58584375
583, 48523, 2.0, 70.0, 1621073009, 2021-05-15 10:03:29, 110, 12, 45.6357518391, -8.89692757207, 499.75465625
584, 48524, 2.0, 70.0, 1621073189, 2021-05-15 10:06:29, 4, 13, 34.3561281433, -12.1355360449, 496.8679375
585, 48525, 2.0, 70.0, 1621073369, 2021-05-15 10:09:29, 21, 14, 23.0392645487, -14.7760265598, 494.45134375
586, 48526, 2.0, 70.0, 1621073549, 2021-05-15 10:12:29, 26, 16, 11.7045698914, -17.119621558, 492.9523125
587, 48527, 0.004, 70.0, 1621074512, 2021-05-15 10:28:32, 195, 20, -48.8260580679, -31.0210799607, 503.75071875
588, 48528, 0.004, 70.0, 1621074692, 2021-05-15 10:31:32, 51, 21, -59.97502366, -36.1308298555, 506.9425625
589, 48529, 0.004, 70.0, 1621074872, 2021-05-15 10:34:32, 47, 22, -70.8336037596, -45.6487428589, 509.2838125
590, 48530, 0.004, 70.0, 1621075052, 2021-05-15 10:37:32, 296, 24, -80.3602764806, -73.4965510826, 510.37575
591, 48531, 0.004, 70.0, 1621075232, 2021-05-15 10:40:32, 84, 25, -81.1510074807, -150.721087716, 510.0034375
592, 48532, 0.004, 70.0, 1621075412, 2021-05-15 10:43:32, 0, 25, -72.0112854667, 176.708331919, 508.1716875
593, 48533, 0.004, 70.0, 1621075592, 2021-05-15 10:46:32, 16, 23, -61.209279824, 166.260806264, 505.10678125
594, 48534, 0.004, 70.0, 1621075772, 2021-05-15 10:49:32, 62, 22, -50.0707644214, 160.860708443, 501.223125
595, 48535, 0.004, 70.0, 1621076132, 2021-05-15 10:55:32, 0, 17, -27.5040652934, 154.408501942, 493.201
596, 48536, 0.004, 70.0, 1621076312, 2021-05-15 10:58:32, 0, 15, -16.1659256595, 151.971490447, 490.18178125
597, 48537, 2.0, 70.0, 1621076494, 2021-05-15 11:01:34, 15, 13, -4.6874960744, 149.695070359, 488.40046875
598, 48538, 2.0, 70.0, 1621076674, 2021-05-15 11:04:34, 20, 11, 6.669606726, 147.492798805, 488.11775
599, 48539, 2.0, 70.0, 1621076854, 2021-05-15 11:07:34, 11, 9, 18.0231992361, 145.220558793, 489.30371875
600, 48540, 0.004, 70.0, 1621077032, 2021-05-15 11:10:32, 0, 7, 29.2375673045, 142.765119447, 491.7039375
601, 48541, 0.004, 70.0, 1621077212, 2021-05-15 11:13:32, 0, 5, 40.5496651347, 139.846483992, 494.97171875
602, 48542, 0.004, 70.0, 1621077392, 2021-05-15 11:16:32, 18, 4, 51.8035560928, 136.03574387, 498.563
603, 48543, 0.004, 70.0, 1621077572, 2021-05-15 11:19:32, 51, 5, 62.9232201734, 130.172695827, 501.9170625
604, 48544, 0.004, 70.0, 1621077752, 2021-05-15 11:22:32, 33, 6, 73.6309487149, 118.147765304, 504.524125
605, 48545, 0.004, 70.0, 1621078112, 2021-05-15 11:28:32, 1, 7, 79.0808591058, 3.68815829047, 506.17296875
606, 48546, 0.004, 70.0, 1621078292, 2021-05-15 11:31:32, 212, 8, 69.1306053733, -18.8722378536, 505.05625
607, 48547, 0.004, 70.0, 1621078472, 2021-05-15 11:34:32, 0, 9, 58.1864839846, -27.2935878915, 502.89628125
608, 48548, 2.0, 70.0, 1621078654, 2021-05-15 11:37:34, 46, 10, 46.8780061546, -32.0846189616, 500.07103125
609, 48549, 2.0, 70.0, 1621078834, 2021-05-15 11:40:34, 45, 12, 35.6044066857, -35.4194519932, 497.15971875
610, 48550, 2.0, 70.0, 1621079014, 2021-05-15 11:43:34, 16, 14, 24.290413478, -38.1074866011, 494.6633125
611, 48551, 2.0, 70.0, 1621079194, 2021-05-15 11:46:34, 12, 15, 12.9569994812, -40.4741437331, 493.0419375
612, 48552, 0.004, 70.0, 1621079372, 2021-05-15 11:49:32, 0, 16, 1.74173591089, -42.6736797965, 492.60971875
613, 48553, 0.004, 70.0, 1621079552, 2021-05-15 11:52:32, 4, 17, -9.59931178282, -44.8804080491, 493.4784375
614, 48554, 0.004, 70.0, 1621079732, 2021-05-15 11:55:32, 182, 19, -20.9324141523, -47.189182743, 495.5681875
615, 48555, 0.004, 70.0, 1621079912, 2021-05-15 11:58:32, 857, 20, -32.2476043506, -49.7562922667, 498.5841875
616, 48556, 0.004, 70.0, 1621080092, 2021-05-15 12:01:32, 498, 22, -43.5280203483, -52.8471031299, 502.0730625
617, 48557, 0.004, 70.0, 1621080272, 2021-05-15 12:04:32, 74, 23, -54.7374809259, -57.0270696184, 505.49271875
618, 48558, 0.004, 70.0, 1621080452, 2021-05-15 12:07:32, 64, 23, -65.7749061137, -63.8452342395, 508.2966875
619, 48559, 0.004, 70.0, 1621080632, 2021-05-15 12:10:32, 133, 23, -76.2175959948, -79.4384946409, 510.0205
620, 48560, 0.004, 70.0, 1621080812, 2021-05-15 12:13:32, 239, 23, -82.7321621224, -136.38487582, 510.35596875
621, 48561, 0.004, 70.0, 1621080992, 2021-05-15 12:16:32, 0, 23, -76.7505351651, 163.113537057, 509.20178125
622, 48562, 0.004, 70.0, 1621081172, 2021-05-15 12:19:32, 0, 22, -66.3728072132, 146.537023114, 506.6816875
623, 48563, 0.004, 70.0, 1621081352, 2021-05-15 12:22:32, 20, 20, -55.3442646864, 139.474757777, 503.12740625
624, 48564, 0.004, 70.0, 1621081532, 2021-05-15 12:25:32, 10, 18, -44.1310475048, 135.204045395, 499.02871875
625, 48565, 0.004, 70.0, 1621081712, 2021-05-15 12:28:32, 1, 16, -32.8416122423, 132.071338152, 494.95871875
626, 48566, 0.004, 70.0, 1621081892, 2021-05-15 12:31:32, 0, 14, -21.5144555525, 129.4828194, 491.4865
627, 48567, 2.0, 70.0, 1621082074, 2021-05-15 12:34:34, 10, 12, -10.0414521259, 127.138302326, 489.07125
628, 48568, 2.0, 70.0, 1621082254, 2021-05-15 12:37:34, 6, 10, 1.3143735359, 124.92802579, 488.08334375
629, 48569, 2.0, 70.0, 1621082434, 2021-05-15 12:40:34, 16, 9, 12.670614772, 122.704061555, 488.5928125
630, 48570, 2.0, 70.0, 1621082614, 2021-05-15 12:43:34, 20, 7, 24.0185275528, 120.340679499, 490.4785
631, 48571, 0.004, 70.0, 1621082792, 2021-05-15 12:46:32, 0, 5, 35.2204066204, 117.693270856, 493.3785
632, 48572, 0.004, 70.0, 1621083152, 2021-05-15 12:52:32, 41, 2, 57.7053313086, 109.724086172, 500.41765625
633, 48573, 0.004, 70.0, 1621083332, 2021-05-15 12:55:32, 55, 1, 68.6728324348, 101.557345095, 503.43071875
634, 48574, 0.004, 70.0, 1621083512, 2021-05-15 12:58:32, 34, 2, 78.7148429286, 80.1746592597, 505.475375
635, 48575, 0.004, 70.0, 1621083692, 2021-05-15 13:01:32, 0, 2, 82.2273018598, 8.07849588601, 506.2680625
636, 48576, 0.004, 70.0, 1621083872, 2021-05-15 13:04:32, 53, 3, 74.064658897, -35.1442841621, 505.73465625
637, 48577, 0.004, 70.0, 1621084052, 2021-05-15 13:07:32, 90, 4, 63.3956711884, -47.6593832107, 504.01984375
638, 48578, 2.0, 70.0, 1621084234, 2021-05-15 13:10:34, 115, 7, 52.168595553, -53.7116001731, 501.43003125
639, 48579, 2.0, 70.0, 1621084414, 2021-05-15 13:13:34, 30, 9, 40.9276273128, -57.5622388455, 498.50128125
640, 48580, 2.0, 70.0, 1621084594, 2021-05-15 13:16:34, 5, 11, 29.6290327666, -60.4993431316, 495.74171875
641, 48581, 2.0, 70.0, 1621084774, 2021-05-15 13:19:34, 1, 12, 18.3029142656, -62.9895276498, 493.65453125
642, 48582, 2.0, 70.0, 1621084954, 2021-05-15 13:22:34, 2, 13, 6.96413515514, -65.2632156619, 492.63215625
643, 48583, 0.004, 70.0, 1621085132, 2021-05-15 13:25:32, 0, 15, -4.25199680968, -67.4393958935, 492.8825625
644, 48584, 0.004, 70.0, 1621085312, 2021-05-15 13:28:32, 5, 17, -15.5899580049, -69.6839326583, 494.42053125
645, 48585, 0.004, 70.0, 1621086032, 2021-05-15 13:40:32, 93, 18, -60.6045280448, -83.7177789101, 507.064125
646, 48586, 0.004, 70.0, 1621086212, 2021-05-15 13:43:32, 66, 19, -71.4329528592, -93.6879289836, 509.34996875
647, 48587, 0.004, 70.0, 1621086392, 2021-05-15 13:46:32, 263, 19, -80.7745411141, -123.816125635, 510.37003125
648, 48588, 0.004, 70.0, 1621086572, 2021-05-15 13:49:32, 0, 20, -80.764248019, 158.690320212, 509.920875
649, 48589, 0.004, 70.0, 1621086932, 2021-05-15 13:55:32, 0, 18, -60.5799052128, 118.660671529, 504.90515625
650, 48590, 0.004, 70.0, 1621087112, 2021-05-15 13:58:32, 77, 17, -49.4314450548, 113.411397945, 500.99946875
651, 48591, 0.004, 70.0, 1621087292, 2021-05-15 14:01:32, 43, 15, -38.1709014924, 109.851202822, 496.84703125
652, 48592, 0.004, 70.0, 1621087472, 2021-05-15 14:04:32, 0, 13, -26.8585611905, 107.052423527, 493.0298125
653, 48593, 2.0, 70.0, 1621087654, 2021-05-15 14:07:34, 23, 12, -15.3933339342, 104.604866219, 490.05265625
654, 48594, 2.0, 70.0, 1621087834, 2021-05-15 14:10:34, 0, 10, -4.04061099263, 102.360240662, 488.38353125
655, 48595, 2.0, 70.0, 1621088014, 2021-05-15 14:13:34, 42, 8, 7.3163774021, 100.157210957, 488.190125
656, 48596, 2.0, 70.0, 1621088194, 2021-05-15 14:16:34, 6, 6, 18.669355622, 97.8771640388, 489.45659375
657, 48597, 2.0, 70.0, 1621088374, 2021-05-15 14:19:34, 18, 4, 30.0083165862, 95.3745622367, 491.9493125
658, 48598, 0.004, 70.0, 1621088732, 2021-05-15 14:25:32, 13, 2, 52.4410108178, 88.56540322, 498.8039375
659, 48599, 0.004, 70.0, 1621088912, 2021-05-15 14:28:32, 55, 2, 63.548243954, 82.5148528238, 502.12275
660, 48600, 0.004, 70.0, 1621089092, 2021-05-15 14:31:32, 1, 2, 74.2101897376, 69.8228655361, 504.66740625
661, 48601, 0.004, 70.0, 1621089272, 2021-05-15 14:34:32, 1, 2, 82.284934996, 25.720059156, 506.069125
662, 48602, 0.004, 70.0, 1621089452, 2021-05-15 14:37:32, 1, 3, 78.5880131459, -45.7585586404, 506.15178125
663, 48603, 0.004, 70.0, 1621089632, 2021-05-15 14:40:32, 833, 4, 68.5211271032, -66.7545738066, 504.958125
664, 48604, 0.004, 70.0, 1621089812, 2021-05-15 14:43:32, 218, 5, 57.5545548827, -74.8362448768, 502.74046875
665, 48605, 0.004, 70.0, 1621089992, 2021-05-15 14:46:32, 0, 6, 46.3634914196, -79.468465511, 499.91765625
666, 48606, 0.004, 70.0, 1621090172, 2021-05-15 14:49:32, 0, 9, 35.0872452524, -82.7624949925, 497.00553125
667, 48607, 2.0, 70.0, 1621090354, 2021-05-15 14:52:34, 40, 10, 23.6460551393, -85.4578993745, 494.5093125
668, 48608, 2.0, 70.0, 1621090534, 2021-05-15 14:55:34, 30, 12, 12.3118112745, -87.812443166, 492.94271875
669, 48609, 0.004, 70.0, 1621090892, 2021-05-15 15:01:32, 0, 15, -10.2447424612, -92.2171092178, 493.5183125
670, 48610, 0.004, 70.0, 1621091072, 2021-05-15 15:04:32, 0, 16, -21.5772898778, -94.5358218369, 495.66940625
671, 48611, 0.004, 70.0, 1621091919, 2021-05-15 15:18:39, 145, 23, -73.8543163913, -121.287534963, 509.69775
672, 48612, 0.004, 70.0, 1621092099, 2021-05-15 15:21:39, 101, 25, -82.1348484192, -163.193750799, 510.38834375
673, 48613, 0.004, 70.0, 1621092279, 2021-05-15 15:24:39, 0, 25, -78.9149606411, 123.88815681, 509.59384375
674, 48614, 0.004, 70.0, 1621092459, 2021-05-15 15:27:39, 0, 23, -68.9325025666, 101.887202251, 507.3845
675, 48615, 0.004, 70.0, 1621092639, 2021-05-15 15:30:39, 0, 21, -57.9866463099, 93.581753693, 504.045625
676, 48616, 0.004, 70.0, 1621092819, 2021-05-15 15:33:39, 48, 19, -46.8025872058, 88.8714093552, 500.03515625
677, 48617, 0.004, 70.0, 1621092999, 2021-05-15 15:36:39, 16, 17, -35.5265322839, 85.5422453806, 495.9136875
678, 48618, 0.004, 70.0, 1621093179, 2021-05-15 15:39:39, 1, 15, -24.2063475097, 82.8563622823, 492.259
679, 48619, 2.0, 70.0, 1621093361, 2021-05-15 15:42:41, 12, 13, -12.7370238475, 80.4647783749, 489.55521875
680, 48620, 2.0, 70.0, 1621093541, 2021-05-15 15:45:41, 16, 11, -1.38262302723, 78.2406228946, 488.22328125
681, 48621, 2.0, 70.0, 1621093721, 2021-05-15 15:48:41, 13, 9, 9.97411670593, 76.0304966229, 488.38278125
682, 48622, 2.0, 70.0, 1621093901, 2021-05-15 15:51:41, 43, 7, 21.3247624162, 73.713382268, 489.96521875
683, 48623, 2.0, 70.0, 1621094081, 2021-05-15 15:54:41, 21, 5, 32.658436814, 71.1300407997, 492.69021875
684, 48624, 0.004, 70.0, 1621094259, 2021-05-15 15:57:39, 0, 3, 43.8317759362, 68.0467704654, 496.0705
685, 48625, 0.004, 70.0, 1621094439, 2021-05-15 16:00:39, 2, 2, 55.058035364, 63.815755143, 499.64353125
686, 48626, 0.004, 70.0, 1621094619, 2021-05-15 16:03:39, 110, 2, 66.1055350809, 56.8587361912, 502.8195625
687, 48627, 0.004, 70.0, 1621094799, 2021-05-15 16:06:39, 0, 2, 76.5258560924, 40.6982456548, 505.11984375
688, 48628, 0.004, 70.0, 1621094979, 2021-05-15 16:09:39, 0, 3, 82.7387942361, -18.4247955762, 506.21665625
689, 48629, 0.004, 70.0, 1621095159, 2021-05-15 16:12:39, 0, 5, 76.4213200471, -76.84025653, 505.98415625
690, 48630, 0.004, 70.0, 1621095339, 2021-05-15 16:15:39, 150, 7, 65.9916006953, -92.8056461279, 504.51653125
691, 48631, 0.004, 70.0, 1621095519, 2021-05-15 16:18:39, 108, 9, 54.9479736957, -99.714075114, 502.11021875
692, 48632, 0.004, 70.0, 1621095699, 2021-05-15 16:21:39, 8, 11, 43.7300300232, -103.92679236, 499.213875
693, 48633, 0.004, 70.0, 1621095879, 2021-05-15 16:24:39, 3, 12, 32.4418856664, -107.03230862, 496.354375
694, 48634, 2.0, 70.0, 1621096061, 2021-05-15 16:27:41, 120, 14, 20.9948659869, -109.63340858, 494.02984375
695, 48635, 2.0, 70.0, 1621096241, 2021-05-15 16:30:41, 32, 16, 9.65800018326, -111.943617614, 492.72165625
696, 48636, 2.0, 70.0, 1621096421, 2021-05-15 16:33:41, 19, 18, -1.68420010487, -114.150711281, 492.6644375
697, 48637, 0.004, 70.0, 1621096599, 2021-05-15 16:36:39, 0, 19, -12.8979840854, -116.349663364, 493.89703125
698, 48638, 0.004, 70.0, 1621097553, 2021-05-15 16:52:33, 52, 22, -72.0870595853, -141.866799307, 509.42221875
699, 48639, 0.004, 70.0, 1621097733, 2021-05-15 16:55:33, 0, 22, -81.1966058236, -174.758545138, 510.36196875
700, 48640, 0.004, 70.0, 1621097913, 2021-05-15 16:58:33, 0, 23, -80.3071307787, 108.086739564, 509.82784375
701, 48641, 0.004, 70.0, 1621098093, 2021-05-15 17:01:33, 0, 23, -70.7560537918, 80.5027200757, 507.85103125
702, 48642, 0.004, 70.0, 1621098273, 2021-05-15 17:04:33, 31, 22, -59.8878294651, 71.0375532082, 504.6820625
703, 48643, 0.004, 70.0, 1621098453, 2021-05-15 17:07:33, 38, 20, -48.7290830421, 65.9444109184, 500.75334375
704, 48644, 0.004, 70.0, 1621098633, 2021-05-15 17:10:33, 50, 18, -37.4641749889, 62.4500997998, 496.6135
705, 48645, 0.004, 70.0, 1621098813, 2021-05-15 17:13:33, 0, 16, -26.1496934227, 59.683319941, 492.8435625
706, 48646, 0.004, 70.0, 1621098993, 2021-05-15 17:16:33, 0, 14, -14.8094927791, 57.2772492024, 489.96834375
707, 48647, 2.0, 70.0, 1621099175, 2021-05-15 17:19:35, 5, 12, -3.33029180961, 55.013263474, 488.367375
708, 48649, 0.004, 70.0, 1621100881, 2021-05-15 17:48:01, 0, 2, 73.2491821215, -107.476093331, 505.64365625
709, 48650, 0.004, 70.0, 1621101061, 2021-05-15 17:51:01, 32, 3, 62.5189344463, -119.091314957, 503.8328125
710, 48651, 0.004, 70.0, 1621101241, 2021-05-15 17:54:01, 11, 6, 51.3995879695, -124.836460274, 501.21240625
711, 48652, 0.004, 70.0, 1621101421, 2021-05-15 17:57:01, 14, 8, 40.1529643327, -128.599566657, 498.2649375
712, 48653, 0.004, 70.0, 1621101601, 2021-05-15 18:00:01, 0, 11, 28.8516479561, -131.495157054, 495.52440625
713, 48654, 0.004, 70.0, 1621101781, 2021-05-15 18:03:01, 0, 13, 17.5241087757, -133.964611948, 493.48934375
714, 48655, 2.0, 70.0, 1621101963, 2021-05-15 18:06:03, 30, 15, 6.05860959256, -136.25383181, 492.539
715, 48656, 2.0, 70.0, 1621102143, 2021-05-15 18:09:03, 36, 16, -5.28369560301, -138.453822081, 492.89975
716, 48657, 0.004, 70.0, 1621102321, 2021-05-15 18:12:01, 0, 17, -16.4952073718, -140.68262209, 494.5208125
717, 48658, 0.004, 70.0, 1621102983, 2021-05-15 18:23:03, 11, 20, -57.9220532109, -153.00783505, 506.30015625
718, 48659, 0.004, 70.0, 1621103163, 2021-05-15 18:26:03, 65, 21, -68.8643645995, -161.272172699, 508.849375
