# ordinar image ID, original image ID, acquisition time [s], bias [V], UTC time [s], human-readable time, no. of nonzero pixels, heatsink temperature [deg C]latitude [deg], longitude [deg], altitude (WGS84) [km]
1, 41449, 0.002, 70.0, 1583434659, 2020-03-05 18:57:39, 0, 4, 82.5487100715, -44.0766211424, 501.8030625
2, 41453, 0.002, 70.0, 1583436178, 2020-03-05 19:22:58, 0, 25, -5.07902898456, -151.734633147, 504.06909375
3, 41454, 0.002, 70.0, 1583436936, 2020-03-05 19:35:36, 7, 21, -52.4580658001, -163.8660873, 521.49578125
4, 41455, 0.002, 70.0, 1583437116, 2020-03-05 19:38:36, 51, 22, -63.4914645915, -169.921254904, 524.781375
5, 41456, 0.002, 70.0, 1583437296, 2020-03-05 19:41:36, 17, 23, -74.0829159926, 177.47416005, 526.6455
6, 41457, 0.002, 70.0, 1583437476, 2020-03-05 19:44:36, 0, 23, -82.1645392515, 134.451645417, 526.7510625
7, 41458, 0.002, 70.0, 1583437656, 2020-03-05 19:47:36, 0, 23, -78.7301152316, 62.924613532, 524.9723125
8, 41459, 0.002, 70.0, 1583437836, 2020-03-05 19:50:36, 6, 24, -68.7744246685, 41.3358779647, 521.41925
9, 41460, 0.002, 70.0, 1583438016, 2020-03-05 19:53:36, 7, 25, -57.8693651316, 33.0699318058, 516.42778125
10, 41461, 0.002, 70.0, 1583438196, 2020-03-05 19:56:36, 3, 26, -46.7209459547, 28.3559435621, 510.516375
11, 41462, 0.002, 70.0, 1583438376, 2020-03-05 19:59:36, 13, 25, -35.4735539216, 25.0161825489, 504.31584375
12, 41463, 0.002, 70.0, 1583438556, 2020-03-05 20:02:36, 2, 23, -24.1746229886, 22.3186864215, 498.48259375
13, 41464, 1.5, 70.0, 1583438738, 2020-03-05 20:05:38, 48, 21, -12.7191757094, 19.915293117, 493.561625
14, 41465, 1.5, 70.0, 1583438918, 2020-03-05 20:08:38, 0, 19, -1.37118235365, 17.6791848057, 490.11134375
15, 41468, 1.5, 70.0, 1583439459, 2020-03-05 20:17:39, 0, 13, 32.7507468207, 10.5065162913, 489.50940625
16, 41469, 1.5, 70.0, 1583439638, 2020-03-05 20:20:38, 0, 11, 44.0008675143, 7.37298686371, 491.87909375
17, 41470, 0.002, 70.0, 1583439816, 2020-03-05 20:23:36, 0, 9, 55.1172565192, 3.13768324981, 494.78259375
18, 41471, 0.002, 70.0, 1583439996, 2020-03-05 20:26:36, 4, 7, 66.1769037275, -3.91187644095, 497.74728125
19, 41472, 0.002, 70.0, 1583440176, 2020-03-05 20:29:36, 0, 5, 76.5894383233, -20.3578091205, 500.27015625
20, 41473, 0.002, 70.0, 1583440356, 2020-03-05 20:32:36, 1, 4, 82.6735386088, -80.0506776659, 502.0141875
21, 41474, 0.002, 70.0, 1583440536, 2020-03-05 20:35:36, 1, 3, 76.2586864128, -137.531486996, 502.8295
22, 41475, 0.002, 70.0, 1583440716, 2020-03-05 20:38:36, 47, 3, 65.8151086072, -153.359425867, 502.77196875
23, 41477, 0.002, 70.0, 1583441076, 2020-03-05 20:44:36, 6, 3, 43.5487772932, -164.471419645, 501.154875
24, 41478, 0.002, 70.0, 1583441256, 2020-03-05 20:47:36, 2, 4, 32.2675963143, -167.584428623, 500.42821875
25, 41480, 0.002, 70.0, 1583441480, 2020-03-05 20:51:20, 0, 6, 18.1946796729, -170.751259492, 500.4544375
26, 41481, 0.002, 70.0, 1583441660, 2020-03-05 20:54:20, 1, 8, 6.87865917967, -173.033990675, 501.607625
27, 41482, 0.002, 70.0, 1583441840, 2020-03-05 20:57:20, 2, 9, -4.43378656328, -175.243392946, 503.919375
28, 41483, 0.002, 70.0, 1583442020, 2020-03-05 21:00:20, 1, 10, -15.7354854305, -177.497696881, 507.3133125
29, 41484, 0.002, 70.0, 1583442200, 2020-03-05 21:03:20, 0, 11, -27.0186078907, -179.930241433, 511.5111875
30, 41485, 0.002, 70.0, 1583442380, 2020-03-05 21:06:20, 0, 12, -38.2712745373, 177.257861619, 516.06646875
31, 41486, 0.002, 70.0, 1583442560, 2020-03-05 21:09:20, 0, 14, -49.4699536613, 173.681861438, 520.42559375
32, 41487, 0.002, 70.0, 1583443335, 2020-03-05 21:22:15, 0, 20, -78.4040693214, 37.8795529432, 524.840125
33, 41488, 0.002, 70.0, 1583443515, 2020-03-05 21:25:15, 82, 21, -68.3750430172, 17.2655844081, 521.2235
34, 41489, 0.002, 70.0, 1583443695, 2020-03-05 21:28:15, 10, 23, -57.455059517, 9.21675715633, 516.186125
35, 41490, 0.002, 70.0, 1583443875, 2020-03-05 21:31:15, 70, 23, -46.3012820567, 4.57789160192, 510.2521875
36, 41491, 0.002, 70.0, 1583444055, 2020-03-05 21:34:15, 80, 23, -35.0512638158, 1.27132231996, 504.05509375
37, 41492, 0.002, 70.0, 1583444235, 2020-03-05 21:37:15, 2, 22, -23.7507960902, -1.40976555866, 498.25040625
38, 41493, 0.002, 70.0, 1583444415, 2020-03-05 21:40:15, 0, 20, -12.4203865229, -3.77981217204, 493.42584375
39, 41494, 1.5, 70.0, 1583444597, 2020-03-05 21:43:17, 1, 19, -0.94580521583, -6.03862061706, 489.99303125
40, 41495, 1.5, 70.0, 1583444777, 2020-03-05 21:46:17, 27, 17, 10.4115322656, -8.26340020588, 488.26421875
41, 41496, 1.5, 70.0, 1583444957, 2020-03-05 21:49:17, 0, 15, 21.7683507594, -10.6021619915, 488.19596875
42, 41497, 1.5, 70.0, 1583445137, 2020-03-05 21:52:17, 15, 13, 33.112473639, -13.218653783, 489.5694375
43, 41499, 0.002, 70.0, 1583446096, 2020-03-05 22:08:16, 0, 5, 81.4041274611, -134.168014981, 502.45871875
44, 41500, 0.002, 70.0, 1583446276, 2020-03-05 22:11:16, 1, 5, 72.4704107826, -169.14626066, 502.931
45, 41501, 0.002, 70.0, 1583446456, 2020-03-05 22:14:16, 3, 7, 61.6902822359, 179.897647771, 502.60109375
46, 41502, 0.002, 70.0, 1583446816, 2020-03-05 22:20:16, 1, 9, 39.3083568004, 170.634012465, 500.86415625
47, 41503, 1.5, 70.0, 1583446998, 2020-03-05 22:23:18, 23, 11, 27.8889788965, 167.73558071, 500.3255625
48, 41504, 1.5, 70.0, 1583447178, 2020-03-05 22:26:18, 15, 12, 16.577085972, 165.277969364, 500.57671875
49, 41505, 1.5, 70.0, 1583447358, 2020-03-05 22:29:18, 5, 14, 5.26117220046, 163.013461126, 501.887875
50, 41506, 1.5, 70.0, 1583447538, 2020-03-05 22:32:18, 10, 15, -6.05010259195, 160.804810175, 504.3585625
51, 41507, 1.5, 70.0, 1583447718, 2020-03-05 22:35:18, 1, 17, -17.3496298859, 158.534086465, 507.88296875
52, 41508, 1.5, 70.0, 1583447898, 2020-03-05 22:38:18, 14, 18, -28.6292621194, 156.062159042, 512.15615625
53, 41509, 0.002, 70.0, 1583448076, 2020-03-05 22:41:16, 0, 20, -39.7513799454, 153.207071668, 516.6621875
54, 41510, 0.002, 70.0, 1583448256, 2020-03-05 22:44:16, 0, 21, -50.939865012, 149.481025891, 520.94525
55, 41511, 0.002, 70.0, 1583448616, 2020-03-05 22:50:16, 0, 22, -72.6949874025, 132.730437746, 526.44775
56, 41512, 0.002, 70.0, 1583448796, 2020-03-05 22:53:16, 0, 23, -81.4908981843, 97.1339779855, 526.796125
57, 41513, 0.002, 70.0, 1583448976, 2020-03-05 22:56:16, 0, 23, -79.8562973124, 21.5126899486, 525.265625
58, 41514, 0.002, 70.0, 1583449156, 2020-03-05 22:59:16, 49, 24, -70.2201913005, -4.21676669394, 521.9340625
59, 41515, 0.002, 70.0, 1583449336, 2020-03-05 23:02:16, 0, 24, -59.3753398812, -13.3671916144, 517.10875
60, 41516, 0.002, 70.0, 1583449516, 2020-03-05 23:05:16, 123, 24, -48.2473532151, -18.3779729219, 511.28696875
61, 41517, 0.002, 70.0, 1583449696, 2020-03-05 23:08:16, 91, 24, -37.0094517299, -21.8468381707, 505.0891875
62, 41518, 0.002, 70.0, 1583449876, 2020-03-05 23:11:16, 12, 22, -25.7157834576, -24.6078123687, 499.17359375
63, 41519, 0.002, 70.0, 1583450056, 2020-03-05 23:14:16, 0, 21, -14.3894873717, -27.016977183, 494.1458125
64, 41520, 1.5, 70.0, 1583450238, 2020-03-05 23:17:18, 15, 19, -2.91728414438, -29.2896953083, 490.444625
65, 41521, 1.5, 70.0, 1583450418, 2020-03-05 23:20:18, 2, 17, 8.43922208169, -31.5076114107, 488.42665625
66, 41522, 1.5, 70.0, 1583450598, 2020-03-05 23:23:18, 11, 15, 19.7969225237, -33.8166763877, 488.086
67, 41523, 1.5, 70.0, 1583450778, 2020-03-05 23:26:18, 7, 13, 31.144392196, -36.3694937406, 489.23984375
68, 41524, 0.002, 70.0, 1583450956, 2020-03-05 23:29:16, 0, 11, 42.3379759988, -39.3817164472, 491.48709375
69, 41525, 0.002, 70.0, 1583451136, 2020-03-05 23:32:16, 0, 9, 53.5934447306, -43.4437699649, 494.3888125
70, 41526, 0.002, 70.0, 1583451316, 2020-03-05 23:35:16, 2, 7, 64.6905589416, -49.9269650337, 497.39125
71, 41527, 0.002, 70.0, 1583451496, 2020-03-05 23:38:16, 0, 6, 75.2604474356, -64.1509398463, 500.0084375
72, 41528, 0.002, 70.0, 1583451676, 2020-03-05 23:41:16, 0, 4, 82.5513465245, -115.092006972, 501.8808125
73, 41529, 0.002, 70.0, 1583452036, 2020-03-05 23:47:16, 8, 4, 67.2928132037, 160.730115226, 502.8861875
74, 41530, 0.002, 70.0, 1583452216, 2020-03-05 23:50:16, 1, 5, 56.2854408482, 153.198206082, 502.26775
75, 41531, 0.002, 70.0, 1583452396, 2020-03-05 23:53:16, 1, 7, 45.0823425919, 148.748856933, 501.3436875
76, 41532, 0.002, 70.0, 1583452576, 2020-03-05 23:56:16, 0, 8, 33.8071038775, 145.53025323, 500.55934375
77, 41533, 1.5, 70.0, 1583452758, 2020-03-05 23:59:18, 4, 9, 22.3766696049, 142.867859152, 500.3569375
78, 41534, 1.5, 70.0, 1583452938, 2020-03-06 00:02:18, 8, 11, 11.0616074726, 140.524516871, 501.0960625
79, 41535, 1.5, 70.0, 1583453118, 2020-03-06 00:05:18, 10, 12, -0.252898186033, 138.302219202, 502.96753125
80, 41536, 1.5, 70.0, 1583453298, 2020-03-06 00:08:18, 10, 14, -11.5592849375, 136.078391571, 505.97221875
81, 41537, 1.5, 70.0, 1583453478, 2020-03-06 00:11:18, 17, 15, -22.850278337, 133.730049591, 509.90465625
82, 41538, 1.5, 70.0, 1583453658, 2020-03-06 00:14:18, 481, 16, -34.116046994, 131.089580421, 514.37525
83, 41539, 0.002, 70.0, 1583453836, 2020-03-06 00:17:16, 0, 16, -45.2144521108, 127.902832721, 518.814125
84, 41540, 0.002, 70.0, 1583454016, 2020-03-06 00:20:16, 1, 17, -56.3547638532, 123.458387647, 522.74584375
85, 41541, 0.002, 70.0, 1583454196, 2020-03-06 00:23:16, 0, 19, -67.2922189773, 115.956531336, 525.5645625
86, 41542, 0.002, 70.0, 1583454376, 2020-03-06 00:26:16, 0, 21, -77.4845619347, 97.7127545553, 526.824375
87, 41543, 0.002, 70.0, 1583454556, 2020-03-06 00:29:16, 0, 22, -82.5786331303, 32.9892843472, 526.2580625
88, 41544, 0.002, 70.0, 1583454736, 2020-03-06 00:32:16, 39, 23, -75.467169941, -18.6848823496, 523.82203125
89, 41545, 0.002, 70.0, 1583454916, 2020-03-06 00:35:16, 8, 23, -64.9922825482, -33.1638298314, 519.70896875
90, 41546, 0.002, 70.0, 1583455096, 2020-03-06 00:38:16, 83, 23, -53.9709083049, -39.7289564344, 514.325625
91, 41547, 0.002, 70.0, 1583455276, 2020-03-06 00:41:16, 117, 22, -42.7787246908, -43.8270255396, 508.239125
92, 41548, 0.002, 70.0, 1583455456, 2020-03-06 00:44:16, 110, 21, -31.5094897128, -46.8882172875, 502.0996875
93, 41549, 0.002, 70.0, 1583455636, 2020-03-06 00:47:16, 51, 19, -20.1978034015, -49.4471305842, 496.550875
94, 41550, 0.002, 70.0, 1583455816, 2020-03-06 00:50:16, 9, 17, -8.86049107417, -51.7592008444, 492.1416875
95, 41551, 1.5, 70.0, 1583455998, 2020-03-06 00:53:18, 14, 15, 2.61798269366, -54.0022964392, 489.23009375
96, 41552, 1.5, 70.0, 1583456178, 2020-03-06 00:56:18, 0, 13, 13.9763334977, -56.2487183362, 488.0446875
97, 41553, 0.002, 70.0, 1583456356, 2020-03-06 00:59:16, 0, 11, 25.2046821096, -58.6253372991, 488.4618125
98, 41554, 0.002, 70.0, 1583456536, 2020-03-06 01:02:16, 0, 9, 36.5416042624, -61.3728901754, 490.212875
99, 41555, 0.002, 70.0, 1583456896, 2020-03-06 01:08:16, 7, 5, 59.0337143095, -69.7751430044, 495.88478125
100, 41556, 0.002, 70.0, 1583457076, 2020-03-06 01:11:16, 0, 4, 69.9616413197, -78.7905897265, 498.75959375
101, 41557, 0.002, 70.0, 1583457256, 2020-03-06 01:14:16, 0, 3, 79.7173985854, -104.016199536, 501.05321875
102, 41558, 0.002, 70.0, 1583457436, 2020-03-06 01:17:16, 0, 3, 81.5506691697, -179.750470854, 502.48953125
103, 41559, 0.002, 70.0, 1583458383, 2020-03-06 01:33:03, 0, 20, 25.3467380915, 119.887072976, 500.3581875
104, 41560, 0.002, 70.0, 1583458563, 2020-03-06 01:36:03, 0, 17, 14.0331760395, 117.487518238, 500.82171875
105, 41561, 0.002, 70.0, 1583458743, 2020-03-06 01:39:03, 0, 16, 2.71779715719, 115.246191662, 502.382625
106, 41562, 0.002, 70.0, 1583458923, 2020-03-06 01:42:03, 0, 16, -8.59133722468, 113.033982183, 505.09584375
107, 41563, 0.002, 70.0, 1583459721, 2020-03-06 01:55:21, 8, 18, -58.3648748653, 98.7796027828, 523.3425625
108, 41564, 0.002, 70.0, 1583459901, 2020-03-06 01:58:21, 0, 19, -69.2342671543, 90.2583339075, 525.900875
109, 41565, 0.002, 70.0, 1583460081, 2020-03-06 02:01:21, 0, 20, -79.0907833707, 67.4977393694, 526.837375
110, 41566, 0.002, 70.0, 1583460261, 2020-03-06 02:04:21, 0, 20, -81.9818795026, -5.58843601874, 525.92325
111, 41567, 0.002, 70.0, 1583460441, 2020-03-06 02:07:21, 22, 21, -73.6501415465, -46.1955643887, 523.15821875
112, 41568, 0.002, 70.0, 1583460621, 2020-03-06 02:10:21, 15, 22, -63.0095196135, -58.3121184842, 518.77653125
113, 41569, 0.002, 70.0, 1583460801, 2020-03-06 02:13:21, 40, 23, -51.9437491406, -64.229493852, 513.2190625
114, 41570, 0.002, 70.0, 1583460981, 2020-03-06 02:16:21, 15, 22, -40.733240129, -68.0742005051, 507.07434375
115, 41571, 0.002, 70.0, 1583461161, 2020-03-06 02:19:21, 6, 21, -29.4543882446, -71.0164137727, 500.9981875
116, 41572, 0.002, 70.0, 1583461341, 2020-03-06 02:22:21, 33, 20, -18.136966282, -73.5157917255, 495.6231875
117, 41573, 0.002, 70.0, 1583461521, 2020-03-06 02:25:21, 0, 19, -6.79614665253, -75.8010569083, 491.47246875
118, 41574, 1.5, 70.0, 1583461703, 2020-03-06 02:28:23, 7, 17, 4.68416294209, -78.0404232199, 488.87065625
119, 41575, 1.5, 70.0, 1583461883, 2020-03-06 02:31:23, 27, 15, 16.0426509902, -80.3050407408, 487.99690625
120, 41576, 1.5, 70.0, 1583462063, 2020-03-06 02:34:23, 10, 13, 27.3951049931, -82.7561975581, 488.7023125
121, 41577, 0.002, 70.0, 1583462241, 2020-03-06 02:37:21, 0, 11, 38.6006296742, -85.5677971182, 490.64409375
122, 41578, 0.002, 70.0, 1583462421, 2020-03-06 02:40:21, 1, 9, 49.8833337853, -89.2028033035, 493.40784375
123, 41579, 0.002, 70.0, 1583462601, 2020-03-06 02:43:21, 3, 7, 61.0509833598, -94.6143758425, 496.4470625
124, 41580, 0.002, 70.0, 1583462781, 2020-03-06 02:46:21, 0, 6, 71.8820856084, -105.05800146, 499.25009375
125, 41581, 0.002, 70.0, 1583462961, 2020-03-06 02:49:21, 0, 5, 81.0537729077, -137.407942534, 501.40759375
126, 41582, 0.002, 70.0, 1583463141, 2020-03-06 02:52:21, 1, 6, 80.3443211587, 145.633061238, 502.67715625
127, 41583, 0.002, 70.0, 1583463321, 2020-03-06 02:55:21, 12, 7, 70.8285767404, 117.516150391, 503.018
128, 41584, 0.002, 70.0, 1583463501, 2020-03-06 02:58:21, 4, 8, 59.9580779607, 107.911476909, 502.59040625
129, 41585, 1.5, 70.0, 1583463683, 2020-03-06 03:01:23, 233, 9, 48.6737106985, 102.717281971, 501.7099375
130, 41586, 1.5, 70.0, 1583463863, 2020-03-06 03:04:23, 6, 10, 37.4151513061, 99.2050757567, 500.82878125
131, 41587, 1.5, 70.0, 1583464043, 2020-03-06 03:07:23, 11, 10, 26.1172841751, 96.4254073309, 500.38978125
132, 41588, 1.5, 70.0, 1583464223, 2020-03-06 03:10:23, 3, 11, 14.8043052505, 94.0092893841, 500.78184375
133, 41590, 0.002, 70.0, 1583465617, 2020-03-06 03:33:37, 2, 20, -71.787583111, 63.2608432542, 526.2690625
134, 41591, 0.002, 70.0, 1583465797, 2020-03-06 03:36:37, 4, 22, -80.9430692016, 31.769501354, 526.764
135, 41592, 0.002, 70.0, 1583465977, 2020-03-06 03:39:37, 7, 23, -80.518292907, -44.9330517321, 525.387375
136, 41593, 0.002, 70.0, 1583466157, 2020-03-06 03:42:37, 8, 23, -71.1422395176, -73.8914862808, 522.19671875
137, 41594, 0.002, 70.0, 1583466337, 2020-03-06 03:45:37, 42, 24, -60.3422214599, -83.7009971353, 517.48053125
138, 41595, 0.002, 70.0, 1583466517, 2020-03-06 03:48:37, 3, 23, -49.2286020968, -88.9241520759, 511.7220625
139, 41596, 0.002, 70.0, 1583466697, 2020-03-06 03:51:37, 7, 23, -37.9971004988, -92.483472935, 505.53421875
140, 41597, 0.002, 70.0, 1583466877, 2020-03-06 03:54:37, 1, 21, -26.7068541513, -95.2885701551, 499.57546875
141, 41598, 0.002, 70.0, 1583467057, 2020-03-06 03:57:37, 0, 20, -15.3825422353, -97.7195779143, 494.4593125
142, 41599, 0.002, 70.0, 1583467237, 2020-03-06 04:00:37, 0, 18, -4.03757838864, -99.976169963, 490.670625
143, 41600, 0.002, 70.0, 1583467417, 2020-03-06 04:03:37, 0, 16, 7.31848878433, -102.191780877, 488.5019375
144, 41601, 0.002, 70.0, 1583467597, 2020-03-06 04:06:37, 0, 14, 18.6766451414, -104.485993607, 488.01853125
145, 41602, 0.002, 70.0, 1583467777, 2020-03-06 04:09:37, 0, 12, 30.0258360214, -107.00593726, 489.0580625
146, 41603, 0.002, 70.0, 1583467957, 2020-03-06 04:12:37, 5, 10, 41.3488963053, -109.990443059, 491.2644375
147, 41604, 0.002, 70.0, 1583468137, 2020-03-06 04:15:37, 1, 9, 52.6122914716, -113.927965152, 494.15109375
148, 41605, 0.002, 70.0, 1583468497, 2020-03-06 04:21:37, 0, 5, 74.3835262783, -133.121138227, 499.86703125
149, 41606, 0.002, 70.0, 1583468677, 2020-03-06 04:24:37, 0, 5, 82.305514356, -178.537265333, 501.82815625
150, 41607, 0.002, 70.0, 1583468857, 2020-03-06 04:27:37, 31, 5, 78.3426864114, 111.286396321, 502.87128125
151, 41608, 0.002, 70.0, 1583469037, 2020-03-06 04:30:37, 6, 5, 68.2378040262, 90.7847570773, 503.0058125
152, 41609, 0.002, 70.0, 1583469217, 2020-03-06 04:33:37, 1, 5, 57.2613246163, 82.7849799752, 502.43665625
153, 41610, 1.5, 70.0, 1583469399, 2020-03-06 04:36:39, 7, 5, 45.943731899, 78.1286146224, 501.51103125
154, 41611, 1.5, 70.0, 1583469579, 2020-03-06 04:39:39, 32, 7, 34.672335166, 74.8459437455, 500.6953125
155, 41612, 1.5, 70.0, 1583469759, 2020-03-06 04:42:39, 4, 8, 23.3692975818, 72.1790349127, 500.42375
156, 41613, 1.5, 70.0, 1583469939, 2020-03-06 04:45:39, 5, 10, 12.0548809023, 69.8182278377, 501.05865625
157, 41614, 1.5, 70.0, 1583470119, 2020-03-06 04:48:39, 9, 11, 0.740212946663, 67.5905343194, 502.813125
158, 41615, 0.002, 70.0, 1583470993, 2020-03-06 05:03:13, 6, 18, -53.9021282999, 53.7013480591, 521.92003125
159, 41616, 0.002, 70.0, 1583471173, 2020-03-06 05:06:13, 26, 20, -64.90461024, 47.1756692137, 525.0105625
160, 41617, 0.002, 70.0, 1583471353, 2020-03-06 05:09:13, 2, 21, -75.3762396326, 32.8435451858, 526.6294375
161, 41618, 0.002, 70.0, 1583471533, 2020-03-06 05:12:13, 1, 22, -82.560027695, -18.2007124375, 526.4656875
162, 41619, 0.002, 70.0, 1583471713, 2020-03-06 05:15:13, 55, 23, -77.5707999032, -83.4743031568, 524.4245
163, 41620, 0.002, 70.0, 1583471893, 2020-03-06 05:18:13, 10, 24, -67.3815305309, -101.928798103, 520.64734375
164, 41621, 0.002, 70.0, 1583472073, 2020-03-06 05:21:13, 14, 25, -56.4271365376, -109.480965588, 515.4975625
165, 41622, 0.002, 70.0, 1583472253, 2020-03-06 05:24:13, 2, 25, -45.2604978311, -113.944323455, 509.51303125
166, 41623, 0.002, 70.0, 1583472433, 2020-03-06 05:27:13, 0, 25, -34.0039499294, -117.172509913, 503.33303125
167, 41624, 0.002, 70.0, 1583472613, 2020-03-06 05:30:13, 0, 23, -22.6995428922, -119.814727612, 497.610375
168, 41625, 0.002, 70.0, 1583472793, 2020-03-06 05:33:13, 0, 22, -11.3665907869, -122.166033894, 492.9216875
169, 41626, 1.5, 70.0, 1583472975, 2020-03-06 05:36:15, 12, 20, 0.109560603193, -124.418999112, 489.6628125
170, 41627, 1.5, 70.0, 1583473155, 2020-03-06 05:39:15, 10, 18, 11.4675384215, -126.648960253, 488.1201875
171, 41628, 0.002, 70.0, 1583473333, 2020-03-06 05:42:13, 0, 16, 22.6978063166, -128.978164043, 488.21978125
172, 41629, 0.002, 70.0, 1583473873, 2020-03-06 05:51:13, 5, 10, 56.5742622274, -139.375487808, 495.247375
173, 41630, 0.002, 70.0, 1583474053, 2020-03-06 05:54:13, 20, 8, 67.5914632252, -147.057947981, 498.21378125
174, 41631, 0.002, 70.0, 1583474233, 2020-03-06 05:57:13, 0, 7, 77.8111132789, -166.159965351, 500.68109375
175, 41632, 0.002, 70.0, 1583474413, 2020-03-06 06:00:13, 0, 7, 82.4841101424, 126.548351567, 502.33321875
176, 41633, 0.002, 70.0, 1583474593, 2020-03-06 06:03:13, 4, 8, 74.9781420568, 77.468756877, 503.04590625
177, 41634, 0.002, 70.0, 1583474773, 2020-03-06 06:06:13, 2, 8, 64.3938486939, 63.6590842639, 502.90053125
178, 41635, 0.002, 70.0, 1583474953, 2020-03-06 06:09:13, 1, 8, 53.3119487293, 57.2866475427, 502.1625625
179, 41636, 1.5, 70.0, 1583475135, 2020-03-06 06:12:15, 2, 8, 41.9580842923, 53.2304270065, 501.218375
180, 41637, 1.5, 70.0, 1583475315, 2020-03-06 06:15:15, 3, 9, 30.6722485395, 50.2166231111, 500.54515625
181, 41638, 1.5, 70.0, 1583475855, 2020-03-06 06:24:15, 13, 12, -3.26460225183, 43.1747322287, 503.7295
182, 41639, 0.002, 70.0, 1583476626, 2020-03-06 06:37:06, 33, 16, -51.4755772391, 31.0919158526, 521.0845625
183, 41640, 0.002, 70.0, 1583476806, 2020-03-06 06:40:06, 13, 16, -62.5280937299, 25.3209131463, 524.4313125
184, 41641, 0.002, 70.0, 1583476986, 2020-03-06 06:43:06, 54, 17, -73.1881885322, 13.7076108039, 526.399
185, 41642, 0.002, 70.0, 1583477166, 2020-03-06 06:46:06, 1, 19, -81.7557660901, -24.3724508801, 526.635625
186, 41643, 0.002, 70.0, 1583477346, 2020-03-06 06:49:06, 23, 20, -79.470200379, -98.8729236574, 524.9965625
187, 41644, 0.002, 70.0, 1583477526, 2020-03-06 06:52:06, 5, 22, -69.7100239809, -123.02523071, 521.57178125
188, 41645, 0.002, 70.0, 1583477706, 2020-03-06 06:55:06, 1, 23, -58.8420113901, -131.844862739, 516.679375
189, 41646, 0.002, 70.0, 1583477886, 2020-03-06 06:58:06, 3, 24, -47.7058763084, -136.746261128, 510.82471875
190, 41647, 0.002, 70.0, 1583478066, 2020-03-06 07:01:06, 0, 23, -36.4639006153, -140.167912695, 504.632125
191, 41648, 1.5, 70.0, 1583478248, 2020-03-06 07:04:08, 18, 22, -25.0420245697, -142.933811459, 498.69815625
192, 41649, 1.5, 70.0, 1583478428, 2020-03-06 07:07:08, 33, 20, -13.7137972477, -145.329035857, 493.75846875
193, 41650, 1.5, 70.0, 1583478608, 2020-03-06 07:10:08, 0, 18, -2.36648979237, -147.572028999, 490.204625
194, 41651, 0.002, 70.0, 1583478786, 2020-03-06 07:13:06, 0, 16, 8.86437489049, -149.76658244, 488.30846875
195, 41652, 0.002, 70.0, 1583478966, 2020-03-06 07:16:06, 0, 14, 20.2221205824, -152.081702379, 488.05896875
196, 41653, 0.002, 70.0, 1583479146, 2020-03-06 07:19:06, 1, 12, 31.5690113963, -154.647626865, 489.2948125
197, 41654, 0.002, 70.0, 1583479326, 2020-03-06 07:22:06, 0, 10, 42.8865016608, -157.724189954, 491.6374375
198, 41655, 0.002, 70.0, 1583479506, 2020-03-06 07:25:06, 14, 8, 54.1371482791, -161.859323081, 494.58803125
199, 41656, 0.002, 70.0, 1583479866, 2020-03-06 07:31:06, 0, 4, 75.7391207529, 176.506363225, 500.226
200, 41657, 0.002, 70.0, 1583480046, 2020-03-06 07:34:06, 0, 4, 82.6322159643, 122.432315649, 502.07790625
201, 41658, 0.002, 70.0, 1583480226, 2020-03-06 07:37:06, 0, 5, 77.0962383597, 59.5067049095, 502.9988125
202, 41659, 0.002, 70.0, 1583480406, 2020-03-06 07:40:06, 9, 6, 66.7690947888, 42.0548100163, 503.02578125
203, 41660, 0.002, 70.0, 1583480585, 2020-03-06 07:43:05, 0, 8, 55.8086902291, 34.7908628538, 502.3923125
204, 41661, 0.002, 70.0, 1583480766, 2020-03-06 07:46:06, 0, 10, 44.5389737227, 30.3975588217, 501.45765625
205, 41662, 0.002, 70.0, 1583480946, 2020-03-06 07:49:06, 0, 12, 33.262133329, 27.2176908295, 500.68309375
206, 41663, 1.5, 70.0, 1583481128, 2020-03-06 07:52:08, 2, 14, 21.8313387639, 24.5747064418, 500.50421875
207, 41664, 1.5, 70.0, 1583481308, 2020-03-06 07:55:08, 13, 15, 10.5165148345, 22.2404995385, 501.27465625
208, 41665, 0.002, 70.0, 1583482191, 2020-03-06 08:09:51, 13, 22, -44.8201111391, 9.85622593332, 518.63065625
209, 41666, 0.002, 70.0, 1583482371, 2020-03-06 08:12:51, 4, 25, -55.9647327309, 5.47419683602, 522.56046875
210, 41667, 0.002, 70.0, 1583482551, 2020-03-06 08:15:51, 4, 27, -66.9139289502, -1.85516454225, 525.3978125
211, 41668, 0.002, 70.0, 1583482731, 2020-03-06 08:18:51, 56, 28, -77.1588916849, -19.3770981162, 526.692625
212, 41669, 0.002, 70.0, 1583482911, 2020-03-06 08:21:51, 0, 30, -82.6325711341, -82.0811699625, 526.1715625
213, 41670, 0.002, 70.0, 1583483091, 2020-03-06 08:24:51, 1, 31, -75.8098610221, -136.005854962, 523.7835625
214, 41671, 0.002, 70.0, 1583483271, 2020-03-06 08:27:51, 13, 32, -65.372655783, -151.02382902, 519.71371875
215, 41672, 0.002, 70.0, 1583483451, 2020-03-06 08:30:51, 8, 32, -54.3603212951, -157.729449199, 514.36246875
216, 41673, 0.002, 70.0, 1583483631, 2020-03-06 08:33:51, 0, 32, -43.1713956812, -161.88094746, 508.29278125
217, 41674, 1.5, 70.0, 1583483813, 2020-03-06 08:36:53, 27, 31, -31.7781005622, -164.9976584, 502.08721875
218, 41675, 1.5, 70.0, 1583483993, 2020-03-06 08:39:53, 0, 29, -20.4667113641, -167.565003565, 496.5329375
219, 41676, 1.5, 70.0, 1583484173, 2020-03-06 08:42:53, 1, 26, -9.12944855573, -169.880984109, 492.11240625
220, 41677, 1.5, 70.0, 1583484353, 2020-03-06 08:45:53, 6, 24, 2.22293244953, -172.100317475, 489.2101875
221, 41678, 1.5, 70.0, 1583484533, 2020-03-06 08:48:53, 0, 21, 13.5814828231, -174.34377507, 487.99509375
222, 41679, 0.002, 70.0, 1583484711, 2020-03-06 08:51:51, 0, 19, 24.8103104021, -176.712402712, 488.3913125
223, 41680, 0.002, 70.0, 1583484891, 2020-03-06 08:54:51, 0, 17, 36.148212687, -179.443494832, 490.135125
224, 41681, 0.002, 70.0, 1583485071, 2020-03-06 08:57:51, 1, 14, 47.4450518746, 177.146502215, 492.79403125
225, 41682, 0.002, 70.0, 1583485251, 2020-03-06 09:00:51, 8, 12, 58.6472895271, 172.265826619, 495.84375
226, 41683, 0.002, 70.0, 1583485431, 2020-03-06 09:03:51, 6, 10, 69.5908303497, 163.486123877, 498.7599375
227, 41684, 0.002, 70.0, 1583485611, 2020-03-06 09:06:51, 0, 8, 79.4387951692, 139.366772486, 501.1004375
228, 41685, 0.002, 70.0, 1583486545, 2020-03-06 09:22:25, 0, 6, 37.8499509034, 4.78358317564, 500.9085
229, 41686, 0.002, 70.0, 1583486725, 2020-03-06 09:25:25, 2, 7, 26.553174895, 1.98432213878, 500.42821875
230, 41687, 0.002, 70.0, 1583486905, 2020-03-06 09:28:25, 0, 8, 15.2405852912, -0.441491181576, 500.76446875
231, 41688, 0.002, 70.0, 1583487085, 2020-03-06 09:31:25, 0, 11, 3.92507364708, -2.692947008, 502.1785625
232, 41689, 0.002, 70.0, 1583487265, 2020-03-06 09:34:25, 1, 13, -7.3850421476, -4.90268587993, 504.7479375
233, 41690, 0.002, 70.0, 1583487445, 2020-03-06 09:37:25, 0, 14, -18.6826761985, -7.18901827976, 508.34365625
234, 41691, 0.002, 70.0, 1583487625, 2020-03-06 09:40:25, 9, 15, -29.9593577903, -9.69662661056, 512.64075
235, 41692, 0.002, 70.0, 1583487805, 2020-03-06 09:43:25, 154, 15, -41.2012037098, -12.6586713324, 517.15971875
236, 41693, 0.002, 70.0, 1583487985, 2020-03-06 09:46:25, 17, 16, -52.3789927001, -16.5478681302, 521.3330625
237, 41694, 0.002, 70.0, 1583488165, 2020-03-06 09:49:25, 13, 18, -63.4144815294, -22.5793298553, 524.5876875
238, 41695, 0.002, 70.0, 1583488345, 2020-03-06 09:52:25, 18, 20, -74.0123533083, -35.1003694609, 526.430375
239, 41696, 0.002, 70.0, 1583488525, 2020-03-06 09:55:25, 5, 21, -82.1363647212, -77.7173211212, 526.523875
240, 41697, 0.002, 70.0, 1583488885, 2020-03-06 10:01:25, 0, 24, -68.847015919, -171.298767456, 521.19303125
241, 41698, 0.002, 70.0, 1583489065, 2020-03-06 10:04:25, 3, 25, -57.9438824955, -179.605506919, 516.2125
242, 41699, 0.002, 70.0, 1583489245, 2020-03-06 10:07:25, 0, 25, -46.7956169978, 175.666605127, 510.317625
243, 41700, 0.002, 70.0, 1583489425, 2020-03-06 10:10:25, 0, 24, -35.5479278515, 172.320755001, 504.138375
244, 41701, 1.5, 70.0, 1583489607, 2020-03-06 10:13:27, 23, 22, -24.1228330792, 169.592490579, 498.27046875
245, 41702, 1.5, 70.0, 1583489787, 2020-03-06 10:16:27, 32, 20, -12.7927248939, 167.215420823, 493.439125
246, 41703, 1.5, 70.0, 1583489967, 2020-03-06 10:19:27, 28, 18, -1.44439472447, 164.978834399, 490.02159375
247, 41704, 1.5, 70.0, 1583490147, 2020-03-06 10:22:27, 1, 16, 9.91295919211, 162.756140579, 488.25953125
248, 41705, 1.5, 70.0, 1583490327, 2020-03-06 10:25:27, 4, 14, 21.2701004123, 160.425352185, 488.16421875
249, 41706, 0.002, 70.0, 1583490505, 2020-03-06 10:28:25, 0, 12, 32.4891232547, 157.856941511, 489.502375
250, 41707, 0.002, 70.0, 1583490685, 2020-03-06 10:31:25, 0, 10, 43.8028193492, 154.721160682, 491.9154375
251, 41708, 0.002, 70.0, 1583490865, 2020-03-06 10:34:25, 1, 8, 55.0449623819, 150.457073584, 494.8908125
252, 41709, 0.002, 70.0, 1583491045, 2020-03-06 10:37:25, 6, 6, 66.106081496, 143.437005156, 497.8948125
253, 41710, 0.002, 70.0, 1583491225, 2020-03-06 10:40:25, 0, 5, 76.5265869226, 127.110763003, 500.45278125
254, 41711, 0.002, 70.0, 1583491405, 2020-03-06 10:43:25, 0, 5, 82.6754032504, 67.835212186, 502.22540625
255, 41712, 0.002, 70.0, 1583491585, 2020-03-06 10:46:25, 0, 6, 76.3234570967, 9.93213409443, 503.06071875
256, 41713, 0.002, 70.0, 1583491765, 2020-03-06 10:49:25, 9, 7, 65.8887721974, -6.01062111034, 503.01259375
257, 41714, 1.5, 70.0, 1583492127, 2020-03-06 10:55:27, 61, 10, 43.5014031011, -17.2013908752, 501.36778125
258, 41715, 1.5, 70.0, 1583492307, 2020-03-06 10:58:27, 5, 12, 32.2207275562, -20.3111094096, 500.61871875
259, 41716, 1.5, 70.0, 1583492487, 2020-03-06 11:01:27, 3, 13, 20.9140597264, -22.8919851796, 500.50003125
260, 41717, 1.5, 70.0, 1583492667, 2020-03-06 11:04:27, 7, 15, 9.59886952807, -25.2117086667, 501.3474375
261, 41718, 1.5, 70.0, 1583492847, 2020-03-06 11:07:27, 5, 16, -1.71478889363, -27.4276064483, 503.3355
262, 41719, 0.002, 70.0, 1583524747, 2020-03-06 19:59:07, 0, 14, 45.5923289115, 12.3334356534, 492.4006875
263, 41720, 0.002, 70.0, 1583525106, 2020-03-06 20:05:06, 0, 11, 67.7651890867, 0.0531729693208, 498.43328125
264, 41721, 0.002, 70.0, 1583525286, 2020-03-06 20:08:06, 0, 10, 77.9571495535, -19.4171383926, 500.9183125
265, 41722, 0.002, 70.0, 1583525466, 2020-03-06 20:11:06, 0, 10, 82.4412507053, -87.53348458, 502.57621875
266, 41723, 0.002, 70.0, 1583525646, 2020-03-06 20:14:06, 0, 11, 74.819497253, -135.600210027, 503.28521875
267, 41724, 0.002, 70.0, 1583525826, 2020-03-06 20:17:06, 15, 13, 64.2207853608, -149.190606247, 503.1294375
268, 41725, 0.002, 70.0, 1583526006, 2020-03-06 20:20:06, 3, 14, 53.1358869431, -155.504159908, 502.37678125
269, 41726, 0.002, 70.0, 1583526186, 2020-03-06 20:23:06, 0, 16, 41.9065710056, -159.499916194, 501.42521875
270, 41727, 0.002, 70.0, 1583526366, 2020-03-06 20:26:06, 0, 17, 30.6212304415, -162.510485995, 500.72778125
271, 41728, 1.5, 70.0, 1583526548, 2020-03-06 20:29:08, 1, 19, 19.1873793667, -165.068282556, 500.71365625
272, 41729, 1.5, 70.0, 1583526728, 2020-03-06 20:32:08, 3, 21, 7.87234370141, -167.363417362, 501.7023125
273, 41730, 1.5, 70.0, 1583526908, 2020-03-06 20:35:08, 12, 22, -3.44003523375, -169.574322275, 503.8360625
274, 41731, 1.5, 70.0, 1583527088, 2020-03-06 20:38:08, 10, 24, -14.7425500951, -171.819733304, 507.0599375
275, 41732, 1.5, 70.0, 1583527268, 2020-03-06 20:41:08, 24, 26, -26.0275576875, -174.229970458, 511.11590625
276, 41733, 0.002, 70.0, 1583527446, 2020-03-06 20:44:06, 0, 27, -37.158899684, -176.96328922, 515.5238125
277, 41734, 0.002, 70.0, 1583527626, 2020-03-06 20:47:06, 0, 29, -48.3650646953, 179.563692501, 519.844375
278, 41735, 0.002, 70.0, 1583527806, 2020-03-06 20:50:06, 4, 30, -59.4675815859, 174.540648443, 523.450125
279, 41736, 0.002, 70.0, 1583527986, 2020-03-06 20:53:06, 4, 32, -70.2927962114, 165.349850274, 525.8110625
280, 41737, 0.002, 70.0, 1583528166, 2020-03-06 20:56:06, 0, 34, -79.9044911271, 139.419884037, 526.5276875
281, 41738, 0.002, 70.0, 1583528346, 2020-03-06 20:59:06, 0, 35, -81.4553060686, 63.6792674729, 525.39425
282, 41739, 0.002, 70.0, 1583528526, 2020-03-06 21:02:06, 31, 36, -72.6236733974, 28.3756589031, 522.43540625
283, 41740, 0.002, 70.0, 1583528706, 2020-03-06 21:05:06, 0, 36, -61.9090668553, 17.3096527887, 517.9086875
284, 41741, 0.002, 70.0, 1583528886, 2020-03-06 21:08:06, 9, 36, -50.8210265507, 11.6998988957, 512.27321875
285, 41742, 0.002, 70.0, 1583529066, 2020-03-06 21:11:06, 21, 35, -39.6003508025, 7.97983551101, 506.128
286, 41743, 0.002, 70.0, 1583529246, 2020-03-06 21:14:06, 12, 34, -28.3156386158, 5.09713282784, 500.12990625
287, 41744, 0.002, 70.0, 1583529426, 2020-03-06 21:17:06, 1, 31, -16.9944327283, 2.6275026967, 494.9030625
288, 41745, 1.5, 70.0, 1583529608, 2020-03-06 21:20:08, 16, 29, -5.52503991042, 0.330352024283, 490.91815625
289, 41746, 1.5, 70.0, 1583529788, 2020-03-06 21:23:08, 0, 27, 5.83050902195, -1.88393991578, 488.58528125
290, 41747, 1.5, 70.0, 1583529968, 2020-03-06 21:26:08, 54, 24, 17.1891904498, -4.16052478189, 487.94628125
291, 41748, 1.5, 70.0, 1583530148, 2020-03-06 21:29:08, 0, 22, 28.5403791602, -6.64017544087, 488.864875
292, 41749, 1.5, 70.0, 1583530331, 2020-03-06 21:32:11, 4, 19, 40.0565391371, -9.59792866952, 491.04825
293, 41750, 0.002, 70.0, 1583530506, 2020-03-06 21:35:06, 0, 17, 51.0172373949, -13.261430404, 493.85553125
294, 41751, 0.002, 70.0, 1583530686, 2020-03-06 21:38:06, 0, 15, 62.1653628737, -18.9613359637, 496.950375
295, 41752, 0.002, 70.0, 1583530866, 2020-03-06 21:41:06, 0, 13, 72.9299868911, -30.3664165742, 499.7533125
296, 41753, 0.002, 70.0, 1583531046, 2020-03-06 21:44:06, 0, 12, 81.6617280456, -67.6418768514, 501.86759375
297, 41754, 0.002, 70.0, 1583531226, 2020-03-06 21:47:06, 0, 10, 79.5586308382, -142.903458098, 503.06859375
298, 41755, 0.002, 70.0, 1583531406, 2020-03-06 21:50:06, 21, 9, 69.7628213432, -167.471402653, 503.33540625
299, 41756, 0.002, 70.0, 1583531586, 2020-03-06 21:53:06, 1, 9, 58.8451805979, -176.349569403, 502.84653125
300, 41757, 0.002, 70.0, 1583531766, 2020-03-06 21:56:06, 9, 9, 47.6718995323, 178.737854329, 501.9415625
301, 41758, 0.002, 70.0, 1583531946, 2020-03-06 21:59:06, 0, 10, 36.4092693472, 175.315123593, 501.0555
302, 41759, 1.5, 70.0, 1583532128, 2020-03-06 22:02:08, 23, 11, 24.9845707259, 172.551164602, 500.63746875
303, 41760, 1.5, 70.0, 1583532308, 2020-03-06 22:05:08, 15, 13, 13.6716353438, 170.159259676, 501.0805625
304, 41762, 1.5, 70.0, 1583532668, 2020-03-06 22:11:08, 5, 16, -8.95139406182, 165.707738526, 505.295625
305, 41763, 1.5, 70.0, 1583532848, 2020-03-06 22:14:08, 10, 16, -20.2464275182, 163.400582587, 508.9629375
306, 41764, 1.5, 70.0, 1583533028, 2020-03-06 22:17:08, 37, 17, -31.5192022418, 160.847102706, 513.27075
307, 41765, 0.002, 70.0, 1583533206, 2020-03-06 22:20:06, 1, 19, -42.630010982, 157.831669811, 517.6766875
308, 41766, 0.002, 70.0, 1583533386, 2020-03-06 22:23:06, 0, 21, -53.7960315565, 153.763773066, 521.713875
309, 41767, 0.002, 70.0, 1583533566, 2020-03-06 22:26:06, 1, 22, -64.8015904968, 147.274697204, 524.7669375
310, 41768, 0.002, 70.0, 1583533746, 2020-03-06 22:29:06, 0, 23, -75.2836495882, 133.079760941, 526.360375
311, 41769, 0.002, 70.0, 1583533926, 2020-03-06 22:32:06, 3, 23, -82.540821203, 82.6286847565, 526.1828125
312, 41770, 0.002, 70.0, 1583534106, 2020-03-06 22:35:06, 17, 23, -77.6557196451, 16.8393703587, 524.1385
313, 41771, 0.002, 70.0, 1583534286, 2020-03-06 22:38:06, 0, 23, -67.4801174813, -1.81653960906, 520.3675625
314, 41772, 0.002, 70.0, 1583534466, 2020-03-06 22:41:06, 8, 23, -56.5278579222, -9.41568300078, 515.23184375
315, 41773, 0.002, 70.0, 1583534646, 2020-03-06 22:44:06, 159, 22, -45.3613660647, -13.8957671476, 509.2679375
316, 41774, 0.002, 70.0, 1583534826, 2020-03-06 22:47:06, 13, 21, -34.1044390876, -17.1314343702, 503.11415625
317, 41775, 0.002, 70.0, 1583535006, 2020-03-06 22:50:06, 8, 20, -22.7995180786, -19.7773557392, 497.422625
318, 41776, 0.002, 70.0, 1583535186, 2020-03-06 22:53:06, 0, 18, -11.4660639544, -22.1304361627, 492.76959375
319, 41777, 1.5, 70.0, 1583535368, 2020-03-06 22:56:08, 1, 17, 0.0105119137616, -24.3839324281, 489.55121875
320, 41778, 1.5, 70.0, 1583535548, 2020-03-06 22:59:08, 5, 15, 11.3687986456, -26.6133761824, 488.05284375
321, 41779, 1.5, 70.0, 1583535728, 2020-03-06 23:02:08, 0, 13, 22.7254002809, -28.9682529456, 488.21
322, 41780, 1.5, 70.0, 1583535908, 2020-03-06 23:05:08, 38, 11, 34.0677097453, -31.6184858715, 489.7829375
323, 41781, 0.002, 70.0, 1583536086, 2020-03-06 23:08:06, 0, 9, 45.2492143586, -34.8233404033, 492.3255
324, 41782, 0.002, 70.0, 1583536266, 2020-03-06 23:11:06, 0, 7, 56.4766485789, -39.3107849327, 495.383375
325, 41783, 0.002, 70.0, 1583536446, 2020-03-06 23:14:06, 0, 6, 67.49631869, -46.9469022728, 498.39978125
326, 41784, 0.002, 70.0, 1583536626, 2020-03-06 23:17:06, 0, 5, 77.7299638014, -65.8477910624, 500.91184375
327, 41786, 1.5, 70.0, 1583537745, 2020-03-06 23:35:45, 52, 6, 28.4550205786, 149.706913907, 500.7160625
328, 41787, 1.5, 70.0, 1583537925, 2020-03-06 23:38:45, 20, 7, 17.1447856825, 147.235246032, 500.86053125
329, 41788, 1.5, 70.0, 1583538105, 2020-03-06 23:41:45, 7, 8, 5.8297850219, 144.96482285, 502.0414375
330, 41789, 1.5, 70.0, 1583538285, 2020-03-06 23:44:45, 17, 9, -5.48121101341, 142.756308503, 504.37125
331, 41790, 1.5, 70.0, 1583538465, 2020-03-06 23:47:45, 21, 10, -16.7811088451, 140.491772944, 507.75796875
332, 41791, 1.5, 70.0, 1583538645, 2020-03-06 23:50:45, 81, 11, -28.0618953806, 138.034257221, 511.9096875
333, 41792, 0.002, 70.0, 1583538823, 2020-03-06 23:53:43, 0, 13, -39.1863047351, 135.207405848, 516.32190625
334, 41793, 0.002, 70.0, 1583539592, 2020-03-07 00:06:32, 0, 16, -82.4560722158, 61.9770545583, 526.192875
335, 41794, 0.002, 70.0, 1583539772, 2020-03-07 00:09:32, 28, 18, -77.9707962715, -5.63851112375, 524.20928125
336, 41795, 0.002, 70.0, 1583539952, 2020-03-07 00:12:32, 0, 20, -67.852649659, -25.0763650532, 520.49140625
337, 41796, 0.002, 70.0, 1583540132, 2020-03-07 00:15:32, 70, 21, -56.9126673649, -32.8571304321, 515.39415625
338, 41797, 0.002, 70.0, 1583540312, 2020-03-07 00:18:32, 87, 22, -45.7505980549, -37.4017948712, 509.44921875
339, 41798, 0.002, 70.0, 1583540492, 2020-03-07 00:21:32, 133, 21, -34.4957781911, -40.6663964827, 503.29275
340, 41799, 0.002, 70.0, 1583540672, 2020-03-07 00:24:32, 33, 20, -23.1920285596, -43.326680032, 497.577875
341, 41800, 0.002, 70.0, 1583540852, 2020-03-07 00:27:32, 0, 18, -11.8592608694, -45.6866777296, 492.8848125
342, 41801, 1.5, 70.0, 1583541034, 2020-03-07 00:30:34, 89, 16, -0.383048347786, -47.9422964763, 489.615375
343, 41802, 1.5, 70.0, 1583541214, 2020-03-07 00:33:34, 2, 14, 10.9751697211, -50.1697406926, 488.06365625
344, 41803, 1.5, 70.0, 1583541394, 2020-03-07 00:36:34, 33, 12, 22.3320428564, -52.5178606912, 488.1725625
345, 41804, 0.002, 70.0, 1583541572, 2020-03-07 00:39:32, 0, 10, 33.5492437458, -55.1222220667, 489.6854375
346, 41805, 0.002, 70.0, 1583541752, 2020-03-07 00:42:32, 0, 8, 44.8583738588, -58.3307853912, 492.23165625
347, 41806, 0.002, 70.0, 1583541932, 2020-03-07 00:45:32, 6, 6, 56.0898583814, -62.755313633, 495.28771875
348, 41807, 0.002, 70.0, 1583542112, 2020-03-07 00:48:32, 0, 4, 67.1212251914, -70.2153965077, 498.3195625
349, 41808, 0.002, 70.0, 1583542292, 2020-03-07 00:51:32, 0, 3, 77.4097781935, -88.3631544885, 500.8603125
350, 41809, 0.002, 70.0, 1583542472, 2020-03-07 00:54:32, 0, 3, 82.5804021493, -153.262819672, 502.5848125
351, 41810, 0.002, 70.0, 1583542652, 2020-03-07 00:57:32, 15, 3, 75.4122415597, 154.859417371, 503.3585625
352, 41811, 0.002, 70.0, 1583542832, 2020-03-07 01:00:32, 1, 3, 64.8728088792, 140.42049309, 503.25340625
353, 41812, 0.002, 70.0, 1583543012, 2020-03-07 01:03:32, 3, 4, 53.8027080664, 133.88128364, 502.52728125
354, 41813, 1.5, 70.0, 1583543374, 2020-03-07 01:09:34, 38, 7, 31.1704561979, 126.717152862, 500.83540625
355, 41814, 1.5, 70.0, 1583543554, 2020-03-07 01:12:34, 5, 9, 19.8632436605, 124.16943766, 500.76484375
356, 41815, 1.5, 70.0, 1583543734, 2020-03-07 01:15:34, 9, 11, 8.54854096689, 121.86513674, 501.6746875
357, 41816, 1.5, 70.0, 1583543914, 2020-03-07 01:18:34, 6, 13, -2.76402323716, 119.652647223, 503.7236875
358, 41817, 1.5, 70.0, 1583544094, 2020-03-07 01:21:34, 2, 15, -14.0671972118, 117.412673025, 506.86996875
359, 41818, 0.002, 70.0, 1583544968, 2020-03-07 01:36:08, 0, 20, -68.2435960267, 96.8302941147, 525.4130625
360, 41819, 0.002, 70.0, 1583545148, 2020-03-07 01:39:08, 0, 21, -78.2879765961, 76.5539281699, 526.4555
361, 41820, 0.002, 70.0, 1583545328, 2020-03-07 01:42:08, 0, 22, -82.3501633026, 7.2276045797, 525.6731875
362, 41821, 0.002, 70.0, 1583545508, 2020-03-07 01:45:08, 4, 23, -74.5841494248, -38.8529641828, 523.04540625
363, 41822, 0.002, 70.0, 1583545688, 2020-03-07 01:48:08, 19, 23, -64.0203193087, -52.0913358682, 518.7865
364, 41823, 0.002, 70.0, 1583545868, 2020-03-07 01:51:08, 22, 24, -52.9745510447, -58.3228965227, 513.3208125
365, 41824, 0.002, 70.0, 1583546048, 2020-03-07 01:54:08, 61, 24, -41.7715620714, -62.2918579771, 507.22640625
366, 41825, 0.002, 70.0, 1583546228, 2020-03-07 01:57:08, 19, 23, -30.4960877155, -65.2927220792, 501.15584375
367, 41826, 0.002, 70.0, 1583546408, 2020-03-07 02:00:08, 13, 21, -19.1802896304, -67.8214425247, 495.746375
368, 41827, 0.002, 70.0, 1583546588, 2020-03-07 02:03:08, 0, 20, -7.84019143967, -70.1197738593, 491.53234375
369, 41828, 1.5, 70.0, 1583546770, 2020-03-07 02:06:10, 4, 18, 3.63999948041, -72.3605950012, 488.85371875
370, 41829, 1.5, 70.0, 1583546950, 2020-03-07 02:09:10, 18, 16, 14.9989451512, -74.6155136535, 487.909625
371, 41830, 1.5, 70.0, 1583547130, 2020-03-07 02:12:10, 0, 14, 26.3526559089, -77.04245062, 488.5675625
372, 41831, 0.002, 70.0, 1583547308, 2020-03-07 02:15:08, 0, 12, 37.5608563166, -79.8059383276, 490.497875
373, 41832, 0.002, 70.0, 1583547488, 2020-03-07 02:18:08, 0, 10, 48.8495026923, -83.3407388076, 493.29278125
374, 41833, 0.002, 70.0, 1583547668, 2020-03-07 02:21:08, 14, 8, 60.0321650226, -88.5129610276, 496.40565625
375, 41834, 0.002, 70.0, 1583547848, 2020-03-07 02:24:08, 0, 6, 70.9145005201, -98.1890304763, 499.31634375
376, 41835, 0.002, 70.0, 1583548028, 2020-03-07 02:27:08, 0, 5, 80.4099592766, -126.656883273, 501.6005625
377, 41836, 0.002, 70.0, 1583548388, 2020-03-07 02:33:08, 15, 5, 71.7994676402, 124.375695713, 503.44271875
378, 41837, 0.002, 70.0, 1583548568, 2020-03-07 02:36:08, 4, 6, 60.9811719963, 114.011901347, 503.081
379, 41838, 1.5, 70.0, 1583548750, 2020-03-07 02:39:10, 42, 7, 49.713227924, 108.578328769, 502.21321875
380, 41839, 1.5, 70.0, 1583548930, 2020-03-07 02:42:10, 20, 9, 38.4617070416, 104.967159944, 501.28540625
381, 41840, 1.5, 70.0, 1583549110, 2020-03-07 02:45:10, 64, 10, 27.1673984391, 102.139482118, 500.7433125
382, 41841, 1.5, 70.0, 1583549290, 2020-03-07 02:48:10, 13, 12, 15.856224392, 99.6995746224, 500.9865625
383, 41842, 1.5, 70.0, 1583549470, 2020-03-07 02:51:10, 3, 14, 4.541436321, 97.4424703095, 502.28684375
384, 41843, 1.5, 70.0, 1583549650, 2020-03-07 02:54:10, 3, 16, -6.76853945479, 95.2335393209, 504.7345
385, 41844, 0.002, 70.0, 1583550537, 2020-03-07 03:08:57, 4, 22, -62.0203033162, 78.4123748314, 524.02303125
386, 41845, 0.002, 70.0, 1583551077, 2020-03-07 03:17:57, 25, 26, -79.8403761414, -44.0178746854, 524.7554375
387, 41846, 0.002, 70.0, 1583551257, 2020-03-07 03:20:57, 0, 26, -70.1969549969, -69.6780655258, 521.40834375
388, 41847, 0.002, 70.0, 1583551437, 2020-03-07 03:23:57, 2, 26, -59.3493168604, -78.8131635017, 516.588
389, 41848, 0.002, 70.0, 1583551617, 2020-03-07 03:26:57, 17, 27, -48.2193050433, -83.8186608041, 510.79203125
390, 41849, 0.002, 70.0, 1583551797, 2020-03-07 03:29:57, 0, 26, -36.9797028409, -87.285145732, 504.64028125
391, 41850, 0.002, 70.0, 1583551977, 2020-03-07 03:32:57, 0, 25, -25.6845899837, -90.0449041563, 498.789375
392, 41851, 0.002, 70.0, 1583552337, 2020-03-07 03:38:57, 0, 21, -3.01019734208, -94.7013173205, 490.26621875
393, 41852, 0.002, 70.0, 1583552517, 2020-03-07 03:41:57, 0, 19, 8.34677547129, -96.9189636305, 488.33103125
394, 41853, 0.002, 70.0, 1583552697, 2020-03-07 03:44:57, 0, 17, 19.7046944793, -99.2266728149, 488.07759375
395, 41854, 0.002, 70.0, 1583552877, 2020-03-07 03:47:57, 0, 15, 31.0521641517, -101.776546356, 489.32075
396, 41855, 0.002, 70.0, 1583553057, 2020-03-07 03:50:57, 9, 13, 42.3711365672, -104.821014386, 491.68640625
397, 41856, 0.002, 70.0, 1583553237, 2020-03-07 03:53:57, 1, 11, 53.6255739405, -108.886889395, 494.67696875
398, 41857, 0.002, 70.0, 1583553417, 2020-03-07 03:56:57, 6, 9, 64.7209806042, -115.380008728, 497.7551875
399, 41858, 0.002, 70.0, 1583553597, 2020-03-07 03:59:57, 0, 8, 75.2870100413, -129.641197826, 500.4324375
400, 41860, 0.002, 70.0, 1583554137, 2020-03-07 04:08:57, 1, 7, 67.2687641077, 95.2751693239, 503.38090625
401, 41861, 0.002, 70.0, 1583554317, 2020-03-07 04:11:57, 2, 7, 56.2621977145, 87.7556501431, 502.74775
402, 41862, 1.5, 70.0, 1583554499, 2020-03-07 04:14:59, 41, 8, 44.9353876568, 83.2699985383, 501.779625
403, 41863, 1.5, 70.0, 1583554679, 2020-03-07 04:17:59, 9, 9, 33.6609480746, 80.0624187611, 500.94859375
404, 41864, 1.5, 70.0, 1583554859, 2020-03-07 04:20:59, 2, 9, 22.3571659997, 77.4328095914, 500.68603125
405, 41865, 1.5, 70.0, 1583555039, 2020-03-07 04:23:59, 15, 11, 11.0430438722, 75.0900342158, 501.3456875
406, 41866, 1.5, 70.0, 1583555219, 2020-03-07 04:26:59, 45, 13, -0.270793361698, 72.8680165847, 503.1275
407, 41867, 0.002, 70.0, 1583555397, 2020-03-07 04:29:57, 0, 14, -11.4512595194, 70.6693855214, 505.99775
408, 41868, 0.002, 70.0, 1583556242, 2020-03-07 04:44:02, 20, 15, -64.0065564775, 53.3580320156, 524.4825625
409, 41869, 0.002, 70.0, 1583556422, 2020-03-07 04:47:02, 2, 16, -74.55870014, 40.1629193334, 526.1908125
410, 41870, 0.002, 70.0, 1583556602, 2020-03-07 04:50:02, 0, 18, -82.3402390377, -5.71782456104, 526.1484375
411, 41871, 0.002, 70.0, 1583556782, 2020-03-07 04:53:02, 46, 19, -78.3132619564, -75.1984771292, 524.24265625
412, 41872, 0.002, 70.0, 1583556962, 2020-03-07 04:56:02, 4, 19, -68.2630279148, -95.555357344, 520.596375
413, 41873, 0.002, 70.0, 1583557142, 2020-03-07 04:59:02, 10, 19, -57.3371021501, -103.545490219, 515.55615625
414, 41874, 0.002, 70.0, 1583557322, 2020-03-07 05:02:02, 0, 19, -46.1800154631, -108.163654324, 509.64759375
415, 41875, 0.002, 70.0, 1583557502, 2020-03-07 05:05:02, 3, 18, -34.9275827504, -111.460941806, 503.503875
416, 41876, 0.002, 70.0, 1583557682, 2020-03-07 05:08:02, 0, 17, -23.625209402, -114.137399243, 497.77853125
417, 41877, 0.002, 70.0, 1583557862, 2020-03-07 05:11:02, 0, 16, -12.2933176836, -116.505173111, 493.055375
418, 41878, 0.002, 70.0, 1583558042, 2020-03-07 05:14:02, 0, 14, -0.943836093637, -118.73868595, 489.7693125
419, 41879, 1.5, 70.0, 1583558224, 2020-03-07 05:17:04, 11, 13, 10.5402796239, -120.988550262, 488.14128125
420, 41880, 1.5, 70.0, 1583558404, 2020-03-07 05:20:04, 69, 11, 21.8972244762, -123.329338053, 488.20403125
421, 41881, 0.002, 70.0, 1583558582, 2020-03-07 05:23:02, 0, 9, 33.1150247147, -125.918594465, 489.6811875
422, 41882, 0.002, 70.0, 1583558762, 2020-03-07 05:26:02, 6, 7, 44.4257872429, -129.096572202, 492.20634375
423, 41883, 0.002, 70.0, 1583558942, 2020-03-07 05:29:02, 0, 5, 55.6613767091, -133.45344059, 495.25865625
424, 41884, 0.002, 70.0, 1583559122, 2020-03-07 05:32:02, 3, 4, 66.7049251616, -140.726485565, 498.3030625
425, 41885, 0.002, 70.0, 1583559482, 2020-03-07 05:38:02, 0, 3, 82.6383767949, 139.256806441, 502.623375
426, 41886, 0.002, 70.0, 1583559662, 2020-03-07 05:41:02, 9, 4, 75.7907979642, 84.8903926168, 503.4255625
427, 41887, 0.002, 70.0, 1583559842, 2020-03-07 05:44:02, 2, 5, 65.2929747962, 69.8596324444, 503.339375
428, 41888, 0.002, 70.0, 1583560022, 2020-03-07 05:47:02, 2, 6, 54.2329485123, 63.1668188701, 502.6168125
429, 41889, 1.5, 70.0, 1583560204, 2020-03-07 05:50:04, 8, 7, 42.8876798684, 58.9873441552, 501.63615625
430, 41890, 1.5, 70.0, 1583560384, 2020-03-07 05:53:04, 3, 8, 31.6058807574, 55.9172014445, 500.8750625
431, 41891, 1.5, 70.0, 1583560564, 2020-03-07 05:56:04, 3, 9, 20.2992487861, 53.3561298079, 500.754375
432, 41892, 1.5, 70.0, 1583560744, 2020-03-07 05:59:04, 6, 10, 8.98460073402, 51.0456851328, 501.60428125
433, 41893, 1.5, 70.0, 1583560924, 2020-03-07 06:02:04, 2, 11, -2.32827360331, 48.831979842, 503.59153125
434, 41894, 1.5, 70.0, 1583561104, 2020-03-07 06:05:04, 23, 13, -13.6320808645, 46.5952943796, 506.68296875
435, 41895, 0.002, 70.0, 1583561282, 2020-03-07 06:08:02, 0, 15, -24.7940494292, 44.2362119274, 510.593625
436, 41896, 0.002, 70.0, 1583562058, 2020-03-07 06:20:58, 1783, 17, -72.5129833517, 20.3318561092, 525.95775
437, 41897, 0.002, 70.0, 1583562238, 2020-03-07 06:23:58, 186, 18, -81.3881516487, -14.4017987876, 526.2800625
438, 41898, 0.002, 70.0, 1583562575, 2020-03-07 06:29:35, 0, 19, -71.7404616359, -114.823443933, 521.93996875
439, 41899, 0.002, 70.0, 1583562755, 2020-03-07 06:32:35, 3, 20, -60.971445807, -125.108096898, 517.3069375
440, 41900, 0.002, 70.0, 1583562935, 2020-03-07 06:35:35, 8, 21, -49.8665212746, -130.479863094, 511.61803125
441, 41901, 0.002, 70.0, 1583563115, 2020-03-07 06:38:35, 0, 21, -38.6381854693, -134.101461618, 505.48009375
442, 41902, 1.5, 70.0, 1583563297, 2020-03-07 06:41:37, 30, 20, -27.2235357639, -136.965523861, 499.48775
443, 41903, 1.5, 70.0, 1583563477, 2020-03-07 06:44:37, 35, 18, -15.899408263, -139.408504942, 494.394
444, 41904, 1.5, 70.0, 1583563657, 2020-03-07 06:47:37, 23, 17, -4.55439062854, -141.669871293, 490.62015625
445, 41905, 0.002, 70.0, 1583563835, 2020-03-07 06:50:35, 0, 15, 6.67563522172, -143.85997145, 488.47971875
446, 41906, 0.002, 70.0, 1583564015, 2020-03-07 06:53:35, 0, 13, 18.0341172934, -146.146199689, 487.9974375
447, 41907, 0.002, 70.0, 1583564195, 2020-03-07 06:56:35, 0, 11, 29.3840577867, -148.648152624, 489.05271875
448, 41908, 0.002, 70.0, 1583564375, 2020-03-07 06:59:35, 0, 9, 40.7088256178, -151.596663326, 491.2951875
449, 41909, 0.002, 70.0, 1583564555, 2020-03-07 07:02:35, 2, 7, 51.9763735392, -155.457837565, 494.24
450, 41910, 0.002, 70.0, 1583564735, 2020-03-07 07:05:35, 0, 5, 63.1063785261, -161.426316408, 497.349625
451, 41911, 0.002, 70.0, 1583564915, 2020-03-07 07:08:35, 1, 4, 73.8062865011, -173.764001293, 500.12253125
452, 41912, 0.002, 70.0, 1583565275, 2020-03-07 07:14:35, 1, 4, 78.843503202, 71.6677337817, 503.29584375
453, 41913, 0.002, 70.0, 1583565455, 2020-03-07 07:17:35, 52, 4, 68.8528420703, 49.6566227313, 503.48465625
454, 41914, 0.002, 70.0, 1583565634, 2020-03-07 07:20:34, 0, 4, 57.9614770628, 41.3564778152, 502.93928125
455, 41915, 1.5, 70.0, 1583565817, 2020-03-07 07:23:37, 0, 6, 46.5907386435, 36.5515490178, 501.98609375
456, 41916, 1.5, 70.0, 1583565997, 2020-03-07 07:26:37, 3, 8, 35.3234605146, 33.2186694202, 501.10396875
457, 41917, 1.5, 70.0, 1583566177, 2020-03-07 07:29:37, 3, 10, 24.0226768928, 30.5269874913, 500.72659375
458, 41918, 1.5, 70.0, 1583566357, 2020-03-07 07:32:37, 21, 12, 12.7094503738, 28.1542019721, 501.22546875
459, 41919, 1.5, 70.0, 1583566537, 2020-03-07 07:35:37, 10, 13, 1.39519196268, 25.922596463, 502.8268125
460, 41920, 0.002, 70.0, 1583567439, 2020-03-07 07:50:39, 5, 20, -54.9875956231, 11.4137566582, 521.97275
461, 41921, 0.002, 70.0, 1583567619, 2020-03-07 07:53:39, 2, 21, -65.964546316, 4.4863073029, 524.870125
462, 41922, 0.002, 70.0, 1583567799, 2020-03-07 07:56:39, 755, 22, -76.3274937385, -11.4055074973, 526.2710625
463, 41923, 0.002, 70.0, 1583567979, 2020-03-07 07:59:39, 628, 23, -82.6741055145, -68.7223444761, 525.8859375
464, 41924, 0.002, 70.0, 1583568159, 2020-03-07 08:02:39, 36, 23, -76.6534645166, -128.216188139, 523.64425
465, 41925, 0.002, 70.0, 1583568339, 2020-03-07 08:05:39, 34, 23, -66.3212666058, -144.723867437, 519.71125
466, 41926, 0.002, 70.0, 1583568519, 2020-03-07 08:08:39, 5, 22, -55.3332168554, -151.805735416, 514.47021875
467, 41927, 0.002, 70.0, 1583568699, 2020-03-07 08:11:39, 0, 22, -44.1529894875, -156.097771648, 508.4721875
468, 41928, 0.002, 70.0, 1583568879, 2020-03-07 08:14:39, 0, 21, -32.889082057, -159.248223724, 502.36065625
469, 41929, 1.5, 70.0, 1583569061, 2020-03-07 08:17:41, 31, 20, -21.454213284, -161.878720818, 496.72628125
470, 41930, 1.5, 70.0, 1583569241, 2020-03-07 08:20:41, 32, 18, -10.118001471, -164.209577513, 492.25925
471, 41931, 1.5, 70.0, 1583569421, 2020-03-07 08:23:41, 5, 16, 1.23390654369, -166.432325975, 489.29228125
472, 41932, 1.5, 70.0, 1583569601, 2020-03-07 08:26:41, 9, 14, 12.5924978984, -168.668871418, 488.01090625
473, 41933, 0.002, 70.0, 1583569779, 2020-03-07 08:29:39, 0, 12, 23.8220366708, -171.018210605, 488.35634375
474, 41934, 0.002, 70.0, 1583569959, 2020-03-07 08:32:39, 0, 10, 35.1618445785, -173.709537364, 490.07725
475, 41935, 0.002, 70.0, 1583570139, 2020-03-07 08:35:39, 0, 8, 46.4631643702, -177.03872183, 492.7500625
476, 41936, 0.002, 70.0, 1583571080, 2020-03-07 08:51:20, 395, 2, 71.635392836, 29.5896977071, 503.54828125
477, 41937, 0.002, 70.0, 1583571259, 2020-03-07 08:54:19, 0, 3, 60.8696213468, 19.4006998349, 503.16859375
478, 41938, 0.002, 70.0, 1583571440, 2020-03-07 08:57:20, 0, 4, 49.6625308449, 14.0181385243, 502.28828125
479, 41939, 1.5, 70.0, 1583571787, 2020-03-07 09:03:07, 71, 8, 27.9331326544, 7.77489312367, 500.8018125
480, 41940, 1.5, 70.0, 1583571967, 2020-03-07 09:06:07, 3, 10, 16.6211543525, 5.31628798507, 500.94096875
481, 41941, 1.5, 70.0, 1583572147, 2020-03-07 09:09:07, 6, 11, 5.30627065888, 3.05157377429, 502.141375
482, 41942, 0.002, 70.0, 1583572325, 2020-03-07 09:12:05, 0, 12, -5.87874936739, 0.867799813125, 504.45809375
483, 41943, 0.002, 70.0, 1583572505, 2020-03-07 09:15:05, 0, 14, -17.178239949, -1.40089314293, 507.845
484, 41944, 0.002, 70.0, 1583572685, 2020-03-07 09:18:05, 31, 16, -28.4583912769, -3.86831648263, 511.985375
485, 41945, 0.002, 70.0, 1583572865, 2020-03-07 09:21:05, 141, 18, -39.7064065648, -6.75026528367, 516.42046875
486, 41946, 0.002, 70.0, 1583573045, 2020-03-07 09:24:05, 50, 20, -50.8961483862, -10.471574751, 520.5933125
487, 41947, 0.002, 70.0, 1583573225, 2020-03-07 09:27:05, 8, 20, -61.9600542175, -16.0870147764, 523.9296875
488, 41948, 0.002, 70.0, 1583573405, 2020-03-07 09:30:05, 3, 21, -72.657380381, -27.1752719396, 525.923625
489, 41949, 0.002, 70.0, 1583573585, 2020-03-07 09:33:05, 1269, 22, -81.4710018433, -62.5988544897, 526.2155625
490, 41950, 0.002, 70.0, 1583573765, 2020-03-07 09:36:05, 1, 22, -79.8829828615, -138.30033407, 524.6506875
491, 41951, 0.002, 70.0, 1583573945, 2020-03-07 09:39:05, 1, 23, -70.2537821708, -164.145824528, 521.30771875
492, 41952, 0.002, 70.0, 1583574125, 2020-03-07 09:42:05, 177, 24, -59.4083433552, -173.319164733, 516.49390625
493, 41953, 0.002, 70.0, 1583574305, 2020-03-07 09:45:05, 2, 24, -48.2787925759, -178.33712713, 510.70615625
494, 41954, 0.002, 70.0, 1583574485, 2020-03-07 09:48:05, 0, 24, -37.0392108641, 178.191056705, 504.56365625
495, 41955, 1.5, 70.0, 1583574667, 2020-03-07 09:51:07, 12, 23, -25.6182603091, 175.400432656, 498.662
496, 41956, 1.5, 70.0, 1583574847, 2020-03-07 09:54:07, 1, 21, -14.29036169, 172.993282747, 493.73890625
497, 41957, 1.5, 70.0, 1583575027, 2020-03-07 09:57:07, 0, 20, -2.94312403066, 170.745931944, 490.1920625
498, 41958, 1.5, 70.0, 1583575207, 2020-03-07 10:00:07, 4, 18, 8.41403746668, 168.52811488, 488.28925
499, 41959, 1.5, 70.0, 1583575387, 2020-03-07 10:03:07, 28, 16, 19.7720111162, 166.21948362, 488.06909375
500, 41960, 0.002, 70.0, 1583575565, 2020-03-07 10:06:05, 0, 14, 30.9934074493, 163.698064646, 489.323
501, 41961, 0.002, 70.0, 1583575745, 2020-03-07 10:09:05, 0, 12, 42.3125164687, 160.657196126, 491.70740625
502, 41962, 0.002, 70.0, 1583575925, 2020-03-07 10:12:05, 2, 10, 53.5673021816, 156.599080213, 494.7179375
503, 41963, 0.002, 70.0, 1583576714, 2020-03-07 10:25:14, 171, 5, 73.8305678236, 9.6481826401, 503.5586875
504, 41964, 0.002, 70.0, 1583576894, 2020-03-07 10:28:14, 2, 6, 63.1476601895, -2.70727162224, 503.32309375
505, 41965, 1.5, 70.0, 1583577076, 2020-03-07 10:31:16, 13, 8, 51.9174153463, -8.73106752715, 502.504375
506, 41966, 1.5, 70.0, 1583577256, 2020-03-07 10:34:16, 28, 10, 40.6800056346, -12.5784678361, 501.53225
507, 41967, 1.5, 70.0, 1583577436, 2020-03-07 10:37:16, 3, 11, 29.3916358816, -15.5191784621, 500.85515625
508, 41968, 1.5, 70.0, 1583577616, 2020-03-07 10:40:16, 14, 13, 18.0826218818, -18.0154879525, 500.89059375
509, 41969, 1.5, 70.0, 1583577796, 2020-03-07 10:43:16, 8, 13, 6.76782783446, -20.2965798897, 501.94146875
510, 41970, 0.002, 70.0, 1583577974, 2020-03-07 10:46:14, 0, 14, -4.4180737131, -22.4810502633, 504.10725
511, 41971, 0.002, 70.0, 1583578334, 2020-03-07 10:52:14, 87, 18, -27.0025859744, -27.1670654673, 511.424875
512, 41972, 0.002, 70.0, 1583578514, 2020-03-07 10:55:14, 107, 19, -38.2558041589, -29.9781408105, 515.8454375
513, 41973, 0.002, 70.0, 1583578694, 2020-03-07 10:58:14, 54, 19, -49.4555043961, -33.5526998216, 520.07871875
514, 41974, 0.002, 70.0, 1583578874, 2020-03-07 11:01:14, 16, 20, -60.5428104555, -38.8147561046, 523.54803125
515, 41975, 0.002, 70.0, 1583579054, 2020-03-07 11:04:14, 1, 21, -71.3184583981, -48.7509669682, 525.7341875
516, 41976, 0.002, 70.0, 1583579234, 2020-03-07 11:07:14, 104, 22, -80.6344949154, -78.3497283364, 526.2550625
517, 41977, 0.002, 70.0, 1583579414, 2020-03-07 11:10:14, 9, 22, -80.8331782881, -155.125439579, 524.92725
518, 41978, 0.002, 70.0, 1583579594, 2020-03-07 11:13:14, 0, 23, -71.6083111359, 174.07548524, 521.799
519, 41979, 0.002, 70.0, 1583579774, 2020-03-07 11:16:14, 0, 24, -60.831536212, 163.899241038, 517.149625
520, 41980, 0.002, 70.0, 1583579954, 2020-03-07 11:19:14, 0, 25, -49.7239888871, 158.561202316, 511.454875
521, 41981, 0.002, 70.0, 1583580134, 2020-03-07 11:22:14, 0, 25, -38.4943382703, 154.953728623, 505.32265625
522, 41982, 1.5, 70.0, 1583580316, 2020-03-07 11:25:16, 13, 24, -27.0788655271, 152.096564871, 499.347625
523, 41983, 1.5, 70.0, 1583580496, 2020-03-07 11:28:16, 0, 23, -15.7541916111, 149.656971564, 494.28096875
524, 41984, 1.5, 70.0, 1583580676, 2020-03-07 11:31:16, 6, 21, -4.40881368413, 147.396971251, 490.5415625
525, 41985, 1.5, 70.0, 1583580856, 2020-03-07 11:34:16, 30, 19, 6.94761591575, 145.181927243, 488.42490625
526, 41986, 1.5, 70.0, 1583581036, 2020-03-07 11:37:16, 25, 17, 18.3060834733, 142.892420513, 487.99959375
527, 41987, 0.002, 70.0, 1583581214, 2020-03-07 11:40:14, 0, 15, 29.5296364387, 140.412843278, 489.086125
528, 41988, 0.002, 70.0, 1583581394, 2020-03-07 11:43:14, 0, 13, 40.8538612697, 137.456395896, 491.35796875
529, 41989, 0.002, 70.0, 1583581574, 2020-03-07 11:46:14, 0, 11, 52.120213908, 133.578419392, 494.32415625
530, 41990, 0.002, 70.0, 1583581754, 2020-03-07 11:49:14, 0, 9, 63.2472511777, 127.567634357, 497.4464375
531, 41991, 0.002, 70.0, 1583581934, 2020-03-07 11:52:14, 21, 7, 73.9365791897, 115.079862895, 500.22375
532, 41992, 0.002, 70.0, 1583582114, 2020-03-07 11:55:14, 0, 7, 82.1361871363, 72.3297635273, 502.27296875
533, 41993, 0.002, 70.0, 1583582294, 2020-03-07 11:58:14, 3, 7, 78.7333595715, 0.2608781415, 503.38796875
534, 41994, 0.002, 70.0, 1583582474, 2020-03-07 12:01:14, 177, 7, 68.7166139474, -21.3996708084, 503.56784375
535, 41995, 0.002, 70.0, 1583582654, 2020-03-07 12:04:14, 1, 7, 57.7587775388, -29.6562169195, 503.009125
536, 41996, 0.002, 70.0, 1583582834, 2020-03-07 12:07:14, 3, 8, 46.5732875101, -34.3593451624, 502.064375
537, 41997, 1.5, 70.0, 1583583016, 2020-03-07 12:10:16, 6, 9, 35.1807437119, -37.7233465169, 501.1666875
538, 41998, 1.5, 70.0, 1583583196, 2020-03-07 12:13:16, 5, 11, 23.8799208165, -40.4093867096, 500.7871875
539, 41999, 0.002, 70.0, 1583583554, 2020-03-07 12:19:14, 0, 14, 1.37839556702, -44.9855553963, 502.86146875
540, 42000, 0.002, 70.0, 1583583734, 2020-03-07 12:22:14, 0, 15, -9.92902379704, -47.2018083477, 505.5849375
541, 42001, 0.002, 70.0, 1583583914, 2020-03-07 12:25:14, 129, 16, -21.2226032768, -49.5233418349, 509.273125
542, 42002, 0.002, 70.0, 1583584094, 2020-03-07 12:28:14, 114, 17, -32.4931189154, -52.1077453977, 513.56571875
543, 42003, 0.002, 70.0, 1583584274, 2020-03-07 12:31:14, 57, 19, -43.7244770794, -55.2232166588, 517.960875
544, 42004, 0.002, 70.0, 1583584454, 2020-03-07 12:34:14, 14, 21, -54.8809866154, -59.4415244142, 521.886125
545, 42005, 0.002, 70.0, 1583584634, 2020-03-07 12:37:14, 18, 22, -65.8608913652, -66.3276050213, 524.7824375
546, 42006, 0.002, 70.0, 1583585610, 2020-03-07 12:53:30, 10, 21, -50.7328180726, 135.314612498, 511.963875
547, 42007, 0.002, 70.0, 1583585790, 2020-03-07 12:56:30, 2, 21, -39.5106226074, 131.603920986, 505.8456875
548, 42008, 1.5, 70.0, 1583585972, 2020-03-07 12:59:32, 84, 20, -28.0991813833, 128.696596325, 499.82621875
549, 42009, 1.5, 70.0, 1583586152, 2020-03-07 13:02:32, 1, 19, -16.776862175, 126.232414337, 494.665125
550, 42010, 1.5, 70.0, 1583586332, 2020-03-07 13:05:32, 24, 17, -5.43285370098, 123.962278023, 490.79534375
551, 42011, 1.5, 70.0, 1583586512, 2020-03-07 13:08:32, 12, 15, 5.92299704038, 121.748012657, 488.5315
552, 42012, 1.5, 70.0, 1583586692, 2020-03-07 13:11:32, 1, 13, 17.281717315, 119.470472418, 487.9629375
553, 42013, 1.5, 70.0, 1583587052, 2020-03-07 13:17:32, 31, 10, 39.9597656018, 114.080155427, 491.15059375
554, 42014, 0.002, 70.0, 1583587230, 2020-03-07 13:20:30, 2, 8, 51.1078261939, 110.353139764, 494.0528125
555, 42015, 0.002, 70.0, 1583587410, 2020-03-07 13:23:30, 0, 6, 62.253759182, 104.629489051, 497.1885
556, 42016, 0.002, 70.0, 1583587590, 2020-03-07 13:26:30, 11, 4, 73.0120857649, 93.1434194729, 500.02
557, 42018, 0.002, 70.0, 1583587950, 2020-03-07 13:32:30, 1, 4, 79.4953559657, -19.6049959155, 503.3560625
558, 42019, 0.002, 70.0, 1583588130, 2020-03-07 13:35:30, 230, 3, 69.6809888467, -43.9220334709, 503.617
559, 42020, 0.002, 70.0, 1583588310, 2020-03-07 13:38:30, 37, 4, 58.7607731201, -52.747706802, 503.113125
560, 42021, 0.002, 70.0, 1583588490, 2020-03-07 13:41:30, 0, 4, 47.5872734885, -57.6428555682, 502.18534375
561, 42022, 0.002, 70.0, 1583589450, 2020-03-07 13:57:30, 0, 11, -12.6754309091, -71.3863504785, 506.4130625
562, 42023, 0.002, 70.0, 1583589630, 2020-03-07 14:00:30, 4, 13, -23.9643829358, -73.7547185729, 510.2814375
563, 42024, 0.002, 70.0, 1583590546, 2020-03-07 14:15:46, 829, 22, -79.2371748151, -116.834661436, 526.2441875
564, 42025, 0.002, 70.0, 1583590726, 2020-03-07 14:18:46, 14, 24, -81.8988722136, 169.489586949, 525.2464375
565, 42026, 0.002, 70.0, 1583590906, 2020-03-07 14:21:46, 0, 25, -73.4691483637, 129.86121188, 522.42415625
566, 42027, 0.002, 70.0, 1583591086, 2020-03-07 14:24:46, 0, 25, -62.8125232975, 117.942203931, 518.01678125
567, 42028, 0.002, 70.0, 1583591266, 2020-03-07 14:27:46, 14, 24, -51.7406261449, 112.082092869, 512.46865625
568, 42029, 0.002, 70.0, 1583591446, 2020-03-07 14:30:46, 0, 24, -40.5263776048, 108.260533727, 506.3696875
569, 42030, 0.002, 70.0, 1583591626, 2020-03-07 14:33:46, 0, 22, -29.2447799843, 105.329392196, 500.374375
570, 42031, 1.5, 70.0, 1583591808, 2020-03-07 14:36:48, 23, 20, -17.7993261257, 102.809380242, 495.05915625
571, 42032, 1.5, 70.0, 1583591988, 2020-03-07 14:39:48, 37, 19, -6.45676095602, 100.528028757, 491.0615
572, 42033, 1.5, 70.0, 1583592168, 2020-03-07 14:42:48, 5, 17, 4.89844219802, 98.3135926362, 488.6510625
573, 42034, 1.5, 70.0, 1583592348, 2020-03-07 14:45:48, 27, 15, 16.2573340811, 96.0469123981, 487.93809375
574, 42035, 1.5, 70.0, 1583592528, 2020-03-07 14:48:48, 18, 13, 27.6095336595, 93.5907149012, 488.801875
575, 42036, 1.5, 70.0, 1583592708, 2020-03-07 14:51:48, 12, 11, 38.9397144155, 90.7339882812, 490.91809375
576, 42037, 0.002, 70.0, 1583592886, 2020-03-07 14:54:46, 0, 9, 50.0945403099, 87.1131820593, 493.78215625
577, 42038, 0.002, 70.0, 1583593066, 2020-03-07 14:57:46, 0, 7, 61.2576443935, 81.6511139317, 496.927125
578, 42039, 0.002, 70.0, 1583593246, 2020-03-07 15:00:46, 11, 5, 72.0759605279, 71.0423343406, 499.80965625
579, 42040, 0.002, 70.0, 1583593426, 2020-03-07 15:03:46, 0, 5, 81.1732192559, 37.8508012619, 502.01975
580, 42041, 0.002, 70.0, 1583593606, 2020-03-07 15:06:46, 1, 5, 80.2079974131, -38.9193126404, 503.3159375
581, 42042, 0.002, 70.0, 1583593786, 2020-03-07 15:09:46, 4, 5, 70.6385472173, -66.3452542301, 503.65959375
582, 42043, 0.002, 70.0, 1583594146, 2020-03-07 15:15:46, 0, 6, 48.6005252216, -80.9151610487, 502.30659375
583, 42044, 0.002, 70.0, 1583594326, 2020-03-07 15:18:46, 0, 7, 37.3434616406, -84.4200248095, 501.3694375
584, 42045, 0.002, 70.0, 1583594506, 2020-03-07 15:21:46, 0, 8, 26.0470971512, -87.1960664048, 500.854875
585, 42046, 0.002, 70.0, 1583594686, 2020-03-07 15:24:46, 0, 9, 14.7354381606, -89.6103128799, 501.1541875
586, 42047, 0.002, 70.0, 1583594866, 2020-03-07 15:27:46, 2, 11, 3.42100739395, -91.8571240976, 502.52459375
587, 42048, 0.002, 70.0, 1583595046, 2020-03-07 15:30:46, 3, 13, -7.88803776858, -94.0675440675, 505.038375
588, 42049, 0.002, 70.0, 1583595226, 2020-03-07 15:33:46, 0, 14, -19.1846336307, -96.3601517036, 508.56175
589, 42050, 0.002, 70.0, 1583595406, 2020-03-07 15:36:46, 1, 15, -30.4601882413, -98.8819190165, 512.76625
590, 42051, 0.002, 70.0, 1583595766, 2020-03-07 15:42:46, 16, 18, -52.8749463961, -105.821930797, 521.21225
591, 42052, 0.002, 70.0, 1583595946, 2020-03-07 15:45:46, 12, 21, -63.9014057152, -112.006721731, 524.3210625
592, 42053, 0.002, 70.0, 1583596126, 2020-03-07 15:48:46, 65, 23, -74.4625993784, -125.078822707, 526.0136875
593, 42055, 0.002, 70.0, 1583596486, 2020-03-07 15:54:46, 0, 26, -78.3972391322, 119.702138774, 524.05840625
594, 42056, 0.002, 70.0, 1583596666, 2020-03-07 15:57:46, 0, 26, -68.3640327523, 99.1071991459, 520.417875
595, 42057, 0.002, 70.0, 1583596846, 2020-03-07 16:00:46, 0, 26, -57.4410166481, 91.0636610218, 515.3875625
596, 42058, 0.002, 70.0, 1583597206, 2020-03-07 16:06:46, 1, 24, -35.0320129277, 83.1214350937, 503.36303125
597, 42059, 0.002, 70.0, 1583597386, 2020-03-07 16:09:46, 0, 22, -23.7293783246, 80.4409205241, 497.6544375
598, 42060, 1.5, 70.0, 1583597568, 2020-03-07 16:12:48, 15, 20, -12.2711434745, 78.0458600504, 492.90525
599, 42061, 1.5, 70.0, 1583597748, 2020-03-07 16:15:48, 1, 18, -0.921225286001, 75.812456494, 489.65815625
600, 42062, 1.5, 70.0, 1583597928, 2020-03-07 16:18:48, 15, 17, 10.4369713052, 73.5875770137, 488.08190625
601, 42063, 1.5, 70.0, 1583598108, 2020-03-07 16:21:48, 46, 14, 21.7941227707, 71.2484831101, 488.17265625
602, 42064, 1.5, 70.0, 1583598288, 2020-03-07 16:24:48, 5, 12, 33.1380287918, 68.6312980545, 489.70471875
603, 42065, 1.5, 70.0, 1583598468, 2020-03-07 16:27:48, 18, 11, 44.4485590936, 65.4517903547, 492.27365625
604, 42066, 0.002, 70.0, 1583598646, 2020-03-07 16:30:46, 0, 9, 55.5595317584, 61.1508612161, 495.33075
605, 42067, 0.002, 70.0, 1583599006, 2020-03-07 16:36:46, 0, 5, 76.9632887275, 36.7393177482, 501.01415625
606, 42068, 0.002, 70.0, 1583599186, 2020-03-07 16:39:46, 0, 4, 82.6485059655, -25.3567477337, 502.80040625
607, 42069, 0.002, 70.0, 1583599366, 2020-03-07 16:42:46, 1, 4, 75.8818580462, -80.3206067419, 503.62675
608, 42070, 0.002, 70.0, 1583599546, 2020-03-07 16:45:46, 17, 4, 65.3951339356, -95.4996434909, 503.55503125
609, 42071, 0.002, 70.0, 1583599726, 2020-03-07 16:48:46, 9, 4, 54.3382631991, -102.230576351, 502.83534375
610, 42072, 0.002, 70.0, 1583599906, 2020-03-07 16:51:46, 2, 5, 43.1196569983, -106.385892687, 501.85540625
611, 42073, 0.002, 70.0, 1583600086, 2020-03-07 16:54:46, 1, 7, 31.8392751515, -109.47056321, 501.0673125
612, 42074, 0.002, 70.0, 1583600266, 2020-03-07 16:57:46, 3, 9, 20.5335071991, -112.038878262, 500.904
613, 42075, 0.002, 70.0, 1583600446, 2020-03-07 17:00:46, 3, 10, 9.2193756801, -114.352666315, 501.69946875
614, 42076, 0.002, 70.0, 1583600626, 2020-03-07 17:03:46, 2, 11, -2.09326344259, -116.567054625, 503.62559375
615, 42077, 0.002, 70.0, 1583600806, 2020-03-07 17:06:46, 0, 12, -13.3971086967, -118.802015464, 506.6550625
616, 42078, 0.002, 70.0, 1583601746, 2020-03-07 17:22:26, 40, 17, -71.492341354, -143.541247503, 525.66875
617, 42079, 0.002, 70.0, 1583601926, 2020-03-07 17:25:26, 14, 19, -80.7514550747, -173.82851926, 526.1424375
618, 42080, 0.002, 70.0, 1583602106, 2020-03-07 17:28:26, 0, 20, -80.7176661289, 109.377071581, 524.77025
619, 42081, 0.002, 70.0, 1583602286, 2020-03-07 17:31:26, 0, 20, -71.4334241422, 79.2806557994, 521.60490625
620, 42082, 0.002, 70.0, 1583602466, 2020-03-07 17:34:26, 12, 21, -60.6465883497, 69.2445602494, 516.92984375
621, 42083, 0.002, 70.0, 1583602646, 2020-03-07 17:37:26, 0, 23, -49.535584949, 63.9503645112, 511.22375
622, 42084, 0.002, 70.0, 1583602826, 2020-03-07 17:40:26, 0, 23, -38.3041584831, 60.3612640274, 505.096125
623, 42085, 0.002, 70.0, 1583603006, 2020-03-07 17:43:26, 0, 22, -27.0132257016, 57.5417755987, 499.2035625
624, 42086, 1.5, 70.0, 1583603188, 2020-03-07 17:46:28, 14, 20, -15.5620857105, 55.077859988, 494.109625
625, 42087, 1.5, 70.0, 1583603548, 2020-03-07 17:52:28, 2, 16, 7.1405939461, 50.6042739125, 488.34971875
626, 42088, 1.5, 70.0, 1583603728, 2020-03-07 17:55:28, 1, 14, 18.4991473079, 48.312376616, 487.9768125
627, 42089, 1.5, 70.0, 1583603908, 2020-03-07 17:58:28, 6, 12, 29.8484901597, 45.7975965866, 489.131875
628, 42090, 1.5, 70.0, 1583604088, 2020-03-07 18:01:28, 91, 10, 41.1716119152, 42.8234214487, 491.455875
629, 42091, 0.002, 70.0, 1583604265, 2020-03-07 18:04:25, 0, 8, 52.2485121813, 38.9856440225, 494.40575
630, 42092, 0.002, 70.0, 1583604446, 2020-03-07 18:07:26, 0, 6, 63.4338997572, 32.8919097553, 497.56634375
631, 42093, 0.002, 70.0, 1583604626, 2020-03-07 18:10:26, 0, 5, 74.1088433907, 20.2003954582, 500.35390625
632, 42094, 0.002, 70.0, 1583604806, 2020-03-07 18:13:26, 0, 4, 82.2045914808, -23.555162397, 502.4046875
633, 42095, 0.002, 70.0, 1583604986, 2020-03-07 18:16:26, 0, 4, 78.5860050703, -94.9295822425, 503.5153125
634, 42096, 0.002, 70.0, 1583605346, 2020-03-07 18:22:26, 22, 6, 57.5718420914, -124.294443783, 503.12171875
635, 42097, 0.002, 70.0, 1583605526, 2020-03-07 18:25:26, 6, 7, 46.384661591, -128.963397174, 502.1713125
636, 42098, 0.002, 70.0, 1583605706, 2020-03-07 18:28:26, 4, 9, 35.1171102545, -132.279754544, 501.27853125
637, 42099, 0.002, 70.0, 1583605886, 2020-03-07 18:31:26, 0, 10, 23.8165349535, -134.963267567, 500.8905625
638, 42100, 0.002, 70.0, 1583606066, 2020-03-07 18:34:26, 1, 11, 12.5036960477, -137.332059133, 501.37765625
639, 42101, 1.5, 70.0, 1583606248, 2020-03-07 18:37:28, 66, 12, 1.06419416536, -139.586759219, 502.98821875
640, 42102, 1.5, 70.0, 1583606428, 2020-03-07 18:40:28, 26, 14, -10.2427582912, -141.804207454, 505.7186875
641, 42103, 1.5, 70.0, 1583606608, 2020-03-07 18:43:28, 23, 15, -21.5357350069, -144.130610866, 509.40446875
642, 42104, 0.002, 70.0, 1583607375, 2020-03-07 18:56:15, 18, 16, -68.9608683422, -163.937804286, 525.2740625
643, 42105, 0.002, 70.0, 1583607555, 2020-03-07 18:59:15, 1, 18, -78.8744439589, 174.024627651, 526.1683125
644, 42106, 0.002, 70.0, 1583607735, 2020-03-07 19:02:15, 0, 19, -82.095267473, 101.837751681, 525.2403125
645, 42107, 0.002, 70.0, 1583607915, 2020-03-07 19:05:15, 0, 20, -73.905249112, 59.7794070422, 522.485875
646, 42108, 0.002, 70.0, 1583608095, 2020-03-07 19:08:15, 29, 20, -63.2821807651, 47.3732016996, 518.135125
647, 42109, 0.002, 70.0, 1583608275, 2020-03-07 19:11:15, 4, 21, -52.2194941227, 41.3738708919, 512.6248125
648, 42110, 0.002, 70.0, 1583608455, 2020-03-07 19:14:15, 1, 21, -41.0089543752, 37.4966422931, 506.5401875
649, 42111, 0.002, 70.0, 1583608635, 2020-03-07 19:17:15, 0, 20, -29.7291838304, 34.5390884206, 500.53465625
650, 42112, 1.5, 70.0, 1583608817, 2020-03-07 19:20:17, 110, 19, -18.284732302, 32.0057575974, 495.1869375
651, 42113, 1.5, 70.0, 1583608997, 2020-03-07 19:23:17, 4, 18, -6.94269220313, 29.718665339, 491.14121875
652, 42114, 1.5, 70.0, 1583609177, 2020-03-07 19:26:17, 2, 16, 4.41232440137, 27.5038040387, 488.67528125
653, 42115, 1.5, 70.0, 1583609357, 2020-03-07 19:29:17, 8, 14, 15.7713678293, 25.2418741972, 487.9085625
654, 42116, 1.5, 70.0, 1583609718, 2020-03-07 19:35:18, 0, 10, 38.5185717815, 19.9465514778, 490.83434375
655, 42117, 1.5, 70.0, 1583609897, 2020-03-07 19:38:17, 41, 8, 49.7384449824, 16.3438537949, 493.714625
656, 42118, 0.002, 70.0, 1583610075, 2020-03-07 19:41:15, 0, 6, 60.7841210388, 11.044975962, 496.84253125
657, 42120, 0.002, 70.0, 1583610960, 2020-03-07 19:56:00, 9, 2, 61.1567010278, -145.863102009, 503.39815625
658, 42121, 0.002, 70.0, 1583611140, 2020-03-07 19:59:00, 6, 3, 50.0170142477, -151.292118851, 502.526
659, 42122, 0.002, 70.0, 1583611320, 2020-03-07 20:02:00, 1, 4, 38.7681298183, -154.933360999, 501.5625625
660, 42123, 0.002, 70.0, 1583611500, 2020-03-07 20:05:00, 3, 5, 27.4753136121, -157.775511995, 500.96259375
661, 42124, 1.5, 70.0, 1583611682, 2020-03-07 20:08:02, 15, 7, 16.0392922447, -160.248450286, 501.13721875
662, 42125, 1.5, 70.0, 1583611862, 2020-03-07 20:11:02, 40, 9, 4.72492124218, -162.507193844, 502.3621875
663, 42126, 1.5, 70.0, 1583612042, 2020-03-07 20:14:02, 1, 10, -6.58495037323, -164.715858455, 504.73034375
664, 42127, 1.5, 70.0, 1583612222, 2020-03-07 20:17:02, 8, 12, -17.8832691506, -166.992442468, 508.13234375
665, 42128, 1.5, 70.0, 1583612402, 2020-03-07 20:20:02, 10, 13, -29.1617829406, -169.478166872, 512.26134375
666, 42129, 0.002, 70.0, 1583612580, 2020-03-07 20:23:00, 0, 14, -40.2825159458, -172.360629645, 516.60396875
667, 42130, 0.002, 70.0, 1583612760, 2020-03-07 20:26:00, 0, 15, -51.4682416159, -176.144609086, 520.70440625
668, 42131, 0.002, 70.0, 1583613514, 2020-03-07 20:38:34, 0, 20, -77.8376212431, 46.6057548144, 523.786625
669, 42132, 0.002, 70.0, 1583613694, 2020-03-07 20:41:34, 48, 20, -67.6932262136, 27.5054910954, 520.04178125
670, 42133, 0.002, 70.0, 1583613874, 2020-03-07 20:44:34, 1, 21, -56.7466083907, 19.8032643543, 514.93903125
671, 42134, 0.002, 70.0, 1583614054, 2020-03-07 20:47:34, 15, 22, -45.5813732881, 15.2866019832, 509.01196875
672, 42135, 0.002, 70.0, 1583614234, 2020-03-07 20:50:34, 44, 22, -34.3245009524, 12.0345969481, 502.896875
673, 42136, 0.002, 70.0, 1583614414, 2020-03-07 20:53:34, 7, 21, -23.0192657548, 9.38059802657, 497.24503125
674, 42137, 1.5, 70.0, 1583614596, 2020-03-07 20:56:36, 46, 19, -11.5593703149, 6.99842996185, 492.58928125
675, 42138, 1.5, 70.0, 1583614776, 2020-03-07 20:59:36, 6, 17, -0.208480612093, 4.76900072176, 489.45821875
676, 42139, 1.5, 70.0, 1583614956, 2020-03-07 21:02:36, 2, 15, 11.1500772054, 2.54072578364, 488.006625
677, 42140, 1.5, 70.0, 1583615136, 2020-03-07 21:05:36, 37, 13, 22.5068820388, 0.189707850502, 488.215375
678, 42141, 1.5, 70.0, 1583615316, 2020-03-07 21:08:36, 9, 12, 33.8494271447, -2.45249404028, 489.84521875
679, 42142, 1.5, 70.0, 1583615496, 2020-03-07 21:11:36, 0, 10, 45.1567779935, -5.68234428963, 492.48178125
680, 42143, 0.002, 70.0, 1583615674, 2020-03-07 21:14:34, 0, 8, 56.2605072427, -10.0930823796, 495.57134375
681, 42144, 0.002, 70.0, 1583615844, 2020-03-07 21:17:24, 9, 10, 66.6837788959, -17.0558497893, 498.4906875
682, 42145, 0.002, 70.0, 1583616034, 2020-03-07 21:20:34, 0, 9, 77.5501249205, -36.0978844381, 501.224375
683, 42146, 0.002, 70.0, 1583616394, 2020-03-07 21:26:34, 8, 8, 75.2649621906, -152.747837069, 503.7371875
684, 42147, 0.002, 70.0, 1583616574, 2020-03-07 21:29:34, 5, 8, 64.7113227167, -166.965599824, 503.61975
685, 42148, 0.002, 70.0, 1583616754, 2020-03-07 21:32:34, 15, 9, 53.6386913188, -173.446698025, 502.87146875
686, 42149, 0.002, 70.0, 1583616934, 2020-03-07 21:35:34, 3, 10, 42.4146892685, -177.507054241, 501.8864375
687, 42150, 1.5, 70.0, 1583617116, 2020-03-07 21:38:36, 500, 11, 31.0067126578, 179.421856793, 501.1125
688, 42151, 1.5, 70.0, 1583617296, 2020-03-07 21:41:36, 30, 12, 19.7001336205, 176.879332535, 500.99934375
689, 42152, 1.5, 70.0, 1583617476, 2020-03-07 21:44:36, 6, 13, 8.38604479014, 174.577463163, 501.8608125
690, 42153, 1.5, 70.0, 1583617656, 2020-03-07 21:47:36, 3, 13, -2.92601355302, 172.365533721, 503.85553125
691, 42154, 0.002, 70.0, 1583618450, 2020-03-07 22:00:50, 0, 20, -52.566163789, 159.768684138, 521.0578125
692, 42155, 0.002, 70.0, 1583618630, 2020-03-07 22:03:50, 3, 22, -63.5991766747, 153.679816381, 524.177125
693, 42156, 0.002, 70.0, 1583618810, 2020-03-07 22:06:50, 0, 25, -74.1845287169, 140.95270143, 525.894625
694, 42157, 0.002, 70.0, 1583618990, 2020-03-07 22:09:50, 0, 27, -82.2059028771, 97.3166992062, 525.879875
695, 42158, 0.002, 70.0, 1583619170, 2020-03-07 22:12:50, 5, 29, -78.6390756402, 26.1960840675, 524.0131875
696, 42159, 0.002, 70.0, 1583619350, 2020-03-07 22:15:50, 18, 30, -68.6590149621, 4.8869713222, 520.4098125
697, 42160, 0.002, 70.0, 1583619530, 2020-03-07 22:18:50, 5, 31, -57.7464285568, -3.31591426141, 515.409375
698, 42161, 0.002, 70.0, 1583619710, 2020-03-07 22:21:50, 100, 30, -46.5933477757, -8.00784099415, 509.53228125
699, 42162, 0.002, 70.0, 1583619890, 2020-03-07 22:24:50, 79, 29, -35.3422879311, -11.3377503132, 503.409
700, 42163, 0.002, 70.0, 1583620070, 2020-03-07 22:27:50, 27, 27, -24.0403209789, -14.0303321195, 497.6931875
701, 42164, 0.002, 70.0, 1583620999, 2020-03-07 22:43:19, 0, 24, 34.5271663254, -26.2600590344, 489.9816875
702, 42165, 0.002, 70.0, 1583621179, 2020-03-07 22:46:19, 0, 19, 45.8313616267, -29.5400934583, 492.6689375
703, 42166, 0.002, 70.0, 1583621359, 2020-03-07 22:49:19, 0, 15, 57.0517300164, -34.1244105607, 495.8118125
704, 42167, 0.002, 70.0, 1583621539, 2020-03-07 22:52:19, 0, 12, 68.052063862, -42.0351493167, 498.8760625
705, 42168, 0.002, 70.0, 1583621899, 2020-03-07 22:58:19, 1, 9, 82.3615765487, -131.549224831, 503.07834375
706, 42169, 0.002, 70.0, 1583622079, 2020-03-07 23:01:19, 17, 8, 74.5569652719, -177.964458349, 503.78640625
707, 42170, 0.002, 70.0, 1583622259, 2020-03-07 23:04:19, 2, 8, 63.9356864347, 168.795161616, 503.6149375
708, 42171, 0.002, 70.0, 1583622439, 2020-03-07 23:07:19, 3, 8, 52.8463449789, 162.576520264, 502.83565625
709, 42172, 0.002, 70.0, 1583622619, 2020-03-07 23:10:19, 3, 9, 41.6163733433, 158.617701641, 501.84953125
710, 42173, 1.5, 70.0, 1583622801, 2020-03-07 23:13:21, 16, 10, 30.2059651853, 155.594414027, 501.1059375
711, 42174, 1.5, 70.0, 1583622981, 2020-03-07 23:16:21, 31, 12, 18.8985238366, 153.075440262, 501.049125
712, 42175, 1.5, 70.0, 1583623161, 2020-03-07 23:19:21, 14, 13, 7.58438036472, 150.784280626, 501.98321875
713, 42176, 1.5, 70.0, 1583623341, 2020-03-07 23:22:21, 6, 14, -3.72719580978, 148.574099713, 504.05365625
714, 42177, 1.5, 70.0, 1583623521, 2020-03-07 23:25:21, 5, 16, -15.0290457949, 146.326366419, 507.2039375
715, 42178, 1.5, 70.0, 1583623701, 2020-03-07 23:28:21, 17, 17, -26.3134967269, 143.909954774, 511.17515625
716, 42179, 0.002, 70.0, 1583623879, 2020-03-07 23:31:19, 1, 18, -37.4442376667, 141.164218728, 515.4886875
717, 42180, 0.002, 70.0, 1583624059, 2020-03-07 23:34:19, 0, 20, -48.6492996024, 137.665481647, 519.705
718, 42181, 0.002, 70.0, 1583624239, 2020-03-07 23:37:19, 1, 21, -59.748780474, 132.582086037, 523.201375
719, 42182, 0.002, 70.0, 1583624419, 2020-03-07 23:40:19, 0, 23, -70.562677476, 123.205001289, 525.453375
720, 42183, 0.002, 70.0, 1583624599, 2020-03-07 23:43:19, 0, 25, -80.1037345754, 96.3664081569, 526.06825
721, 42184, 0.002, 70.0, 1583624779, 2020-03-07 23:46:19, 0, 26, -81.3005203216, 20.1908331934, 524.8480625
722, 42185, 0.002, 70.0, 1583624959, 2020-03-07 23:49:19, 17, 27, -72.3551308498, -13.8577554373, 521.8249375
723, 42186, 0.002, 70.0, 1583625139, 2020-03-07 23:52:19, 1, 28, -61.6216661555, -24.6756549302, 517.263125
724, 42187, 0.002, 70.0, 1583625319, 2020-03-07 23:55:19, 60, 29, -50.5267990767, -30.2104901856, 511.62646875
725, 42188, 0.002, 70.0, 1583625499, 2020-03-07 23:58:19, 105, 28, -39.3022950075, -33.8996631861, 505.5160625
726, 42189, 0.002, 70.0, 1583625679, 2020-03-08 00:01:19, 166, 27, -28.0149566131, -36.7674786182, 499.58778125
727, 42190, 0.002, 70.0, 1583625859, 2020-03-08 00:04:19, 3, 25, -16.6918297349, -39.2296627759, 494.4615625
728, 42191, 1.5, 70.0, 1583626041, 2020-03-08 00:07:21, 694, 23, -5.22106191456, -41.5236569404, 490.60271875
729, 42192, 1.5, 70.0, 1583626221, 2020-03-08 00:10:21, 0, 21, 6.13530621362, -43.7380589106, 488.409375
730, 42193, 1.5, 70.0, 1583626401, 2020-03-08 00:13:21, 2, 19, 17.4942335283, -46.0180170364, 487.91453125
731, 42194, 0.002, 70.0, 1583626759, 2020-03-08 00:19:19, 0, 14, 40.0457679288, -51.3889328744, 491.2063125
732, 42195, 0.002, 70.0, 1583626939, 2020-03-08 00:22:19, 0, 12, 51.3177930391, -55.1749989384, 494.1899375
733, 42196, 0.002, 70.0, 1583627119, 2020-03-08 00:25:19, 2, 10, 62.4596279137, -60.9557705228, 497.3641875
734, 42197, 0.002, 70.0, 1583627299, 2020-03-08 00:28:19, 0, 9, 73.2040345711, -72.6375523418, 500.22071875
735, 42198, 0.002, 70.0, 1583627479, 2020-03-08 00:31:19, 0, 9, 81.8022865085, -111.323812098, 502.364125
736, 42199, 0.002, 70.0, 1583627659, 2020-03-08 00:34:19, 1, 9, 79.3425919548, 174.134156565, 503.57303125
737, 42200, 0.002, 70.0, 1583627839, 2020-03-08 00:37:19, 15, 9, 69.4841906062, 150.398047089, 503.83071875
738, 42201, 0.002, 70.0, 1583628019, 2020-03-08 00:40:19, 7, 9, 58.5566324262, 141.694610238, 503.31990625
739, 42202, 0.002, 70.0, 1583628199, 2020-03-08 00:43:19, 0, 10, 47.3813432851, 136.840135248, 502.38371875
740, 42203, 1.5, 70.0, 1583628381, 2020-03-08 00:46:21, 105, 10, 35.9933654683, 133.409481493, 501.451
741, 42204, 1.5, 70.0, 1583628741, 2020-03-08 00:52:21, 5, 13, 13.3827413938, 128.305308448, 501.38871875
742, 42207, 1.5, 70.0, 1583629281, 2020-03-08 01:01:21, 45, 16, -20.533141784, 121.544186151, 509.0650625
743, 42208, 0.002, 70.0, 1583629459, 2020-03-08 01:04:19, 0, 16, -31.6802956684, 119.012494574, 513.23415625
744, 42209, 0.002, 70.0, 1583629639, 2020-03-08 01:07:19, 0, 17, -42.915430927, 115.948922505, 517.58984375
745, 42210, 0.002, 70.0, 1583629819, 2020-03-08 01:10:19, 19, 19, -54.0797132183, 111.842892814, 521.519875
746, 42211, 0.002, 70.0, 1583629999, 2020-03-08 01:13:19, 0, 21, -65.0797431205, 105.253795662, 524.4631875
747, 42212, 0.002, 70.0, 1583630359, 2020-03-08 01:19:19, 0, 22, -82.5913441123, 38.5716969929, 525.6778125
748, 42213, 0.002, 70.0, 1583630539, 2020-03-08 01:22:19, 39, 22, -77.416908911, -25.7874355571, 523.55715625
749, 42214, 0.002, 70.0, 1583630719, 2020-03-08 01:25:19, 3, 22, -67.1989254234, -43.8880122987, 519.7358125
750, 42215, 0.002, 70.0, 1583630899, 2020-03-08 01:28:19, 35, 22, -56.2359902786, -51.3555844758, 514.5815
751, 42216, 0.002, 70.0, 1583631079, 2020-03-08 01:31:19, 60, 21, -45.0645362887, -55.7882577182, 508.63425
752, 42217, 0.002, 70.0, 1583631259, 2020-03-08 01:34:19, 204, 20, -33.8044708396, -59.0025071752, 502.5330625
753, 42218, 0.002, 70.0, 1583631439, 2020-03-08 01:37:19, 67, 19, -22.4973009909, -61.637751251, 496.92746875
754, 42219, 0.002, 70.0, 1583631619, 2020-03-08 01:40:19, 0, 17, -11.1622101827, -63.9857039099, 492.388125
755, 42220, 1.5, 70.0, 1583631801, 2020-03-08 01:43:21, 0, 15, 0.315470135981, -66.2376855809, 489.30459375
756, 42221, 1.5, 70.0, 1583631981, 2020-03-08 01:46:21, 17, 13, 11.6742976392, -68.4687600428, 487.94946875
757, 42222, 1.5, 70.0, 1583632161, 2020-03-08 01:49:21, 3, 11, 23.030829265, -70.8289524008, 488.24946875
758, 42223, 0.002, 70.0, 1583632339, 2020-03-08 01:52:19, 0, 9, 34.2464489657, -73.458110778, 489.93
759, 42224, 0.002, 70.0, 1583632519, 2020-03-08 01:55:19, 0, 7, 45.5519249275, -76.7170808985, 492.6116875
760, 42225, 0.002, 70.0, 1583632699, 2020-03-08 01:58:19, 6, 6, 56.7753020154, -81.2540477145, 495.76171875
761, 42226, 0.002, 70.0, 1583632879, 2020-03-08 02:01:19, 0, 4, 67.7845458428, -89.0298902345, 498.84459375
762, 42227, 0.002, 70.0, 1583633059, 2020-03-08 02:04:19, 0, 3, 77.9723740452, -108.536951483, 501.39765625
763, 42228, 0.002, 70.0, 1583633239, 2020-03-08 02:07:19, 0, 4, 82.4373574975, -176.726978336, 503.1041875
764, 42229, 0.002, 70.0, 1583633419, 2020-03-08 02:10:19, 10, 4, 74.8062193653, 135.304080346, 503.840875
765, 42230, 0.002, 70.0, 1583633779, 2020-03-08 02:16:19, 1, 4, 53.1245590744, 115.425402165, 502.92221875
766, 42231, 1.5, 70.0, 1583633961, 2020-03-08 02:19:21, 62, 4, 41.7717191658, 111.394176706, 501.92253125
767, 42232, 1.5, 70.0, 1583634141, 2020-03-08 02:22:21, 12, 6, 30.4875329036, 108.391912416, 501.1724375
768, 42233, 1.5, 70.0, 1583634321, 2020-03-08 02:25:21, 13, 7, 19.180585036, 105.864817555, 501.0869375
769, 42234, 1.5, 70.0, 1583634501, 2020-03-08 02:28:21, 6, 8, 7.86662341798, 103.569990108, 501.9844375
770, 42235, 1.5, 70.0, 1583634681, 2020-03-08 02:31:21, 21, 10, -3.44499886029, 101.35927644, 504.01540625
771, 42236, 1.5, 70.0, 1583634861, 2020-03-08 02:34:21, 0, 12, -14.7471075388, 99.1139610332, 507.1290625
772, 42238, 0.002, 70.0, 1583635793, 2020-03-08 02:49:53, 0, 16, -72.272164542, 73.4650024389, 525.6279375
773, 42239, 0.002, 70.0, 1583635973, 2020-03-08 02:52:53, 0, 18, -81.2465276762, 39.841521367, 525.9414375
774, 42240, 0.002, 70.0, 1583637072, 2020-03-08 03:11:12, 3, 20, -24.9633202999, -84.7303134733, 498.09515625
775, 42241, 0.002, 70.0, 1583637252, 2020-03-08 03:14:12, 0, 19, -13.6332539495, -87.1240010789, 493.2900625
776, 42242, 0.002, 70.0, 1583637432, 2020-03-08 03:17:12, 0, 17, -2.2846261332, -89.3664273152, 489.8905625
777, 42243, 0.002, 70.0, 1583637612, 2020-03-08 03:20:12, 0, 15, 9.07321390075, -91.5861500027, 488.14940625
778, 42244, 0.002, 70.0, 1583637792, 2020-03-08 03:23:12, 0, 13, 20.4310816823, -93.9041727727, 488.089
779, 42245, 0.002, 70.0, 1583637972, 2020-03-08 03:26:12, 0, 12, 31.7773116754, -96.4764220138, 489.50703125
780, 42246, 0.002, 70.0, 1583638152, 2020-03-08 03:29:12, 0, 10, 43.0931831851, -99.5656960845, 492.0155625
781, 42247, 0.002, 70.0, 1583638332, 2020-03-08 03:32:12, 5, 8, 54.3407323125, -103.728341213, 495.10840625
782, 42248, 0.002, 70.0, 1583638512, 2020-03-08 03:35:12, 0, 6, 65.4183565787, -110.476192452, 498.245625
783, 42249, 0.002, 70.0, 1583638692, 2020-03-08 03:38:12, 0, 5, 75.9141033692, -125.718292338, 500.94190625
784, 42250, 0.002, 70.0, 1583638872, 2020-03-08 03:41:12, 0, 5, 82.652173777, 179.069910806, 502.84390625
785, 42251, 0.002, 70.0, 1583639052, 2020-03-08 03:44:12, 1, 6, 76.9323957819, 117.208545991, 503.784
786, 42252, 0.002, 70.0, 1583639412, 2020-03-08 03:50:12, 0, 9, 55.5579130036, 92.8902243604, 503.1276875
787, 42253, 1.5, 70.0, 1583639594, 2020-03-08 03:53:14, 9, 11, 44.225690021, 88.5169020467, 502.1278125
788, 42254, 1.5, 70.0, 1583639774, 2020-03-08 03:56:14, 9, 12, 32.9498092689, 85.3593260844, 501.277625
789, 42255, 1.5, 70.0, 1583639954, 2020-03-08 03:59:14, 14, 14, 21.6460630525, 82.7546266146, 501.0065
790, 42256, 1.5, 70.0, 1583640134, 2020-03-08 04:02:14, 4, 15, 10.3326034533, 80.4237630889, 501.6624375
791, 42257, 1.5, 70.0, 1583640314, 2020-03-08 04:05:14, 7, 16, -0.980289773728, 78.205181043, 503.43678125
792, 42258, 0.002, 70.0, 1583640968, 2020-03-08 04:16:08, 0, 20, -41.9521215372, 68.9725547959, 517.16690625
793, 42259, 0.002, 70.0, 1583641148, 2020-03-08 04:19:08, 0, 22, -53.1249483951, 64.9916473406, 521.151625
794, 42260, 0.002, 70.0, 1583641328, 2020-03-08 04:22:08, 54, 23, -64.1466368271, 58.7266426648, 524.19778125
795, 42261, 0.002, 70.0, 1583641508, 2020-03-08 04:25:08, 0, 23, -74.6881663757, 45.3619227252, 525.8250625
796, 42262, 0.002, 70.0, 1583641688, 2020-03-08 04:28:08, 0, 23, -82.3826340219, -1.32583043118, 525.713
797, 42263, 0.002, 70.0, 1583641868, 2020-03-08 04:31:08, 46, 23, -78.1961105518, -70.1960739025, 523.7535
798, 42264, 0.002, 70.0, 1583642048, 2020-03-08 04:34:08, 1, 22, -68.1202974518, -90.2303779432, 520.07375
799, 42265, 0.002, 70.0, 1583642228, 2020-03-08 04:37:08, 9, 22, -57.1878181205, -98.1469018695, 515.023625
800, 42266, 0.002, 70.0, 1583642408, 2020-03-08 04:40:08, 4, 21, -46.0274392823, -102.739165897, 509.13071875
801, 42267, 0.002, 70.0, 1583642588, 2020-03-08 04:43:08, 4, 20, -34.7727491921, -106.024896699, 503.02840625
802, 42268, 0.002, 70.0, 1583642768, 2020-03-08 04:46:08, 0, 18, -23.4686563436, -108.695609947, 497.3685
803, 42269, 0.002, 70.0, 1583642948, 2020-03-08 04:49:08, 0, 17, -12.1354515213, -111.060610758, 492.7311875
804, 42270, 0.002, 70.0, 1583643128, 2020-03-08 04:52:08, 0, 15, -0.785037076941, -113.293242503, 489.54621875
805, 42271, 1.5, 70.0, 1583643310, 2020-03-08 04:55:10, 3, 13, 10.6996176919, -115.543864966, 488.0294375
806, 42272, 1.5, 70.0, 1583643490, 2020-03-08 04:58:10, 196, 11, 22.0566581669, -117.887261889, 488.20428125
807, 42273, 0.002, 70.0, 1583643668, 2020-03-08 05:01:08, 0, 9, 33.2740520091, -120.48188683, 489.78784375
808, 42274, 0.002, 70.0, 1583643848, 2020-03-08 05:04:08, 6, 7, 44.5837353675, -123.670751889, 492.4104375
809, 42275, 0.002, 70.0, 1583644028, 2020-03-08 05:07:08, 0, 5, 55.8170845316, -128.05158058, 495.5456875
810, 42276, 0.002, 70.0, 1583644208, 2020-03-08 05:10:08, 1, 3, 66.8553122667, -135.390468578, 498.6556875
811, 42277, 0.002, 70.0, 1583644388, 2020-03-08 05:13:08, 0, 3, 77.1795734977, -153.026904938, 501.26825
812, 42278, 0.002, 70.0, 1583645693, 2020-03-08 05:34:53, 0, 10, 17.4506193554, 58.2333527427, 501.15021875
813, 42279, 0.002, 70.0, 1583645873, 2020-03-08 05:37:53, 0, 9, 6.13646307691, 55.9597296173, 502.20375
814, 42280, 0.002, 70.0, 1583646053, 2020-03-08 05:40:53, 0, 10, -5.17422688054, 53.7512664967, 504.3970625
815, 42281, 0.002, 70.0, 1583646233, 2020-03-08 05:43:53, 0, 11, -16.474366757, 51.4900025986, 507.6480625
816, 42282, 0.002, 70.0, 1583646413, 2020-03-08 05:46:53, 0, 13, -27.7560173115, 49.0400888757, 511.67446875
817, 42283, 0.002, 70.0, 1583646593, 2020-03-08 05:49:53, 0, 15, -39.0068415146, 46.1930986904, 516.02909375
818, 42284, 0.002, 70.0, 1583647306, 2020-03-08 06:01:46, 4, 16, -80.8310267785, -3.57073794714, 525.91375
819, 42285, 0.002, 70.0, 1583647486, 2020-03-08 06:04:46, 1590, 17, -80.6360931796, -80.3540131971, 524.5053125
820, 42286, 0.002, 70.0, 1583647666, 2020-03-08 06:07:46, 0, 17, -71.3113618316, -109.974159888, 521.31475
821, 42287, 0.002, 70.0, 1583648026, 2020-03-08 06:13:46, 3, 17, -49.4032944301, -125.178666412, 510.926375
822, 42288, 0.002, 70.0, 1583648206, 2020-03-08 06:16:46, 1, 17, -38.1702150584, -128.755049084, 504.81940625
823, 42289, 0.002, 70.0, 1583649159, 2020-03-08 06:32:39, 0, 21, 21.8531185296, -141.478257166, 488.18315625
824, 42290, 0.002, 70.0, 1583649339, 2020-03-08 06:35:39, 0, 16, 33.1968025696, -144.097429807, 489.7749375
825, 42291, 0.002, 70.0, 1583649519, 2020-03-08 06:38:39, 0, 11, 44.5068035317, -147.280912677, 492.3985
826, 42292, 0.002, 70.0, 1583649699, 2020-03-08 06:41:39, 3, 8, 55.7408903563, -151.649843179, 495.538
827, 42293, 0.002, 70.0, 1583649879, 2020-03-08 06:44:39, 31, 5, 66.7812525255, -158.955864306, 498.65521875
828, 42294, 0.002, 70.0, 1583650059, 2020-03-08 06:47:39, 0, 3, 77.1153765497, -176.45489092, 501.277
829, 42295, 0.002, 70.0, 1583650239, 2020-03-08 06:50:39, 0, 2, 82.6302488698, 120.488471132, 503.07065625
830, 42296, 0.002, 70.0, 1583650419, 2020-03-08 06:53:39, 176, 2, 75.7255969784, 66.5649814157, 503.89375
831, 42297, 0.002, 70.0, 1583650599, 2020-03-08 06:56:39, 3, 2, 65.2218520363, 51.6409087981, 503.8109375
832, 42298, 0.002, 70.0, 1583650779, 2020-03-08 06:59:39, 0, 3, 54.1616310921, 44.9753886597, 503.0748125
833, 42299, 1.5, 70.0, 1583650958, 2020-03-08 07:02:38, 6, 4, 43.0049029901, 40.8640450818, 502.0805
834, 42300, 1.5, 70.0, 1583651321, 2020-03-08 07:08:41, 19, 7, 20.2310322718, 35.1821507309, 501.0796875
835, 42301, 1.5, 70.0, 1583651501, 2020-03-08 07:11:41, 11, 8, 8.91731568674, 32.8728603577, 501.859625
836, 42302, 1.5, 70.0, 1583651681, 2020-03-08 07:14:41, 10, 10, -2.39485044535, 30.659486331, 503.76696875
837, 42303, 0.002, 70.0, 1583651859, 2020-03-08 07:17:39, 7, 11, -13.572687247, 28.4478300969, 506.732125
838, 42304, 0.002, 70.0, 1583652039, 2020-03-08 07:20:39, 2, 12, -24.8599880755, 26.0620689258, 510.59003125
839, 42305, 0.002, 70.0, 1583652219, 2020-03-08 07:23:39, 14, 12, -36.1203796661, 23.3444425234, 514.903625
840, 42306, 0.002, 70.0, 1583652399, 2020-03-08 07:26:39, 12, 13, -47.3335592817, 19.9607565637, 519.1425625
841, 42307, 0.002, 70.0, 1583652579, 2020-03-08 07:29:39, 4, 14, -58.4509830602, 15.1437041805, 522.73184375
842, 42308, 0.002, 70.0, 1583653703, 2020-03-08 07:48:23, 3, 18, -49.1069495975, -148.92386004, 510.73503125
843, 42309, 0.002, 70.0, 1583653883, 2020-03-08 07:51:23, 0, 17, -37.8716811502, -152.471965728, 504.62815625
844, 42310, 1.5, 70.0, 1583654065, 2020-03-08 07:54:25, 7, 16, -26.4526652463, -155.300087516, 498.7293125
845, 42311, 1.5, 70.0, 1583654245, 2020-03-08 07:57:25, 0, 14, -15.125616132, -157.72550135, 493.78153125
846, 42312, 1.5, 70.0, 1583654425, 2020-03-08 08:00:25, 15, 13, -3.77866213894, -159.979887248, 490.1928125
847, 42313, 1.5, 70.0, 1583654605, 2020-03-08 08:03:25, 26, 11, 7.57861739261, -162.195928463, 488.244125
848, 42314, 0.002, 70.0, 1583654783, 2020-03-08 08:06:23, 0, 9, 18.8109761794, -164.466925381, 487.98203125
849, 42315, 0.002, 70.0, 1583654963, 2020-03-08 08:09:23, 0, 7, 30.1597999367, -166.990489034, 489.22821875
850, 42316, 0.002, 70.0, 1583655143, 2020-03-08 08:12:23, 0, 5, 41.481613711, -169.982234833, 491.6291875
851, 42317, 0.002, 70.0, 1583655323, 2020-03-08 08:15:23, 8, 3, 52.7426217262, -173.935152173, 494.68996875
852, 42318, 0.002, 70.0, 1583658567, 2020-03-08 09:09:27, 13, 26, -76.9666969919, -31.4477789536, 525.886875
853, 42319, 0.002, 70.0, 1583658747, 2020-03-08 09:12:27, 170, 27, -82.6547829093, -92.9496948175, 525.33125
854, 42320, 0.002, 70.0, 1583658927, 2020-03-08 09:15:27, 2, 29, -76.0051293003, -148.185366326, 522.94021875
855, 42321, 0.002, 70.0, 1583659107, 2020-03-08 09:18:27, 13, 30, -65.5878272324, -163.527118672, 518.89575
856, 42322, 0.002, 70.0, 1583659287, 2020-03-08 09:21:27, 0, 31, -54.5781087069, -170.315220215, 513.59496875
857, 42323, 0.002, 70.0, 1583659467, 2020-03-08 09:24:27, 0, 30, -43.3885444704, -174.49759093, 507.59753125
858, 42324, 1.5, 70.0, 1583659649, 2020-03-08 09:27:29, 13, 29, -31.9937808607, -177.628549646, 501.48425
859, 42325, 1.5, 70.0, 1583659829, 2020-03-08 09:30:29, 1, 27, -20.6808446248, 179.797148367, 496.03765625
860, 42326, 1.5, 70.0, 1583660009, 2020-03-08 09:33:29, 0, 25, -9.34224139174, 177.477971295, 491.73903125
861, 42327, 1.5, 70.0, 1583660189, 2020-03-08 09:36:29, 54, 22, 2.01114087655, 175.257941249, 488.97075
862, 42328, 1.5, 70.0, 1583660369, 2020-03-08 09:39:29, 3, 20, 13.3702967891, 173.016081919, 487.8991875
863, 42329, 1.5, 70.0, 1583660549, 2020-03-08 09:42:29, 22, 17, 24.7254521319, 170.623821822, 488.45825
864, 42330, 0.002, 70.0, 1583660727, 2020-03-08 09:45:27, 0, 15, 35.9372144832, 167.929667365, 490.34090625
865, 42331, 0.002, 70.0, 1583660907, 2020-03-08 09:48:27, 1, 13, 47.2340912368, 164.537877386, 493.1513125
866, 42332, 0.002, 70.0, 1583661087, 2020-03-08 09:51:27, 1, 11, 58.4374524554, 159.699275756, 496.34528125
867, 42333, 0.002, 70.0, 1583661267, 2020-03-08 09:54:27, 5, 9, 69.3874341464, 151.04583589, 499.39203125
868, 42334, 0.002, 70.0, 1583661447, 2020-03-08 09:57:27, 0, 8, 79.2746725537, 127.549124544, 501.8459375
869, 42335, 0.002, 70.0, 1583661627, 2020-03-08 10:00:27, 0, 7, 81.8433974172, 53.2423934979, 503.41653125
870, 42336, 0.002, 70.0, 1583661807, 2020-03-08 10:03:27, 248, 7, 73.2942545398, 14.1279039331, 504.01109375
871, 42337, 0.002, 70.0, 1583661989, 2020-03-08 10:06:29, 1, 8, 62.4503798376, 2.27785912328, 503.73571875
872, 42338, 1.5, 70.0, 1583662169, 2020-03-08 10:09:29, 111, 9, 51.3330892478, -3.49201105234, 502.89140625
873, 42339, 1.5, 70.0, 1583662349, 2020-03-08 10:12:29, 5, 11, 40.0931591963, -7.27267272916, 501.89278125
874, 42340, 1.5, 70.0, 1583662529, 2020-03-08 10:15:29, 8, 12, 28.8044411037, -10.1816673718, 501.1959375
875, 42341, 1.5, 70.0, 1583662709, 2020-03-08 10:18:29, 5, 14, 17.4959257077, -12.6620949648, 501.21603125
876, 42342, 1.5, 70.0, 1583662889, 2020-03-08 10:21:29, 32, 15, 6.18197134669, -14.9362030335, 502.2505625
877, 42343, 0.002, 70.0, 1583663067, 2020-03-08 10:24:27, 0, 17, -5.00296885175, -17.1200655203, 504.3923125
878, 42344, 0.002, 70.0, 1583663247, 2020-03-08 10:27:27, 0, 18, -16.3032295372, -19.3796013805, 507.61071875
879, 42345, 0.002, 70.0, 1583663427, 2020-03-08 10:30:27, 15, 20, -27.5852028181, -21.8253777163, 511.6093125
880, 42346, 0.002, 70.0, 1583663607, 2020-03-08 10:33:27, 68, 21, -38.8366605213, -24.6640897124, 515.94384375
881, 42347, 0.002, 70.0, 1583663787, 2020-03-08 10:36:27, 72, 23, -50.0330583621, -28.2957661804, 520.06609375
882, 42348, 0.002, 70.0, 1583664147, 2020-03-08 10:42:27, 0, 26, -71.8591908143, -44.0693879721, 525.4450625
883, 42349, 0.002, 70.0, 1583664327, 2020-03-08 10:45:27, 12, 28, -80.9909761485, -75.8771247251, 525.820125
884, 42350, 0.002, 70.0, 1583664507, 2020-03-08 10:48:27, 1, 29, -80.4651676957, -152.559597055, 524.358625
885, 42351, 0.002, 70.0, 1583664687, 2020-03-08 10:51:27, 0, 30, -71.0617867193, 178.770133803, 521.122625
886, 42352, 0.002, 70.0, 1583664867, 2020-03-08 10:54:27, 467, 31, -60.2541530008, 169.020598839, 516.40378125
887, 42353, 0.002, 70.0, 1583665047, 2020-03-08 10:57:27, 1, 31, -49.1358003166, 163.8169919, 510.68671875
888, 42354, 0.002, 70.0, 1583665227, 2020-03-08 11:00:27, 0, 31, -37.9005352843, 160.266113155, 504.58378125
