# ordinar image ID, original image ID, exposure [s], dacs, bias [V], detector type, UTC time, human readable time, chip-board id, adrenalin mode, anomaly mode, latitude [deg], longitude [deg], 
1, 37863, 0.002, [1 100 255 127 127 0 385 7 130 128 80 85 128 128], 70.0, TPX, 1573899335, 2019-11-16 10:15:35, I07-W0167, 0, 0, 41.4641147663, -6.76757981322 
2, 37864, 1.5, [1 100 255 127 127 0 385 7 130 128 80 85 128 128], 70.0, TPX, 1573899517, 2019-11-16 10:18:37, I07-W0167, 0, 0, 30.0414361735, -9.7895188908 
3, 37865, 1.5, [1 100 255 127 127 0 385 7 130 128 80 85 128 128], 70.0, TPX, 1573899697, 2019-11-16 10:21:37, I07-W0167, 0, 0, 18.7230477391, -12.3096017083 
4, 37866, 1.5, [1 100 255 127 127 0 385 7 130 128 80 85 128 128], 70.0, TPX, 1573899877, 2019-11-16 10:24:37, I07-W0167, 0, 0, 7.39967838921, -14.6034276795 
5, 37867, 0.002, [1 100 255 127 127 0 385 7 130 128 80 85 128 128], 70.0, TPX, 1573901200, 2019-11-16 10:46:40, I07-W0167, 0, 0, -74.4291929231, -48.6103743544 
6, 37868, 0.002, [1 100 255 127 127 0 385 7 130 128 80 85 128 128], 70.0, TPX, 1573901380, 2019-11-16 10:49:40, I07-W0167, 0, 0, -82.2785351087, -93.6508000753 
7, 37869, 0.002, [1 100 255 127 127 0 385 7 130 128 80 85 128 128], 70.0, TPX, 1573901560, 2019-11-16 10:52:40, I07-W0167, 0, 0, -78.4295254365, -163.58192411 
8, 37871, 0.002, [1 100 255 127 127 0 385 7 130 128 80 85 128 128], 70.0, TPX, 1573901920, 2019-11-16 10:58:40, I07-W0167, 0, 0, -57.5240444276, 167.602542285 
9, 37875, 1.5, [1 100 255 127 127 0 385 7 130 128 80 85 128 128], 70.0, TPX, 1573902642, 2019-11-16 11:10:42, I07-W0167, 0, 0, -12.4250771553, 154.543288895 
10, 37877, 1.5, [1 100 255 127 127 0 385 7 130 128 80 85 128 128], 70.0, TPX, 1573903002, 2019-11-16 11:16:42, I07-W0167, 0, 0, 10.2579102121, 150.080962387 
11, 37879, 1.5, [1 100 255 127 127 0 385 7 130 128 80 85 128 128], 70.0, TPX, 1573903362, 2019-11-16 11:22:42, I07-W0167, 0, 0, 32.9446729666, 145.128078032 
12, 37882, 0.002, [1 100 255 127 127 0 385 7 130 128 80 85 128 128], 70.0, TPX, 1573903900, 2019-11-16 11:31:40, I07-W0167, 0, 0, 66.4176474051, 130.510858493 
13, 37885, 0.002, [1 100 255 127 127 0 385 7 130 128 80 85 128 128], 70.0, TPX, 1573904440, 2019-11-16 11:40:40, I07-W0167, 0, 0, 76.0162078671, -3.42337234695 
14, 37888, 1.5, [1 100 255 127 127 0 385 7 130 128 80 85 128 128], 70.0, TPX, 1573904982, 2019-11-16 11:49:42, I07-W0167, 0, 0, 43.1222319796, -29.9040571637 
15, 37889, 0.002, [1 100 255 127 127 0 385 7 130 128 80 85 128 128], 70.0, TPX, 1573907018, 2019-11-16 12:23:38, I07-W0167, 0, 0, -81.3211474929, -102.875926775 
16, 37890, 0.002, [1 100 255 127 127 0 385 7 130 128 80 85 128 128], 70.0, TPX, 1573907198, 2019-11-16 12:26:38, I07-W0167, 0, 0, -80.0558822701, -178.778125124 
17, 37891, 0.002, [1 100 255 127 127 0 385 7 130 128 80 85 128 128], 70.0, TPX, 1573907378, 2019-11-16 12:29:38, I07-W0167, 0, 0, -70.5140192084, 154.53334414 
18, 37896, 1.5, [1 100 255 127 127 0 385 7 130 128 80 85 128 128], 70.0, TPX, 1573908280, 2019-11-16 12:44:40, I07-W0167, 0, 0, -14.6571624852, 131.355547987 
19, 37898, 1.5, [1 100 255 127 127 0 385 7 130 128 80 85 128 128], 70.0, TPX, 1573908640, 2019-11-16 12:50:40, I07-W0167, 0, 0, 8.02150564136, 126.884465176 
20, 37900, 1.5, [1 100 255 127 127 0 385 7 130 128 80 85 128 128], 70.0, TPX, 1573909000, 2019-11-16 12:56:40, I07-W0167, 0, 0, 30.712126599, 122.035713885 
21, 37901, 1.5, [1 100 255 127 127 0 385 7 130 128 80 85 128 128], 70.0, TPX, 1573909180, 2019-11-16 12:59:40, I07-W0167, 0, 0, 42.0285274483, 119.007044083 
22, 37902, 0.002, [1 100 255 127 127 0 385 7 130 128 80 85 128 128], 70.0, TPX, 1573909358, 2019-11-16 13:02:38, I07-W0167, 0, 0, 53.1599736052, 115.031696401 
23, 37904, 0.002, [1 100 255 127 127 0 385 7 130 128 80 85 128 128], 70.0, TPX, 1573909718, 2019-11-16 13:08:38, I07-W0167, 0, 0, 74.8737357852, 94.9712737172 
24, 37905, 0.002, [1 100 255 127 127 0 385 7 130 128 80 85 128 128], 70.0, TPX, 1573909898, 2019-11-16 13:11:38, I07-W0167, 0, 0, 82.4450141395, 46.4423118026 
25, 37907, 0.002, [1 100 255 127 127 0 385 7 130 128 80 85 128 128], 70.0, TPX, 1573910258, 2019-11-16 13:17:38, I07-W0167, 0, 0, 67.6774894577, -40.5316641712 
26, 37910, 1.5, [1 100 255 127 127 0 385 7 130 128 80 85 128 128], 70.0, TPX, 1573910980, 2019-11-16 13:29:40, I07-W0167, 0, 0, 22.7456039804, -58.729572816 
27, 37911, 1.5, [1 100 255 127 127 0 385 7 130 128 80 85 128 128], 70.0, TPX, 1573911160, 2019-11-16 13:32:40, I07-W0167, 0, 0, 11.422900574, -61.0840346452 
28, 37914, 0.002, [1 100 255 127 127 0 385 7 130 128 80 85 128 128], 70.0, TPX, 1573911698, 2019-11-16 13:41:38, I07-W0167, 0, 0, -22.3780117371, -67.8576015461 
29, 37916, 0.002, [1 100 255 127 127 0 385 7 130 128 80 85 128 128], 70.0, TPX, 1573913423, 2019-11-16 14:10:23, I07-W0167, 0, 0, -47.8763031885, 116.18489188 
30, 37918, 1.5, [1 100 255 127 127 0 385 7 130 128 80 85 128 128], 70.0, TPX, 1573913785, 2019-11-16 14:16:25, I07-W0167, 0, 0, -25.2455198107, 109.969276302 
31, 37919, 1.5, [1 100 255 127 127 0 385 7 130 128 80 85 128 128], 70.0, TPX, 1573913965, 2019-11-16 14:19:25, I07-W0167, 0, 0, -13.9319014096, 107.568000357 
32, 37920, 1.5, [1 100 255 127 127 0 385 7 130 128 80 85 128 128], 70.0, TPX, 1573914145, 2019-11-16 14:22:25, I07-W0167, 0, 0, -2.59757216744, 105.321551139 
33, 37921, 1.5, [1 100 255 127 127 0 385 7 130 128 80 85 128 128], 70.0, TPX, 1573914325, 2019-11-16 14:25:25, I07-W0167, 0, 0, 8.74851866048, 103.100756112 
34, 37922, 1.5, [1 100 255 127 127 0 385 7 130 128 80 85 128 128], 70.0, TPX, 1573914505, 2019-11-16 14:28:25, I07-W0167, 0, 0, 20.0975550075, 100.784953153 
35, 37924, 0.002, [1 100 255 127 127 0 385 7 130 128 80 85 128 128], 70.0, TPX, 1573915043, 2019-11-16 14:37:23, I07-W0167, 0, 0, 53.8777411095, 91.0780454002 
36, 37926, 0.002, [1 100 255 127 127 0 385 7 130 128 80 85 128 128], 70.0, TPX, 1573915403, 2019-11-16 14:43:23, I07-W0167, 0, 0, 75.5102752648, 69.8447631226 
37, 37931, 0.002, [1 100 255 127 127 0 385 7 130 128 80 85 128 128], 70.0, TPX, 1573917114, 2019-11-16 15:11:54, I07-W0167, 0, 0, -6.21653082322, -88.188417759 
38, 37933, 0.002, [1 100 255 127 127 0 385 7 130 128 80 85 128 128], 70.0, TPX, 1573918026, 2019-11-16 15:27:06, I07-W0167, 0, 0, -63.0042467075, -105.832217062 
39, 37934, 0.002, [1 100 255 127 127 0 385 7 130 128 80 85 128 128], 70.0, TPX, 1573918206, 2019-11-16 15:30:06, I07-W0167, 0, 0, -73.6209219972, -117.92954076 
40, 37935, 0.002, [1 100 255 127 127 0 385 7 130 128 80 85 128 128], 70.0, TPX, 1573918386, 2019-11-16 15:33:06, I07-W0167, 0, 0, -81.9495931984, -158.301709769 
41, 37941, 1.5, [1 100 255 127 127 0 385 7 130 128 80 85 128 128], 70.0, TPX, 1573919468, 2019-11-16 15:51:08, I07-W0167, 0, 0, -24.6474274659, 86.1957168991 
42, 37942, 1.5, [1 100 255 127 127 0 385 7 130 128 80 85 128 128], 70.0, TPX, 1573919648, 2019-11-16 15:54:08, I07-W0167, 0, 0, -13.3323414279, 83.8065098976 
43, 37943, 1.5, [1 100 255 127 127 0 385 7 130 128 80 85 128 128], 70.0, TPX, 1573919828, 2019-11-16 15:57:08, I07-W0167, 0, 0, -1.99706855243, 81.5644046802 
44, 37944, 1.5, [1 100 255 127 127 0 385 7 130 128 80 85 128 128], 70.0, TPX, 1573920008, 2019-11-16 16:00:08, I07-W0167, 0, 0, 9.34950700547, 79.3416835396 
45, 37945, 1.5, [1 100 255 127 127 0 385 7 130 128 80 85 128 128], 70.0, TPX, 1573920188, 2019-11-16 16:03:08, I07-W0167, 0, 0, 20.6985040789, 77.0170628068 
46, 37946, 1.5, [1 100 255 127 127 0 385 7 130 128 80 85 128 128], 70.0, TPX, 1573920368, 2019-11-16 16:06:08, I07-W0167, 0, 0, 32.0383649205, 74.4329222064 
47, 37952, 1.5, [1 100 255 127 127 0 385 7 130 128 80 85 128 128], 70.0, TPX, 1573922378, 2019-11-16 16:39:38, I07-W0167, 0, 0, 19.5347832784, -106.698483124 
48, 37953, 1.5, [1 100 255 127 127 0 385 7 130 128 80 85 128 128], 70.0, TPX, 1573922558, 2019-11-16 16:42:38, I07-W0167, 0, 0, 8.21183569274, -109.00297529 
49, 37956, 0.002, [1 100 255 127 127 0 385 7 130 128 80 85 128 128], 70.0, TPX, 1573923922, 2019-11-16 17:05:22, I07-W0167, 0, 0, -75.9633217124, -146.767514677 
50, 37960, 0.002, [1 100 255 127 127 0 385 7 130 128 80 85 128 128], 70.0, TPX, 1573924642, 2019-11-16 17:17:22, I07-W0167, 0, 0, -55.7962353792, 72.1736527236 
51, 37963, 1.5, [1 100 255 127 127 0 385 7 130 128 80 85 128 128], 70.0, TPX, 1573925184, 2019-11-16 17:26:24, I07-W0167, 0, 0, -21.9764171045, 61.969821388 
52, 37964, 1.5, [1 100 255 127 127 0 385 7 130 128 80 85 128 128], 70.0, TPX, 1573925364, 2019-11-16 17:29:24, I07-W0167, 0, 0, -10.6555501652, 59.6287398993 
53, 37965, 1.5, [1 100 255 127 127 0 385 7 130 128 80 85 128 128], 70.0, TPX, 1573925544, 2019-11-16 17:32:24, I07-W0167, 0, 0, 0.683260161328, 57.401838683 
54, 37966, 1.5, [1 100 255 127 127 0 385 7 130 128 80 85 128 128], 70.0, TPX, 1573925724, 2019-11-16 17:35:24, I07-W0167, 0, 0, 12.0313543157, 55.1665431642 
55, 37967, 1.5, [1 100 255 127 127 0 385 7 130 128 80 85 128 128], 70.0, TPX, 1573925904, 2019-11-16 17:38:24, I07-W0167, 0, 0, 23.3794848089, 52.7972666547 
56, 37969, 0.002, [1 100 255 127 127 0 385 7 130 128 80 85 128 128], 70.0, TPX, 1573926622, 2019-11-16 17:50:22, I07-W0167, 0, 0, 68.1099360548, 34.2978119882 
57, 37973, 0.002, [1 100 255 127 127 0 385 7 130 128 80 85 128 128], 70.0, TPX, 1573927342, 2019-11-16 18:02:22, I07-W0167, 0, 0, 63.8307952196, -114.803800309 
58, 37974, 0.002, [1 100 255 127 127 0 385 7 130 128 80 85 128 128], 70.0, TPX, 1573927522, 2019-11-16 18:05:22, I07-W0167, 0, 0, 52.7288828007, -121.005953584 
59, 37975, 0.002, [1 100 255 127 127 0 385 7 130 128 80 85 128 128], 70.0, TPX, 1573927702, 2019-11-16 18:08:22, I07-W0167, 0, 0, 41.4867500133, -124.960674095 
60, 37976, 1.5, [1 100 255 127 127 0 385 7 130 128 80 85 128 128], 70.0, TPX, 1573927884, 2019-11-16 18:11:24, I07-W0167, 0, 0, 30.0646963827, -127.983825104 
61, 37977, 1.5, [1 100 255 127 127 0 385 7 130 128 80 85 128 128], 70.0, TPX, 1573928064, 2019-11-16 18:14:24, I07-W0167, 0, 0, 18.746893637, -130.504492756 
62, 37978, 1.5, [1 100 255 127 127 0 385 7 130 128 80 85 128 128], 70.0, TPX, 1573928244, 2019-11-16 18:17:24, I07-W0167, 0, 0, 7.42406301832, -132.798548393 
63, 37979, 1.5, [1 100 255 127 127 0 385 7 130 128 80 85 128 128], 70.0, TPX, 1573928424, 2019-11-16 18:20:24, I07-W0167, 0, 0, -3.89405220853, -135.012813759 
64, 37980, 1.5, [1 100 255 127 127 0 385 7 130 128 80 85 128 128], 70.0, TPX, 1573928604, 2019-11-16 18:23:24, I07-W0167, 0, 0, -15.1998807788, -137.266175128 
65, 37985, 0.002, [1 100 255 127 127 0 385 7 130 128 80 85 128 128], 70.0, TPX, 1573930224, 2019-11-16 18:50:24, I07-W0167, 0, 0, -61.4039811965, 51.6587219315 
66, 37987, 0.002, [1 100 255 127 127 0 385 7 130 128 80 85 128 128], 70.0, TPX, 1573930584, 2019-11-16 18:56:24, I07-W0167, 0, 0, -39.1157010696, 42.502194237 
67, 37989, 1.5, [1 100 255 127 127 0 385 7 130 128 80 85 128 128], 70.0, TPX, 1573930946, 2019-11-16 19:02:26, I07-W0167, 0, 0, -16.4112831299, 37.15550508 
68, 37990, 1.5, [1 100 255 127 127 0 385 7 130 128 80 85 128 128], 70.0, TPX, 1573931126, 2019-11-16 19:05:26, I07-W0167, 0, 0, -5.08033952711, 34.887240238 
69, 37991, 1.5, [1 100 255 127 127 0 385 7 130 128 80 85 128 128], 70.0, TPX, 1573931306, 2019-11-16 19:08:26, I07-W0167, 0, 0, 6.26419956721, 32.6707926262 
70, 37992, 1.5, [1 100 255 127 127 0 385 7 130 128 80 85 128 128], 70.0, TPX, 1573931486, 2019-11-16 19:11:26, I07-W0167, 0, 0, 17.6136884142, 30.3870198398 
71, 37993, 1.5, [1 100 255 127 127 0 385 7 130 128 80 85 128 128], 70.0, TPX, 1573931666, 2019-11-16 19:14:26, I07-W0167, 0, 0, 28.957614926, 27.8933006987 
72, 37998, 0.002, [1 100 255 127 127 0 385 7 130 128 80 85 128 128], 70.0, TPX, 1573932966, 2019-11-16 19:36:06, I07-W0167, 0, 0, 66.8283330195, -135.91946673 
73, 37999, 0.002, [1 100 255 127 127 0 385 7 130 128 80 85 128 128], 70.0, TPX, 1573933146, 2019-11-16 19:39:06, I07-W0167, 0, 0, 55.8001559078, -143.25879186 
74, 38000, 0.002, [1 100 255 127 127 0 385 7 130 128 80 85 128 128], 70.0, TPX, 1573933326, 2019-11-16 19:42:06, I07-W0167, 0, 0, 44.5839573486, -147.641546665 
75, 38004, 0.002, [1 100 255 127 127 0 385 7 130 128 80 85 128 128], 70.0, TPX, 1573934046, 2019-11-16 19:54:06, I07-W0167, 0, 0, -0.658245127105, -158.020688466 
76, 38007, 0.002, [1 100 255 127 127 0 385 7 130 128 80 85 128 128], 70.0, TPX, 1573935183, 2019-11-16 20:13:03, I07-W0167, 0, 0, -71.1351019699, 175.177631885 
77, 38008, 0.002, [1 100 255 127 127 0 385 7 130 128 80 85 128 128], 70.0, TPX, 1573935363, 2019-11-16 20:16:03, I07-W0167, 0, 0, -80.4929529052, 146.291313889 
78, 38011, 0.002, [1 100 255 127 127 0 385 7 130 128 80 85 128 128], 70.0, TPX, 1573935903, 2019-11-16 20:25:03, I07-W0167, 0, 0, -61.0672118893, 27.8029833997 
79, 38013, 0.002, [1 100 255 127 127 0 385 7 130 128 80 85 128 128], 70.0, TPX, 1573936263, 2019-11-16 20:31:03, I07-W0167, 0, 0, -38.7703667052, 18.765251478 
80, 38014, 0.002, [1 100 255 127 127 0 385 7 130 128 80 85 128 128], 70.0, TPX, 1573936443, 2019-11-16 20:34:03, I07-W0167, 0, 0, -27.4978822647, 15.921254623 
81, 38016, 1.5, [1 100 255 127 127 0 385 7 130 128 80 85 128 128], 70.0, TPX, 1573936805, 2019-11-16 20:40:05, I07-W0167, 0, 0, -4.7318146106, 11.1790090329 
82, 38017, 1.5, [1 100 255 127 127 0 385 7 130 128 80 85 128 128], 70.0, TPX, 1573936985, 2019-11-16 20:43:05, I07-W0167, 0, 0, 6.61310868185, 8.96227113808 
83, 38020, 1.5, [1 100 255 127 127 0 385 7 130 128 80 85 128 128], 70.0, TPX, 1573937525, 2019-11-16 20:52:05, I07-W0167, 0, 0, 40.6274541592, 1.22258881351 
84, 38022, 0.002, [1 100 255 127 127 0 385 7 130 128 80 85 128 128], 70.0, TPX, 1573937883, 2019-11-16 20:58:03, I07-W0167, 0, 0, 62.9039317192, -8.50686486013 
85, 38027, 0.002, [1 100 255 127 127 0 385 7 130 128 80 85 128 128], 70.0, TPX, 1573941498, 2019-11-16 21:58:18, I07-W0167, 0, 0, -65.8206000793, 7.68710470228 
86, 38028, 0.002, [1 100 255 127 127 0 385 7 130 128 80 85 128 128], 70.0, TPX, 1573941678, 2019-11-16 22:01:18, I07-W0167, 0, 0, -54.8361703292, 0.800020377544 
87, 38029, 0.002, [1 100 255 127 127 0 385 7 130 128 80 85 128 128], 70.0, TPX, 1573941858, 2019-11-16 22:04:18, I07-W0167, 0, 0, -43.6677318678, -3.42319326792 
88, 38030, 0.002, [1 100 255 127 127 0 385 7 130 128 80 85 128 128], 70.0, TPX, 1573942038, 2019-11-16 22:07:18, I07-W0167, 0, 0, -32.4176521553, -6.54401747643 
89, 38032, 1.5, [1 100 255 127 127 0 385 7 130 128 80 85 128 128], 70.0, TPX, 1573942400, 2019-11-16 22:13:20, I07-W0167, 0, 0, -9.6737403542, -11.4866697814 
90, 38033, 1.5, [1 100 255 127 127 0 385 7 130 128 80 85 128 128], 70.0, TPX, 1573942580, 2019-11-16 22:16:20, I07-W0167, 0, 0, 1.66652336186, -13.7097110871 
91, 38040, 0.002, [1 100 255 127 127 0 385 7 130 128 80 85 128 128], 70.0, TPX, 1573944198, 2019-11-16 22:43:18, I07-W0167, 0, 0, 73.5868256929, -174.303039822 
92, 38041, 0.002, [1 100 255 127 127 0 385 7 130 128 80 85 128 128], 70.0, TPX, 1573944378, 2019-11-16 22:46:18, I07-W0167, 0, 0, 62.8787214909, 173.580200902 
93, 38042, 0.002, [1 100 255 127 127 0 385 7 130 128 80 85 128 128], 70.0, TPX, 1573944558, 2019-11-16 22:49:18, I07-W0167, 0, 0, 51.7583504858, 167.67098078 
94, 38044, 1.5, [1 100 255 127 127 0 385 7 130 128 80 85 128 128], 70.0, TPX, 1573944920, 2019-11-16 22:55:20, I07-W0167, 0, 0, 29.0851550483, 160.864068896 
95, 38045, 1.5, [1 100 255 127 127 0 385 7 130 128 80 85 128 128], 70.0, TPX, 1573945280, 2019-11-16 23:01:20, I07-W0167, 0, 0, 6.44431549758, 156.088523572 
96, 38046, 1.5, [1 100 255 127 127 0 385 7 130 128 80 85 128 128], 70.0, TPX, 1573945460, 2019-11-16 23:04:20, I07-W0167, 0, 0, -4.87272952401, 153.875528621 
97, 38047, 1.5, [1 100 255 127 127 0 385 7 130 128 80 85 128 128], 70.0, TPX, 1573945640, 2019-11-16 23:07:20, I07-W0167, 0, 0, -16.1768881131, 151.613110421 
98, 38048, 1.5, [1 100 255 127 127 0 385 7 130 128 80 85 128 128], 70.0, TPX, 1573945820, 2019-11-16 23:10:20, I07-W0167, 0, 0, -27.4599798374, 149.166126849 
99, 38049, 1.5, [1 100 255 127 127 0 385 7 130 128 80 85 128 128], 70.0, TPX, 1573946000, 2019-11-16 23:13:20, I07-W0167, 0, 0, -38.709663399, 146.328825287 
100, 38051, 0.002, [1 100 255 127 127 0 385 7 130 128 80 85 128 128], 70.0, TPX, 1573947023, 2019-11-16 23:30:23, I07-W0167, 0, 0, -74.4751191151, -4.37925091786 
101, 38052, 0.002, [1 100 255 127 127 0 385 7 130 128 80 85 128 128], 70.0, TPX, 1573947203, 2019-11-16 23:33:23, I07-W0167, 0, 0, -63.9199086977, -17.4983350569 
102, 38053, 0.002, [1 100 255 127 127 0 385 7 130 128 80 85 128 128], 70.0, TPX, 1573947383, 2019-11-16 23:36:23, I07-W0167, 0, 0, -52.8888731518, -23.7046171813 
103, 38054, 0.002, [1 100 255 127 127 0 385 7 130 128 80 85 128 128], 70.0, TPX, 1573947563, 2019-11-16 23:39:23, I07-W0167, 0, 0, -41.7016345947, -27.6667552768 
104, 38055, 0.002, [1 100 255 127 127 0 385 7 130 128 80 85 128 128], 70.0, TPX, 1573947743, 2019-11-16 23:42:23, I07-W0167, 0, 0, -30.4417399003, -30.6661184447 
105, 38056, 0.002, [1 100 255 127 127 0 385 7 130 128 80 85 128 128], 70.0, TPX, 1573947923, 2019-11-16 23:45:23, I07-W0167, 0, 0, -19.1406933162, -33.1953033431 
106, 38057, 1.5, [1 100 255 127 127 0 385 7 130 128 80 85 128 128], 70.0, TPX, 1573948105, 2019-11-16 23:48:25, I07-W0167, 0, 0, -7.68805153725, -35.5198455287 
107, 38058, 1.5, [1 100 255 127 127 0 385 7 130 128 80 85 128 128], 70.0, TPX, 1573948285, 2019-11-16 23:51:25, I07-W0167, 0, 0, 3.6544192904, -37.7377138198 
108, 38059, 1.5, [1 100 255 127 127 0 385 7 130 128 80 85 128 128], 70.0, TPX, 1573948465, 2019-11-16 23:54:25, I07-W0167, 0, 0, 15.0038594723, -39.994975227 
109, 38060, 1.5, [1 100 255 127 127 0 385 7 130 128 80 85 128 128], 70.0, TPX, 1573948645, 2019-11-16 23:57:25, I07-W0167, 0, 0, 26.3504275597, -42.4248218541 
110, 38061, 1.5, [1 100 255 127 127 0 385 7 130 128 80 85 128 128], 70.0, TPX, 1573948825, 2019-11-17 00:00:25, I07-W0167, 0, 0, 37.6797255138, -45.2263127343 
111, 38063, 0.002, [1 100 255 127 127 0 385 7 130 128 80 85 128 128], 70.0, TPX, 1573949183, 2019-11-17 00:06:23, I07-W0167, 0, 0, 60.0230467201, -53.9130463573 
112, 38067, 0.002, [1 100 255 127 127 0 385 7 130 128 80 85 128 128], 70.0, TPX, 1573949903, 2019-11-17 00:18:23, I07-W0167, 0, 0, 71.7734446194, 159.021447783 
113, 38068, 0.002, [1 100 255 127 127 0 385 7 130 128 80 85 128 128], 70.0, TPX, 1573950083, 2019-11-17 00:21:23, I07-W0167, 0, 0, 60.9467819939, 148.650515869 
114, 38069, 1.5, [1 100 255 127 127 0 385 7 130 128 80 85 128 128], 70.0, TPX, 1573950265, 2019-11-17 00:24:25, I07-W0167, 0, 0, 49.6689648831, 143.211076158 
115, 38070, 1.5, [1 100 255 127 127 0 385 7 130 128 80 85 128 128], 70.0, TPX, 1573950445, 2019-11-17 00:27:25, I07-W0167, 0, 0, 38.4073558113, 139.595392578 
116, 38071, 1.5, [1 100 255 127 127 0 385 7 130 128 80 85 128 128], 70.0, TPX, 1573950625, 2019-11-17 00:30:25, I07-W0167, 0, 0, 27.1033637081, 136.763842035 
117, 38072, 1.5, [1 100 255 127 127 0 385 7 130 128 80 85 128 128], 70.0, TPX, 1573950805, 2019-11-17 00:33:25, I07-W0167, 0, 0, 15.7835016603, 134.320259898 
118, 38073, 1.5, [1 100 255 127 127 0 385 7 130 128 80 85 128 128], 70.0, TPX, 1573950985, 2019-11-17 00:36:25, I07-W0167, 0, 0, 4.46152652282, 132.059385321 
119, 38074, 1.5, [1 100 255 127 127 0 385 7 130 128 80 85 128 128], 70.0, TPX, 1573951165, 2019-11-17 00:39:25, I07-W0167, 0, 0, -6.85369313071, 129.846267426 
120, 38077, 0.002, [1 100 255 127 127 0 385 7 130 128 80 85 128 128], 70.0, TPX, 1573952656, 2019-11-17 01:04:16, I07-W0167, 0, 0, -76.6679103667, -22.550182023 
121, 38078, 0.002, [1 100 255 127 127 0 385 7 130 128 80 85 128 128], 70.0, TPX, 1573952836, 2019-11-17 01:07:16, I07-W0167, 0, 0, -66.3575554008, -39.1154483526 
122, 38079, 0.002, [1 100 255 127 127 0 385 7 130 128 80 85 128 128], 70.0, TPX, 1573953016, 2019-11-17 01:10:16, I07-W0167, 0, 0, -55.3878788593, -46.2215771642 
123, 38080, 0.002, [1 100 255 127 127 0 385 7 130 128 80 85 128 128], 70.0, TPX, 1573953196, 2019-11-17 01:13:16, I07-W0167, 0, 0, -44.225003587, -50.5262799823 
124, 38081, 0.002, [1 100 255 127 127 0 385 7 130 128 80 85 128 128], 70.0, TPX, 1573953376, 2019-11-17 01:16:16, I07-W0167, 0, 0, -32.9776354596, -53.6844604164 
125, 38082, 0.002, [1 100 255 127 127 0 385 7 130 128 80 85 128 128], 70.0, TPX, 1573953556, 2019-11-17 01:19:16, I07-W0167, 0, 0, -21.6840457345, -56.2930940752 
126, 38083, 0.002, [1 100 255 127 127 0 385 7 130 128 80 85 128 128], 70.0, TPX, 1573953736, 2019-11-17 01:22:16, I07-W0167, 0, 0, -10.3620321771, -58.6295378654 
127, 38085, 1.5, [1 100 255 127 127 0 385 7 130 128 80 85 128 128], 70.0, TPX, 1573954098, 2019-11-17 01:28:18, I07-W0167, 0, 0, 12.4524525535, -63.1177644515 
128, 38086, 1.5, [1 100 255 127 127 0 385 7 130 128 80 85 128 128], 70.0, TPX, 1573954278, 2019-11-17 01:31:18, I07-W0167, 0, 0, 23.8007657542, -65.4949366597 
129, 38087, 1.5, [1 100 255 127 127 0 385 7 130 128 80 85 128 128], 70.0, TPX, 1573954458, 2019-11-17 01:34:18, I07-W0167, 0, 0, 35.1356883691, -68.1891457586 
130, 38089, 0.002, [1 100 255 127 127 0 385 7 130 128 80 85 128 128], 70.0, TPX, 1573954816, 2019-11-17 01:40:16, I07-W0167, 0, 0, 57.5244883899, -76.1568414621 
131, 38093, 0.002, [1 100 255 127 127 0 385 7 130 128 80 85 128 128], 70.0, TPX, 1573955536, 2019-11-17 01:52:16, I07-W0167, 0, 0, 74.091774748, 139.392003205 
132, 38094, 0.002, [1 100 255 127 127 0 385 7 130 128 80 85 128 128], 70.0, TPX, 1573955716, 2019-11-17 01:55:16, I07-W0167, 0, 0, 63.4238115678, 126.693547728 
133, 38095, 1.5, [1 100 255 127 127 0 385 7 130 128 80 85 128 128], 70.0, TPX, 1573955898, 2019-11-17 01:58:18, I07-W0167, 0, 0, 52.1896940073, 120.568452647 
134, 38096, 1.5, [1 100 255 127 127 0 385 7 130 128 80 85 128 128], 70.0, TPX, 1573956078, 2019-11-17 02:01:18, I07-W0167, 0, 0, 40.9442110121, 116.679206331 
135, 38097, 1.5, [1 100 255 127 127 0 385 7 130 128 80 85 128 128], 70.0, TPX, 1573956258, 2019-11-17 02:04:18, I07-W0167, 0, 0, 29.6468151641, 113.716919137 
136, 38098, 1.5, [1 100 255 127 127 0 385 7 130 128 80 85 128 128], 70.0, TPX, 1573956438, 2019-11-17 02:07:18, I07-W0167, 0, 0, 18.3291558523, 111.208101863 
137, 38099, 1.5, [1 100 255 127 127 0 385 7 130 128 80 85 128 128], 70.0, TPX, 1573956618, 2019-11-17 02:10:18, I07-W0167, 0, 0, 7.00688616293, 108.919353284 
138, 38100, 1.5, [1 100 255 127 127 0 385 7 130 128 80 85 128 128], 70.0, TPX, 1573956798, 2019-11-17 02:13:18, I07-W0167, 0, 0, -4.31041242943, 106.705784597 
139, 38101, 1.5, [1 100 255 127 127 0 385 7 130 128 80 85 128 128], 70.0, TPX, 1573956978, 2019-11-17 02:16:18, I07-W0167, 0, 0, -15.6152160445, 104.448734925 
140, 38103, 0.002, [1 100 255 127 127 0 385 7 130 128 80 85 128 128], 70.0, TPX, 1573957336, 2019-11-17 02:22:16, I07-W0167, 0, 0, -38.0263507839, 99.2384548912 
141, 38104, 0.002, [1 100 255 127 127 0 385 7 130 128 80 85 128 128], 70.0, TPX, 1573958289, 2019-11-17 02:38:09, I07-W0167, 0, 0, -78.7091943622, -38.7672487239 
142, 38105, 0.002, [1 100 255 127 127 0 385 7 130 128 80 85 128 128], 70.0, TPX, 1573958469, 2019-11-17 02:41:09, I07-W0167, 0, 0, -68.7680794228, -60.3359854972 
143, 38106, 0.002, [1 100 255 127 127 0 385 7 130 128 80 85 128 128], 70.0, TPX, 1573958649, 2019-11-17 02:44:09, I07-W0167, 0, 0, -57.8780121511, -68.6101312982 
144, 38107, 0.002, [1 100 255 127 127 0 385 7 130 128 80 85 128 128], 70.0, TPX, 1573958829, 2019-11-17 02:47:09, I07-W0167, 0, 0, -46.7443154469, -73.3311512217 
145, 38108, 0.002, [1 100 255 127 127 0 385 7 130 128 80 85 128 128], 70.0, TPX, 1573959009, 2019-11-17 02:50:09, I07-W0167, 0, 0, -35.5112599809, -76.6761134239 
146, 38109, 1.5, [1 100 255 127 127 0 385 7 130 128 80 85 128 128], 70.0, TPX, 1573959191, 2019-11-17 02:53:11, I07-W0167, 0, 0, -24.1003856625, -79.4053477329 
147, 38110, 1.5, [1 100 255 127 127 0 385 7 130 128 80 85 128 128], 70.0, TPX, 1573959371, 2019-11-17 02:56:11, I07-W0167, 0, 0, -12.7832932565, -81.7840362431 
148, 38111, 1.5, [1 100 255 127 127 0 385 7 130 128 80 85 128 128], 70.0, TPX, 1573959551, 2019-11-17 02:59:11, I07-W0167, 0, 0, -1.44652830481, -84.0225624414 
149, 38112, 1.5, [1 100 255 127 127 0 385 7 130 128 80 85 128 128], 70.0, TPX, 1573959731, 2019-11-17 03:02:11, I07-W0167, 0, 0, 9.90105502616, -86.2474077708 
150, 38113, 1.5, [1 100 255 127 127 0 385 7 130 128 80 85 128 128], 70.0, TPX, 1573959911, 2019-11-17 03:05:11, I07-W0167, 0, 0, 21.2504858166, -88.5805730702 
151, 38114, 0.002, [1 100 255 127 127 0 385 7 130 128 80 85 128 128], 70.0, TPX, 1573960269, 2019-11-17 03:11:09, I07-W0167, 0, 0, 43.7745560264, -94.2906043854 
152, 38115, 0.002, [1 100 255 127 127 0 385 7 130 128 80 85 128 128], 70.0, TPX, 1573960449, 2019-11-17 03:14:09, I07-W0167, 0, 0, 55.0156813609, -98.5585095594 
153, 38119, 0.002, [1 100 255 127 127 0 385 7 130 128 80 85 128 128], 70.0, TPX, 1573961169, 2019-11-17 03:26:09, I07-W0167, 0, 0, 76.3201717757, 121.004874415 
154, 38120, 0.002, [1 100 255 127 127 0 385 7 130 128 80 85 128 128], 70.0, TPX, 1573961349, 2019-11-17 03:29:09, I07-W0167, 0, 0, 65.8819966497, 105.022204438 
155, 38121, 0.002, [1 100 255 127 127 0 385 7 130 128 80 85 128 128], 70.0, TPX, 1573961529, 2019-11-17 03:32:09, I07-W0167, 0, 0, 54.8282746305, 98.0826639404 
156, 38122, 0.002, [1 100 255 127 127 0 385 7 130 128 80 85 128 128], 70.0, TPX, 1573961709, 2019-11-17 03:35:09, I07-W0167, 0, 0, 43.6036817689, 93.8466967309 
157, 38123, 1.5, [1 100 255 127 127 0 385 7 130 128 80 85 128 128], 70.0, TPX, 1573961891, 2019-11-17 03:38:11, I07-W0167, 0, 0, 32.1891959879, 90.6920782405 
158, 38124, 1.5, [1 100 255 127 127 0 385 7 130 128 80 85 128 128], 70.0, TPX, 1573962071, 2019-11-17 03:41:11, I07-W0167, 0, 0, 20.8744992707, 88.1067286966 
159, 38125, 1.5, [1 100 255 127 127 0 385 7 130 128 80 85 128 128], 70.0, TPX, 1573962431, 2019-11-17 03:47:11, I07-W0167, 0, 0, -1.76659491798, 83.5631434273 
160, 38126, 1.5, [1 100 255 127 127 0 385 7 130 128 80 85 128 128], 70.0, TPX, 1573962611, 2019-11-17 03:50:11, I07-W0167, 0, 0, -13.0747630415, 81.3263384367 
161, 38127, 1.5, [1 100 255 127 127 0 385 7 130 128 80 85 128 128], 70.0, TPX, 1573962791, 2019-11-17 03:53:11, I07-W0167, 0, 0, -24.3643861343, 78.9462224169 
162, 38130, 0.002, [1 100 255 127 127 0 385 7 130 128 80 85 128 128], 70.0, TPX, 1573963914, 2019-11-17 04:11:54, I07-W0167, 0, 0, -80.8126194187, -49.5924462739 
163, 38131, 0.002, [1 100 255 127 127 0 385 7 130 128 80 85 128 128], 70.0, TPX, 1573964094, 2019-11-17 04:14:54, I07-W0167, 0, 0, -71.6046296639, -80.3481528948 
164, 38132, 0.002, [1 100 255 127 127 0 385 7 130 128 80 85 128 128], 70.0, TPX, 1573964274, 2019-11-17 04:17:54, I07-W0167, 0, 0, -60.8456473828, -90.5365070218 
165, 38133, 0.002, [1 100 255 127 127 0 385 7 130 128 80 85 128 128], 70.0, TPX, 1573964634, 2019-11-17 04:23:54, I07-W0167, 0, 0, -38.5423545002, -99.498159174 
166, 38135, 1.5, [1 100 255 127 127 0 385 7 130 128 80 85 128 128], 70.0, TPX, 1573964996, 2019-11-17 04:29:56, I07-W0167, 0, 0, -15.8327490318, -104.803290045 
167, 38136, 1.5, [1 100 255 127 127 0 385 7 130 128 80 85 128 128], 70.0, TPX, 1573965176, 2019-11-17 04:32:56, I07-W0167, 0, 0, -4.50024601145, -107.066001943 
168, 38137, 1.5, [1 100 255 127 127 0 385 7 130 128 80 85 128 128], 70.0, TPX, 1573965356, 2019-11-17 04:35:56, I07-W0167, 0, 0, 6.84535731172, -109.283054027 
169, 38138, 1.5, [1 100 255 127 127 0 385 7 130 128 80 85 128 128], 70.0, TPX, 1573965536, 2019-11-17 04:38:56, I07-W0167, 0, 0, 18.1953592767, -111.573790191 
170, 38140, 0.002, [1 100 255 127 127 0 385 7 130 128 80 85 128 128], 70.0, TPX, 1573965894, 2019-11-17 04:44:54, I07-W0167, 0, 0, 40.7341690347, -117.00812092 
171, 38141, 0.002, [1 100 255 127 127 0 385 7 130 128 80 85 128 128], 70.0, TPX, 1573966074, 2019-11-17 04:47:54, I07-W0167, 0, 0, 52.0002518805, -120.879376519 
172, 38142, 0.002, [1 100 255 127 127 0 385 7 130 128 80 85 128 128], 70.0, TPX, 1573966254, 2019-11-17 04:50:54, I07-W0167, 0, 0, 63.1303183392, -126.868277628 
173, 38144, 0.002, [1 100 255 127 127 0 385 7 130 128 80 85 128 128], 70.0, TPX, 1573966614, 2019-11-17 04:56:54, I07-W0167, 0, 0, 82.081115321, 178.52124171 
174, 38145, 0.002, [1 100 255 127 127 0 385 7 130 128 80 85 128 128], 70.0, TPX, 1573966794, 2019-11-17 04:59:54, I07-W0167, 0, 0, 78.7952274249, 106.176902559 
175, 38146, 0.002, [1 100 255 127 127 0 385 7 130 128 80 85 128 128], 70.0, TPX, 1573966974, 2019-11-17 05:02:54, I07-W0167, 0, 0, 68.7920807075, 84.2507863823 
176, 38148, 1.5, [1 100 255 127 127 0 385 7 130 128 80 85 128 128], 70.0, TPX, 1573967336, 2019-11-17 05:08:56, I07-W0167, 0, 0, 46.5096916188, 71.1575801224 
177, 38149, 1.5, [1 100 255 127 127 0 385 7 130 128 80 85 128 128], 70.0, TPX, 1573967516, 2019-11-17 05:11:56, I07-W0167, 0, 0, 35.2324482439, 67.8230612795 
178, 38150, 1.5, [1 100 255 127 127 0 385 7 130 128 80 85 128 128], 70.0, TPX, 1573967696, 2019-11-17 05:14:56, I07-W0167, 0, 0, 23.9224319139, 65.1288931617 
179, 38151, 1.5, [1 100 255 127 127 0 385 7 130 128 80 85 128 128], 70.0, TPX, 1573967876, 2019-11-17 05:17:56, I07-W0167, 0, 0, 12.601212366, 62.7530665008 
180, 38152, 1.5, [1 100 255 127 127 0 385 7 130 128 80 85 128 128], 70.0, TPX, 1573968056, 2019-11-17 05:20:56, I07-W0167, 0, 0, 1.28066046921, 60.5178119631 
181, 38153, 1.5, [1 100 255 127 127 0 385 7 130 128 80 85 128 128], 70.0, TPX, 1573968416, 2019-11-17 05:26:56, I07-W0167, 0, 0, -21.3264477654, 55.9698963539 
182, 38157, 0.002, [1 100 255 127 127 0 385 7 130 128 80 85 128 128], 70.0, TPX, 1573969743, 2019-11-17 05:49:03, I07-W0167, 0, 0, -73.0077485948, -101.74309892 
183, 38158, 0.002, [1 100 255 127 127 0 385 7 130 128 80 85 128 128], 70.0, TPX, 1573969923, 2019-11-17 05:52:03, I07-W0167, 0, 0, -62.3363225086, -113.200372421 
184, 38159, 0.002, [1 100 255 127 127 0 385 7 130 128 80 85 128 128], 70.0, TPX, 1573970103, 2019-11-17 05:55:03, I07-W0167, 0, 0, -51.2723791113, -118.93258136 
185, 38160, 0.002, [1 100 255 127 127 0 385 7 130 128 80 85 128 128], 70.0, TPX, 1573970283, 2019-11-17 05:58:03, I07-W0167, 0, 0, -40.0709542513, -122.705345631 
186, 38162, 1.5, [1 100 255 127 127 0 385 7 130 128 80 85 128 128], 70.0, TPX, 1573970645, 2019-11-17 06:04:05, I07-W0167, 0, 0, -17.3714762459, -128.125264661 
187, 38163, 1.5, [1 100 255 127 127 0 385 7 130 128 80 85 128 128], 70.0, TPX, 1573970825, 2019-11-17 06:07:05, I07-W0167, 0, 0, -6.04131726113, -130.403761126 
188, 38164, 1.5, [1 100 255 127 127 0 385 7 130 128 80 85 128 128], 70.0, TPX, 1573971005, 2019-11-17 06:10:05, I07-W0167, 0, 0, 5.30310358554, -132.62008921 
189, 38165, 1.5, [1 100 255 127 127 0 385 7 130 128 80 85 128 128], 70.0, TPX, 1573971185, 2019-11-17 06:13:05, I07-W0167, 0, 0, 16.6531503736, -134.89335375 
190, 38167, 0.002, [1 100 255 127 127 0 385 7 130 128 80 85 128 128], 70.0, TPX, 1573971543, 2019-11-17 06:19:03, I07-W0167, 0, 0, 39.1981585284, -140.207199943 
191, 38168, 0.002, [1 100 255 127 127 0 385 7 130 128 80 85 128 128], 70.0, TPX, 1573971723, 2019-11-17 06:22:03, I07-W0167, 0, 0, 50.4747701107, -143.909285416 
192, 38169, 0.002, [1 100 255 127 127 0 385 7 130 128 80 85 128 128], 70.0, TPX, 1573971903, 2019-11-17 06:25:03, I07-W0167, 0, 0, 61.632191477, -149.479045136 
193, 38170, 0.002, [1 100 255 127 127 0 385 7 130 128 80 85 128 128], 70.0, TPX, 1573972083, 2019-11-17 06:28:03, I07-W0167, 0, 0, 72.4298941005, -160.433056639 
194, 38172, 0.002, [1 100 255 127 127 0 385 7 130 128 80 85 128 128], 70.0, TPX, 1573972443, 2019-11-17 06:34:03, I07-W0167, 0, 0, 79.9175845998, 88.5001612531 
195, 38173, 0.002, [1 100 255 127 127 0 385 7 130 128 80 85 128 128], 70.0, TPX, 1573972623, 2019-11-17 06:37:03, I07-W0167, 0, 0, 70.2418703209, 62.3400313013 
196, 38175, 1.5, [1 100 255 127 127 0 385 7 130 128 80 85 128 128], 70.0, TPX, 1573972985, 2019-11-17 06:43:05, I07-W0167, 0, 0, 48.037717634, 48.0515146162 
197, 38176, 1.5, [1 100 255 127 127 0 385 7 130 128 80 85 128 128], 70.0, TPX, 1573973345, 2019-11-17 06:49:05, I07-W0167, 0, 0, 25.4607476091, 41.8314047738 
198, 38177, 1.5, [1 100 255 127 127 0 385 7 130 128 80 85 128 128], 70.0, TPX, 1573973525, 2019-11-17 06:52:05, I07-W0167, 0, 0, 14.1403348774, 39.4246578465 
199, 38178, 1.5, [1 100 255 127 127 0 385 7 130 128 80 85 128 128], 70.0, TPX, 1573973705, 2019-11-17 06:55:05, I07-W0167, 0, 0, 2.81926986258, 37.1782940061 
200, 38179, 1.5, [1 100 255 127 127 0 385 7 130 128 80 85 128 128], 70.0, TPX, 1573973885, 2019-11-17 06:58:05, I07-W0167, 0, 0, -8.49397714694, 34.9624201302 
201, 38182, 0.002, [1 100 255 127 127 0 385 7 130 128 80 85 128 128], 70.0, TPX, 1573974920, 2019-11-17 07:15:20, I07-W0167, 0, 0, -72.4410477994, 7.72859297884 
202, 38183, 0.002, [1 100 255 127 127 0 385 7 130 128 80 85 128 128], 70.0, TPX, 1573975100, 2019-11-17 07:18:20, I07-W0167, 0, 0, -81.3298081728, -26.6484270056 
203, 38184, 0.002, [1 100 255 127 127 0 385 7 130 128 80 85 128 128], 70.0, TPX, 1573975280, 2019-11-17 07:21:20, I07-W0167, 0, 0, -80.0444280428, -102.531917467 
204, 38185, 0.002, [1 100 255 127 127 0 385 7 130 128 80 85 128 128], 70.0, TPX, 1573975460, 2019-11-17 07:24:20, I07-W0167, 0, 0, -70.4974218487, -129.168234547 
205, 38186, 0.002, [1 100 255 127 127 0 385 7 130 128 80 85 128 128], 70.0, TPX, 1573975640, 2019-11-17 07:27:20, I07-W0167, 0, 0, -59.680936205, -138.522042011 
206, 38194, 0.002, [1 100 255 127 127 0 385 7 130 128 80 85 128 128], 70.0, TPX, 1573977260, 2019-11-17 07:54:20, I07-W0167, 0, 0, 41.9321739697, -164.642980337 
207, 38195, 0.002, [1 100 255 127 127 0 385 7 130 128 80 85 128 128], 70.0, TPX, 1573977620, 2019-11-17 08:00:20, I07-W0167, 0, 0, 64.2949134038, -175.020332628 
208, 38196, 0.002, [1 100 255 127 127 0 385 7 130 128 80 85 128 128], 70.0, TPX, 1573977800, 2019-11-17 08:03:20, I07-W0167, 0, 0, 74.8996426927, 171.234440734 
209, 38198, 0.002, [1 100 255 127 127 0 385 7 130 128 80 85 128 128], 70.0, TPX, 1573978160, 2019-11-17 08:09:20, I07-W0167, 0, 0, 77.8534263008, 55.0166785686 
210, 38199, 0.002, [1 100 255 127 127 0 385 7 130 128 80 85 128 128], 70.0, TPX, 1573978340, 2019-11-17 08:12:20, I07-W0167, 0, 0, 67.6515962106, 35.7630446593 
211, 38200, 0.002, [1 100 255 127 127 0 385 7 130 128 80 85 128 128], 70.0, TPX, 1573978519, 2019-11-17 08:15:19, I07-W0167, 0, 0, 56.7111904448, 28.0707507208 
212, 38201, 1.5, [1 100 255 127 127 0 385 7 130 128 80 85 128 128], 70.0, TPX, 1573978702, 2019-11-17 08:18:22, I07-W0167, 0, 0, 45.3173079295, 23.4780256556 
213, 38202, 1.5, [1 100 255 127 127 0 385 7 130 128 80 85 128 128], 70.0, TPX, 1573978882, 2019-11-17 08:21:22, I07-W0167, 0, 0, 34.035239026, 20.234995489 
214, 38203, 1.5, [1 100 255 127 127 0 385 7 130 128 80 85 128 128], 70.0, TPX, 1573979062, 2019-11-17 08:24:22, I07-W0167, 0, 0, 22.7234861203, 17.5861064028 
215, 38204, 1.5, [1 100 255 127 127 0 385 7 130 128 80 85 128 128], 70.0, TPX, 1573979242, 2019-11-17 08:27:22, I07-W0167, 0, 0, 11.4020898414, 15.2322114793 
216, 38205, 0.002, [1 100 255 127 127 0 385 7 130 128 80 85 128 128], 70.0, TPX, 1573980807, 2019-11-17 08:53:27, I07-W0167, 0, 0, -82.2447188422, -63.848321485 
217, 38206, 0.002, [1 100 255 127 127 0 385 7 130 128 80 85 128 128], 70.0, TPX, 1573980987, 2019-11-17 08:56:27, I07-W0167, 0, 0, -78.5112828008, -134.1946937 
218, 38207, 0.002, [1 100 255 127 127 0 385 7 130 128 80 85 128 128], 70.0, TPX, 1573981167, 2019-11-17 08:59:27, I07-W0167, 0, 0, -68.5245900091, -155.163552034 
219, 38208, 0.002, [1 100 255 127 127 0 385 7 130 128 80 85 128 128], 70.0, TPX, 1573981347, 2019-11-17 09:02:27, I07-W0167, 0, 0, -57.6250082839, -163.304058354 
220, 38209, 0.002, [1 100 255 127 127 0 385 7 130 128 80 85 128 128], 70.0, TPX, 1573981527, 2019-11-17 09:05:27, I07-W0167, 0, 0, -46.4876471832, -167.978885708 
221, 38212, 1.5, [1 100 255 127 127 0 385 7 130 128 80 85 128 128], 70.0, TPX, 1573982069, 2019-11-17 09:14:29, I07-W0167, 0, 0, -12.5222161057, -176.396369859 
222, 38213, 1.5, [1 100 255 127 127 0 385 7 130 128 80 85 128 128], 70.0, TPX, 1573982249, 2019-11-17 09:17:29, I07-W0167, 0, 0, -1.18468233084, -178.633297793 
223, 38217, 0.002, [1 100 255 127 127 0 385 7 130 128 80 85 128 128], 70.0, TPX, 1573982967, 2019-11-17 09:29:27, I07-W0167, 0, 0, 44.0361454414, 171.066991816 
224, 38218, 0.002, [1 100 255 127 127 0 385 7 130 128 80 85 128 128], 70.0, TPX, 1573983147, 2019-11-17 09:32:27, I07-W0167, 0, 0, 55.2749007003, 166.760461923 
225, 38219, 0.002, [1 100 255 127 127 0 385 7 130 128 80 85 128 128], 70.0, TPX, 1573983327, 2019-11-17 09:35:27, I07-W0167, 0, 0, 66.329940946, 159.631670543 
226, 38222, 0.002, [1 100 255 127 127 0 385 7 130 128 80 85 128 128], 70.0, TPX, 1573983867, 2019-11-17 09:44:27, I07-W0167, 0, 0, 76.0962235333, 25.8314953999 
227, 38223, 0.002, [1 100 255 127 127 0 385 7 130 128 80 85 128 128], 70.0, TPX, 1573984048, 2019-11-17 09:47:28, I07-W0167, 0, 0, 65.569795533, 10.1927203254 
228, 38225, 1.5, [1 100 255 127 127 0 385 7 130 128 80 85 128 128], 70.0, TPX, 1573984409, 2019-11-17 09:53:29, I07-W0167, 0, 0, 43.2189406281, -0.833253249916 
229, 38226, 1.5, [1 100 255 127 127 0 385 7 130 128 80 85 128 128], 70.0, TPX, 1573984589, 2019-11-17 09:56:29, I07-W0167, 0, 0, 31.9291877617, -3.93169679614 
230, 38227, 1.5, [1 100 255 127 127 0 385 7 130 128 80 85 128 128], 70.0, TPX, 1573984769, 2019-11-17 09:59:29, I07-W0167, 0, 0, 20.6146105729, -6.50858416256 
231, 38228, 1.5, [1 100 255 127 127 0 385 7 130 128 80 85 128 128], 70.0, TPX, 1573984949, 2019-11-17 10:02:29, I07-W0167, 0, 0, 9.29291974198, -8.82833539734 
232, 38229, 0.002, [1 100 255 127 127 0 385 7 130 128 80 85 128 128], 70.0, TPX, 1573986631, 2019-11-17 10:30:31, I07-W0167, 0, 0, -79.8699918417, -150.905857993 
233, 38231, 0.002, [1 100 255 127 127 0 385 7 130 128 80 85 128 128], 70.0, TPX, 1573986991, 2019-11-17 10:36:31, I07-W0167, 0, 0, -59.4322695079, 174.053232483 
234, 38232, 0.002, [1 100 255 127 127 0 385 7 130 128 80 85 128 128], 70.0, TPX, 1573987171, 2019-11-17 10:39:31, I07-W0167, 0, 0, -48.3194697675, 169.024423745 
235, 38234, 1.5, [1 100 255 127 127 0 385 7 130 128 80 85 128 128], 70.0, TPX, 1573987533, 2019-11-17 10:45:33, I07-W0167, 0, 0, -25.6903290501, 162.749911446 
236, 38235, 1.5, [1 100 255 127 127 0 385 7 130 128 80 85 128 128], 70.0, TPX, 1573987713, 2019-11-17 10:48:33, I07-W0167, 0, 0, -14.3762607103, 160.339127877 
237, 38236, 1.5, [1 100 255 127 127 0 385 7 130 128 80 85 128 128], 70.0, TPX, 1573987893, 2019-11-17 10:51:33, I07-W0167, 0, 0, -3.04116349878, 158.089044999 
238, 38237, 1.5, [1 100 255 127 127 0 385 7 130 128 80 85 128 128], 70.0, TPX, 1573988073, 2019-11-17 10:54:33, I07-W0167, 0, 0, 8.30589593534, 155.8692745 
239, 38238, 1.5, [1 100 255 127 127 0 385 7 130 128 80 85 128 128], 70.0, TPX, 1573988253, 2019-11-17 10:57:33, I07-W0167, 0, 0, 19.6560908532, 153.559536749 
240, 38239, 1.5, [1 100 255 127 127 0 385 7 130 128 80 85 128 128], 70.0, TPX, 1573988433, 2019-11-17 11:00:33, I07-W0167, 0, 0, 30.9982056572, 151.007764416 
241, 38240, 1.5, [1 100 255 127 127 0 385 7 130 128 80 85 128 128], 70.0, TPX, 1573988613, 2019-11-17 11:03:33, I07-W0167, 0, 0, 42.3142786575, 147.961773254 
242, 38242, 0.002, [1 100 255 127 127 0 385 7 130 128 80 85 128 128], 70.0, TPX, 1573989151, 2019-11-17 11:12:31, I07-W0167, 0, 0, 75.126220558, 123.439686589 
243, 38244, 0.002, [1 100 255 127 127 0 385 7 130 128 80 85 128 128], 70.0, TPX, 1573989511, 2019-11-17 11:18:31, I07-W0167, 0, 0, 77.6456382859, 6.98119824835 
244, 38245, 0.002, [1 100 255 127 127 0 385 7 130 128 80 85 128 128], 70.0, TPX, 1573989691, 2019-11-17 11:21:31, I07-W0167, 0, 0, 67.4065631742, -11.761171669 
245, 38247, 1.5, [1 100 255 127 127 0 385 7 130 128 80 85 128 128], 70.0, TPX, 1573990053, 2019-11-17 11:27:33, I07-W0167, 0, 0, 45.0623369678, -23.8854959584 
246, 38248, 1.5, [1 100 255 127 127 0 385 7 130 128 80 85 128 128], 70.0, TPX, 1573990233, 2019-11-17 11:30:33, I07-W0167, 0, 0, 33.7794689322, -27.1098472651 
247, 38249, 1.5, [1 100 255 127 127 0 385 7 130 128 80 85 128 128], 70.0, TPX, 1573990413, 2019-11-17 11:33:33, I07-W0167, 0, 0, 22.4675503944, -29.7494558318 
248, 38250, 0.002, [1 100 255 127 127 0 385 7 130 128 80 85 128 128], 70.0, TPX, 1573991825, 2019-11-17 11:57:05, I07-W0167, 0, 0, -65.6471679159, -55.2223799607 
249, 38251, 0.002, [1 100 255 127 127 0 385 7 130 128 80 85 128 128], 70.0, TPX, 1573992185, 2019-11-17 12:03:05, I07-W0167, 0, 0, -82.6391622667, -125.911982842 
250, 38252, 0.002, [1 100 255 127 127 0 385 7 130 128 80 85 128 128], 70.0, TPX, 1573992266, 2019-11-17 12:04:26, I07-W0167, 0, 0, -81.3598883259, -162.552491659 
251, 38255, 0.002, [1 100 255 127 127 0 385 7 130 128 80 85 128 128], 70.0, TPX, 1573992806, 2019-11-17 12:13:26, I07-W0167, 0, 0, -50.70654575, 146.283254265 
252, 38257, 1.5, [1 100 255 127 127 0 385 7 130 128 80 85 128 128], 70.0, TPX, 1573993168, 2019-11-17 12:19:28, I07-W0167, 0, 0, -28.1041144874, 139.662164507 
253, 38258, 1.5, [1 100 255 127 127 0 385 7 130 128 80 85 128 128], 70.0, TPX, 1573993348, 2019-11-17 12:22:28, I07-W0167, 0, 0, -16.7958432707, 137.195687576 
254, 38259, 1.5, [1 100 255 127 127 0 385 7 130 128 80 85 128 128], 70.0, TPX, 1573993528, 2019-11-17 12:25:28, I07-W0167, 0, 0, -5.46431184474, 134.92332462 
255, 38260, 1.5, [1 100 255 127 127 0 385 7 130 128 80 85 128 128], 70.0, TPX, 1573993708, 2019-11-17 12:28:28, I07-W0167, 0, 0, 5.88100290293, 132.706928235 
256, 38261, 1.5, [1 100 255 127 127 0 385 7 130 128 80 85 128 128], 70.0, TPX, 1573993888, 2019-11-17 12:31:28, I07-W0167, 0, 0, 17.2314266321, 130.4273526 
257, 38262, 1.5, [1 100 255 127 127 0 385 7 130 128 80 85 128 128], 70.0, TPX, 1573994068, 2019-11-17 12:34:28, I07-W0167, 0, 0, 28.5765193986, 127.943554308 
258, 38263, 1.5, [1 100 255 127 127 0 385 7 130 128 80 85 128 128], 70.0, TPX, 1573994248, 2019-11-17 12:37:28, I07-W0167, 0, 0, 39.9003292957, 125.033634175 
259, 38264, 0.002, [1 100 255 127 127 0 385 7 130 128 80 85 128 128], 70.0, TPX, 1573994426, 2019-11-17 12:40:26, I07-W0167, 0, 0, 51.0476351518, 121.306113078 
260, 38265, 0.002, [1 100 255 127 127 0 385 7 130 128 80 85 128 128], 70.0, TPX, 1573994606, 2019-11-17 12:43:26, I07-W0167, 0, 0, 62.1952722721, 115.58587063 
261, 38266, 0.002, [1 100 255 127 127 0 385 7 130 128 80 85 128 128], 70.0, TPX, 1573994786, 2019-11-17 12:46:26, I07-W0167, 0, 0, 72.958147761, 104.12430094 
262, 38269, 0.002, [1 100 255 127 127 0 385 7 130 128 80 85 128 128], 70.0, TPX, 1573995326, 2019-11-17 12:55:26, I07-W0167, 0, 0, 69.7002363198, -32.8937743969 
263, 38271, 1.5, [1 100 255 127 127 0 385 7 130 128 80 85 128 128], 70.0, TPX, 1573995688, 2019-11-17 13:01:28, I07-W0167, 0, 0, 47.4660137251, -46.7108987464 
264, 38272, 1.5, [1 100 255 127 127 0 385 7 130 128 80 85 128 128], 70.0, TPX, 1573995868, 2019-11-17 13:04:28, I07-W0167, 0, 0, 36.1937324827, -50.1240911233 
265, 38273, 1.5, [1 100 255 127 127 0 385 7 130 128 80 85 128 128], 70.0, TPX, 1573996048, 2019-11-17 13:07:28, I07-W0167, 0, 0, 24.8860145113, -52.8569795835 
266, 38274, 1.5, [1 100 255 127 127 0 385 7 130 128 80 85 128 128], 70.0, TPX, 1573996228, 2019-11-17 13:10:28, I07-W0167, 0, 0, 13.565754605, -55.2517224533 
267, 38275, 1.5, [1 100 255 127 127 0 385 7 130 128 80 85 128 128], 70.0, TPX, 1573996408, 2019-11-17 13:13:28, I07-W0167, 0, 0, 2.24531369877, -57.4936159349 
268, 38276, 0.002, [1 100 255 127 127 0 385 7 130 128 80 85 128 128], 70.0, TPX, 1573996586, 2019-11-17 13:16:26, I07-W0167, 0, 0, -8.9413519762, -59.686065677 
269, 38281, 0.002, [1 100 255 127 127 0 385 7 130 128 80 85 128 128], 70.0, TPX, 1573998765, 2019-11-17 13:52:45, I07-W0167, 0, 0, -32.8976197934, 117.176047951 
270, 38282, 1.5, [1 100 255 127 127 0 385 7 130 128 80 85 128 128], 70.0, TPX, 1573998947, 2019-11-17 13:55:47, I07-W0167, 0, 0, -21.4771797951, 114.542907574 
271, 38283, 1.5, [1 100 255 127 127 0 385 7 130 128 80 85 128 128], 70.0, TPX, 1573999127, 2019-11-17 13:58:47, I07-W0167, 0, 0, -10.1538650867, 112.209619331 
272, 38284, 1.5, [1 100 255 127 127 0 385 7 130 128 80 85 128 128], 70.0, TPX, 1573999307, 2019-11-17 14:01:47, I07-W0167, 0, 0, 1.18688965588, 109.984644228 
273, 38285, 1.5, [1 100 255 127 127 0 385 7 130 128 80 85 128 128], 70.0, TPX, 1573999487, 2019-11-17 14:04:47, I07-W0167, 0, 0, 12.5363955784, 107.746077049 
274, 38286, 1.5, [1 100 255 127 127 0 385 7 130 128 80 85 128 128], 70.0, TPX, 1573999667, 2019-11-17 14:07:47, I07-W0167, 0, 0, 23.8852705622, 105.367217784 
275, 38290, 0.002, [1 100 255 127 127 0 385 7 130 128 80 85 128 128], 70.0, TPX, 1574000385, 2019-11-17 14:19:45, I07-W0167, 0, 0, 68.5910067685, 86.4640750316 
276, 38292, 0.002, [1 100 255 127 127 0 385 7 130 128 80 85 128 128], 70.0, TPX, 1574000745, 2019-11-17 14:25:45, I07-W0167, 0, 0, 82.1561244584, -6.60926798111 
277, 38294, 0.002, [1 100 255 127 127 0 385 7 130 128 80 85 128 128], 70.0, TPX, 1574001105, 2019-11-17 14:31:45, I07-W0167, 0, 0, 63.343085562, -62.4848654627 
278, 38296, 1.5, [1 100 255 127 127 0 385 7 130 128 80 85 128 128], 70.0, TPX, 1574001467, 2019-11-17 14:37:47, I07-W0167, 0, 0, 40.8629659119, -72.4640450463 
279, 38297, 1.5, [1 100 255 127 127 0 385 7 130 128 80 85 128 128], 70.0, TPX, 1574001647, 2019-11-17 14:40:47, I07-W0167, 0, 0, 29.5662360073, -75.4216535603 
280, 38298, 1.5, [1 100 255 127 127 0 385 7 130 128 80 85 128 128], 70.0, TPX, 1574001827, 2019-11-17 14:43:47, I07-W0167, 0, 0, 18.2493877806, -77.9281144194 
281, 38299, 1.5, [1 100 255 127 127 0 385 7 130 128 80 85 128 128], 70.0, TPX, 1574002007, 2019-11-17 14:46:47, I07-W0167, 0, 0, 6.92797485302, -80.2157769985 
282, 38300, 1.5, [1 100 255 127 127 0 385 7 130 128 80 85 128 128], 70.0, TPX, 1574002367, 2019-11-17 14:52:47, I07-W0167, 0, 0, -15.6925047576, -84.6868188286 
283, 38301, 0.002, [1 100 255 127 127 0 385 7 130 128 80 85 128 128], 70.0, TPX, 1574002545, 2019-11-17 14:55:45, I07-W0167, 0, 0, -26.8508072182, -87.0936682088 
284, 38302, 0.002, [1 100 255 127 127 0 385 7 130 128 80 85 128 128], 70.0, TPX, 1574002725, 2019-11-17 14:58:45, I07-W0167, 0, 0, -38.1022683365, -89.9022078442 
285, 38303, 0.002, [1 100 255 127 127 0 385 7 130 128 80 85 128 128], 70.0, TPX, 1574003593, 2019-11-17 15:13:13, I07-W0167, 0, 0, -81.9536913119, 157.953889216 
286, 38306, 0.002, [1 100 255 127 127 0 385 7 130 128 80 85 128 128], 70.0, TPX, 1574004133, 2019-11-17 15:22:13, I07-W0167, 0, 0, -51.9464504804, 99.4999213628 
287, 38307, 0.002, [1 100 255 127 127 0 385 7 130 128 80 85 128 128], 70.0, TPX, 1574004313, 2019-11-17 15:25:13, I07-W0167, 0, 0, -40.7502063189, 95.6509731622 
288, 38308, 1.5, [1 100 255 127 127 0 385 7 130 128 80 85 128 128], 70.0, TPX, 1574004495, 2019-11-17 15:28:15, I07-W0167, 0, 0, -29.3597388982, 92.6754763827 
289, 38309, 1.5, [1 100 255 127 127 0 385 7 130 128 80 85 128 128], 70.0, TPX, 1574004675, 2019-11-17 15:31:15, I07-W0167, 0, 0, -18.0549647383, 90.176535562 
290, 38310, 1.5, [1 100 255 127 127 0 385 7 130 128 80 85 128 128], 70.0, TPX, 1574004855, 2019-11-17 15:34:15, I07-W0167, 0, 0, -6.72573935503, 87.8903004924 
291, 38312, 1.5, [1 100 255 127 127 0 385 7 130 128 80 85 128 128], 70.0, TPX, 1574005215, 2019-11-17 15:40:15, I07-W0167, 0, 0, 15.9682326641, 83.4074492652 
292, 38314, 1.5, [1 100 255 127 127 0 385 7 130 128 80 85 128 128], 70.0, TPX, 1574005575, 2019-11-17 15:46:15, I07-W0167, 0, 0, 38.6412658846, 78.1087729229 
293, 38317, 0.002, [1 100 255 127 127 0 385 7 130 128 80 85 128 128], 70.0, TPX, 1574006113, 2019-11-17 15:55:13, I07-W0167, 0, 0, 71.7998364704, 58.7120807015 
294, 38320, 0.002, [1 100 255 127 127 0 385 7 130 128 80 85 128 128], 70.0, TPX, 1574006653, 2019-11-17 16:04:13, I07-W0167, 0, 0, 70.8824601027, -78.6557754527 
295, 38322, 1.5, [1 100 255 127 127 0 385 7 130 128 80 85 128 128], 70.0, TPX, 1574007616, 2019-11-17 16:20:16, I07-W0167, 0, 0, 10.9901952835, -103.051045995 
296, 38323, 1.5, [1 100 255 127 127 0 385 7 130 128 80 85 128 128], 70.0, TPX, 1574007796, 2019-11-17 16:23:16, I07-W0167, 0, 0, -0.329316263448, -105.276963664 
297, 38324, 1.5, [1 100 255 127 127 0 385 7 130 128 80 85 128 128], 70.0, TPX, 1574007976, 2019-11-17 16:26:16, I07-W0167, 0, 0, -11.6390214197, -107.504998692 
298, 38327, 0.002, [1 100 255 127 127 0 385 7 130 128 80 85 128 128], 70.0, TPX, 1574009160, 2019-11-17 16:46:00, I07-W0167, 0, 0, -81.9059824405, -175.847208989 
299, 38330, 0.002, [1 100 255 127 127 0 385 7 130 128 80 85 128 128], 70.0, TPX, 1574009700, 2019-11-17 16:55:00, I07-W0167, 0, 0, -58.5099480832, 78.9713097017 
300, 38333, 1.5, [1 100 255 127 127 0 385 7 130 128 80 85 128 128], 70.0, TPX, 1574010242, 2019-11-17 17:04:02, I07-W0167, 0, 0, -24.7449523219, 67.9772869509 
301, 38334, 1.5, [1 100 255 127 127 0 385 7 130 128 80 85 128 128], 70.0, TPX, 1574010422, 2019-11-17 17:07:02, I07-W0167, 0, 0, -13.4287017367, 65.5860513832 
302, 38336, 1.5, [1 100 255 127 127 0 385 7 130 128 80 85 128 128], 70.0, TPX, 1574010782, 2019-11-17 17:13:02, I07-W0167, 0, 0, 9.25528113079, 61.1207332516 
303, 38337, 1.5, [1 100 255 127 127 0 385 7 130 128 80 85 128 128], 70.0, TPX, 1574010962, 2019-11-17 17:16:02, I07-W0167, 0, 0, 20.605154176, 58.7974785567 
304, 38338, 1.5, [1 100 255 127 127 0 385 7 130 128 80 85 128 128], 70.0, TPX, 1574011142, 2019-11-17 17:19:02, I07-W0167, 0, 0, 31.9457543856, 56.2163329942 
305, 38339, 1.5, [1 100 255 127 127 0 385 7 130 128 80 85 128 128], 70.0, TPX, 1574011322, 2019-11-17 17:22:02, I07-W0167, 0, 0, 43.2582142158, 53.1113904696 
306, 38343, 0.002, [1 100 255 127 127 0 385 7 130 128 80 85 128 128], 70.0, TPX, 1574012040, 2019-11-17 17:34:00, I07-W0167, 0, 0, 82.6397496629, -28.6629093388 
307, 38345, 1.5, [1 100 255 127 127 0 385 7 130 128 80 85 128 128], 70.0, TPX, 1574012992, 2019-11-17 17:49:52, I07-W0167, 0, 0, 29.695627111, -122.672137251 
308, 38346, 1.5, [1 100 255 127 127 0 385 7 130 128 80 85 128 128], 70.0, TPX, 1574013172, 2019-11-17 17:52:52, I07-W0167, 0, 0, 18.378700337, -125.182122488 
309, 38347, 1.5, [1 100 255 127 127 0 385 7 130 128 80 85 128 128], 70.0, TPX, 1574013352, 2019-11-17 17:55:52, I07-W0167, 0, 0, 7.05703426558, -127.471315029 
310, 38348, 1.5, [1 100 255 127 127 0 385 7 130 128 80 85 128 128], 70.0, TPX, 1574013532, 2019-11-17 17:58:52, I07-W0167, 0, 0, -4.25980243524, -129.684801754 
311, 38352, 0.002, [1 100 255 127 127 0 385 7 130 128 80 85 128 128], 70.0, TPX, 1574014792, 2019-11-17 18:19:52, I07-W0167, 0, 0, -80.5048852457, 175.245141475 
312, 38355, 0.002, [1 100 255 127 127 0 385 7 130 128 80 85 128 128], 70.0, TPX, 1574015332, 2019-11-17 18:28:52, I07-W0167, 0, 0, -61.0467076614, 56.8289599816 
313, 38363, 0.002, [1 100 255 127 127 0 385 7 130 128 80 85 128 128], 70.0, TPX, 1574018031, 2019-11-17 19:13:51, I07-W0167, 0, 0, 69.0462047257, -128.224370706 
314, 38364, 0.002, [1 100 255 127 127 0 385 7 130 128 80 85 128 128], 70.0, TPX, 1574018211, 2019-11-17 19:16:51, I07-W0167, 0, 0, 58.0932792232, -136.69071803 
315, 38365, 0.002, [1 100 255 127 127 0 385 7 130 128 80 85 128 128], 70.0, TPX, 1574018391, 2019-11-17 19:19:51, I07-W0167, 0, 0, 46.9026733828, -141.468367052 
316, 38366, 0.002, [1 100 255 127 127 0 385 7 130 128 80 85 128 128], 70.0, TPX, 1574018571, 2019-11-17 19:22:51, I07-W0167, 0, 0, 35.6278410647, -144.834366237 
317, 38367, 1.5, [1 100 255 127 127 0 385 7 130 128 80 85 128 128], 70.0, TPX, 1574018753, 2019-11-17 19:25:53, I07-W0167, 0, 0, 24.1933769805, -147.571878735 
318, 38368, 1.5, [1 100 255 127 127 0 385 7 130 128 80 85 128 128], 70.0, TPX, 1574018933, 2019-11-17 19:28:53, I07-W0167, 0, 0, 12.8728045931, -149.952759736 
319, 38375, 0.002, [1 100 255 127 127 0 385 7 130 128 80 85 128 128], 70.0, TPX, 1574020974, 2019-11-17 20:02:54, I07-W0167, 0, 0, -62.9614897233, 34.4752773783 
320, 38376, 0.002, [1 100 255 127 127 0 385 7 130 128 80 85 128 128], 70.0, TPX, 1574021154, 2019-11-17 20:05:54, I07-W0167, 0, 0, -51.9090722702, 28.5647492751 
321, 38377, 0.002, [1 100 255 127 127 0 385 7 130 128 80 85 128 128], 70.0, TPX, 1574021334, 2019-11-17 20:08:54, I07-W0167, 0, 0, -40.712189486, 24.7200562824 
322, 38378, 0.002, [1 100 255 127 127 0 385 7 130 128 80 85 128 128], 70.0, TPX, 1574021514, 2019-11-17 20:11:54, I07-W0167, 0, 0, -29.4466325648, 21.7762652411 
323, 38379, 0.002, [1 100 255 127 127 0 385 7 130 128 80 85 128 128], 70.0, TPX, 1574021694, 2019-11-17 20:14:54, I07-W0167, 0, 0, -18.1417542446, 19.2749219013 
324, 38380, 1.5, [1 100 255 127 127 0 385 7 130 128 80 85 128 128], 70.0, TPX, 1574021876, 2019-11-17 20:17:56, I07-W0167, 0, 0, -6.68637014465, 16.9628209053 
325, 38381, 1.5, [1 100 255 127 127 0 385 7 130 128 80 85 128 128], 70.0, TPX, 1574022056, 2019-11-17 20:20:56, I07-W0167, 0, 0, 4.65790257228, 14.7461837557 
326, 38382, 1.5, [1 100 255 127 127 0 385 7 130 128 80 85 128 128], 70.0, TPX, 1574022236, 2019-11-17 20:23:56, I07-W0167, 0, 0, 16.008196101, 12.4795385224 
327, 38385, 1.5, [1 100 255 127 127 0 385 7 130 128 80 85 128 128], 70.0, TPX, 1574022776, 2019-11-17 20:32:56, I07-W0167, 0, 0, 49.9612457531, 3.52890944178 
328, 38388, 0.002, [1 100 255 127 127 0 385 7 130 128 80 85 128 128], 70.0, TPX, 1574023934, 2019-11-17 20:52:14, I07-W0167, 0, 0, 55.0269170221, -161.865934704 
329, 38391, 0.002, [1 100 255 127 127 0 385 7 130 128 80 85 128 128], 70.0, TPX, 1574024474, 2019-11-17 21:01:14, I07-W0167, 0, 0, 21.2041822567, -171.863118666 
330, 38392, 1.5, [1 100 255 127 127 0 385 7 130 128 80 85 128 128], 70.0, TPX, 1574024656, 2019-11-17 21:04:16, I07-W0167, 0, 0, 9.75707549225, -174.216774533 
331, 38393, 1.5, [1 100 255 127 127 0 385 7 130 128 80 85 128 128], 70.0, TPX, 1574024836, 2019-11-17 21:07:16, I07-W0167, 0, 0, -1.56143001588, -176.437228051 
332, 38394, 1.5, [1 100 255 127 127 0 385 7 130 128 80 85 128 128], 70.0, TPX, 1574025016, 2019-11-17 21:10:16, I07-W0167, 0, 0, -12.8693707155, -178.6725304 
333, 38395, 1.5, [1 100 255 127 127 0 385 7 130 128 80 85 128 128], 70.0, TPX, 1574025196, 2019-11-17 21:13:16, I07-W0167, 0, 0, -24.1590791856, 178.951434344 
334, 38397, 0.002, [1 100 255 127 127 0 385 7 130 128 80 85 128 128], 70.0, TPX, 1574025734, 2019-11-17 21:22:14, I07-W0167, 0, 0, -57.6284233785, 168.297828222 
335, 38398, 0.002, [1 100 255 127 127 0 385 7 130 128 80 85 128 128], 70.0, TPX, 1574025914, 2019-11-17 21:25:14, I07-W0167, 0, 0, -68.5162161971, 160.167854054 
336, 38399, 0.002, [1 100 255 127 127 0 385 7 130 128 80 85 128 128], 70.0, TPX, 1574026639, 2019-11-17 21:37:19, I07-W0167, 0, 0, -63.4748535714, 11.2075045821 
337, 38400, 0.002, [1 100 255 127 127 0 385 7 130 128 80 85 128 128], 70.0, TPX, 1574026819, 2019-11-17 21:40:19, I07-W0167, 0, 0, -52.4329546097, 5.14202125795 
338, 38401, 0.002, [1 100 255 127 127 0 385 7 130 128 80 85 128 128], 70.0, TPX, 1574026999, 2019-11-17 21:43:19, I07-W0167, 0, 0, -41.2404397314, 1.23552839345 
339, 38402, 0.002, [1 100 255 127 127 0 385 7 130 128 80 85 128 128], 70.0, TPX, 1574027179, 2019-11-17 21:46:19, I07-W0167, 0, 0, -29.9771606783, -1.73755743594 
340, 38404, 1.5, [1 100 255 127 127 0 385 7 130 128 80 85 128 128], 70.0, TPX, 1574027541, 2019-11-17 21:52:21, I07-W0167, 0, 0, -7.21904976777, -6.57219755628 
341, 38405, 1.5, [1 100 255 127 127 0 385 7 130 128 80 85 128 128], 70.0, TPX, 1574027721, 2019-11-17 21:55:21, I07-W0167, 0, 0, 4.12482509065, -8.78940417285 
342, 38406, 1.5, [1 100 255 127 127 0 385 7 130 128 80 85 128 128], 70.0, TPX, 1574027901, 2019-11-17 21:58:21, I07-W0167, 0, 0, 15.4751254495, -11.0509540851 
343, 38407, 1.5, [1 100 255 127 127 0 385 7 130 128 80 85 128 128], 70.0, TPX, 1574028081, 2019-11-17 22:01:21, I07-W0167, 0, 0, 26.8218677067, -13.4915539912 
344, 38408, 1.5, [1 100 255 127 127 0 385 7 130 128 80 85 128 128], 70.0, TPX, 1574028261, 2019-11-17 22:04:21, I07-W0167, 0, 0, 38.1503357928, -16.3147281607 
345, 38413, 0.002, [1 100 255 127 127 0 385 7 130 128 80 85 128 128], 70.0, TPX, 1574029892, 2019-11-17 22:31:32, I07-W0167, 0, 0, 37.2541944833, 168.31905645 
346, 38414, 1.5, [1 100 255 127 127 0 385 7 130 128 80 85 128 128], 70.0, TPX, 1574030074, 2019-11-17 22:34:34, I07-W0167, 0, 0, 25.8231284181, 165.512408777 
347, 38415, 1.5, [1 100 255 127 127 0 385 7 130 128 80 85 128 128], 70.0, TPX, 1574030254, 2019-11-17 22:37:34, I07-W0167, 0, 0, 14.5035686063, 163.098073509 
348, 38416, 1.5, [1 100 255 127 127 0 385 7 130 128 80 85 128 128], 70.0, TPX, 1574030434, 2019-11-17 22:40:34, I07-W0167, 0, 0, 3.18294755376, 160.848905876 
349, 38417, 1.5, [1 100 255 127 127 0 385 7 130 128 80 85 128 128], 70.0, TPX, 1574030794, 2019-11-17 22:46:34, I07-W0167, 0, 0, -19.428524318, 156.334287439 
350, 38418, 1.5, [1 100 255 127 127 0 385 7 130 128 80 85 128 128], 70.0, TPX, 1574030974, 2019-11-17 22:49:34, I07-W0167, 0, 0, -30.7030936738, 153.801311786 
351, 38419, 1.5, [1 100 255 127 127 0 385 7 130 128 80 85 128 128], 70.0, TPX, 1574031158, 2019-11-17 22:52:38, I07-W0167, 0, 0, -42.1883675353, 150.716852998 
352, 38420, 0.002, [1 100 255 127 127 0 385 7 130 128 80 85 128 128], 70.0, TPX, 1574031332, 2019-11-17 22:55:32, I07-W0167, 0, 0, -52.9825867623, 146.860268646 
353, 38422, 0.002, [1 100 255 127 127 0 385 7 130 128 80 85 128 128], 70.0, TPX, 1574032199, 2019-11-17 23:09:59, I07-W0167, 0, 0, -70.2496020951, -5.89094893902 
354, 38423, 0.002, [1 100 255 127 127 0 385 7 130 128 80 85 128 128], 70.0, TPX, 1574032379, 2019-11-17 23:12:59, I07-W0167, 0, 0, -59.4206445259, -15.0745929114 
355, 38424, 0.002, [1 100 255 127 127 0 385 7 130 128 80 85 128 128], 70.0, TPX, 1574032559, 2019-11-17 23:15:59, I07-W0167, 0, 0, -48.3070729741, -20.100876187 
356, 38425, 0.002, [1 100 255 127 127 0 385 7 130 128 80 85 128 128], 70.0, TPX, 1574032739, 2019-11-17 23:18:59, I07-W0167, 0, 0, -37.0829069993, -23.5786172666 
357, 38426, 0.002, [1 100 255 127 127 0 385 7 130 128 80 85 128 128], 70.0, TPX, 1574032919, 2019-11-17 23:21:59, I07-W0167, 0, 0, -25.802236577, -26.3453390688 
358, 38428, 1.5, [1 100 255 127 127 0 385 7 130 128 80 85 128 128], 70.0, TPX, 1574033281, 2019-11-17 23:28:01, I07-W0167, 0, 0, -3.02659385151, -31.0340539051 
359, 38429, 1.5, [1 100 255 127 127 0 385 7 130 128 80 85 128 128], 70.0, TPX, 1574033461, 2019-11-17 23:31:01, I07-W0167, 0, 0, 8.3207737949, -33.2538175737 
360, 38430, 1.5, [1 100 255 127 127 0 385 7 130 128 80 85 128 128], 70.0, TPX, 1574033641, 2019-11-17 23:34:01, I07-W0167, 0, 0, 19.6711582505, -35.5637021733 
361, 38431, 1.5, [1 100 255 127 127 0 385 7 130 128 80 85 128 128], 70.0, TPX, 1574033821, 2019-11-17 23:37:01, I07-W0167, 0, 0, 31.0133345262, -38.1158365073 
362, 38433, 0.002, [1 100 255 127 127 0 385 7 130 128 80 85 128 128], 70.0, TPX, 1574034359, 2019-11-17 23:45:59, I07-W0167, 0, 0, 64.5581420642, -51.6264219669 
363, 38435, 0.002, [1 100 255 127 127 0 385 7 130 128 80 85 128 128], 70.0, TPX, 1574034719, 2019-11-17 23:51:59, I07-W0167, 0, 0, 82.5112601443, -115.920836767 
364, 38437, 0.002, [1 100 255 127 127 0 385 7 130 128 80 85 128 128], 70.0, TPX, 1574035079, 2019-11-17 23:57:59, I07-W0167, 0, 0, 67.3945078903, 159.105541072 
365, 38438, 0.002, [1 100 255 127 127 0 385 7 130 128 80 85 128 128], 70.0, TPX, 1574035259, 2019-11-18 00:00:59, I07-W0167, 0, 0, 56.3847859497, 151.506846338 
366, 38439, 1.5, [1 100 255 127 127 0 385 7 130 128 80 85 128 128], 70.0, TPX, 1574035441, 2019-11-18 00:04:01, I07-W0167, 0, 0, 45.0508315142, 146.989905637 
367, 38440, 1.5, [1 100 255 127 127 0 385 7 130 128 80 85 128 128], 70.0, TPX, 1574035621, 2019-11-18 00:07:01, I07-W0167, 0, 0, 33.7684381767, 143.766616424 
368, 38441, 1.5, [1 100 255 127 127 0 385 7 130 128 80 85 128 128], 70.0, TPX, 1574035801, 2019-11-18 00:10:01, I07-W0167, 0, 0, 22.4569823842, 141.127581594 
369, 38442, 1.5, [1 100 255 127 127 0 385 7 130 128 80 85 128 128], 70.0, TPX, 1574035981, 2019-11-18 00:13:01, I07-W0167, 0, 0, 11.1361470346, 138.778474633 
370, 38443, 1.5, [1 100 255 127 127 0 385 7 130 128 80 85 128 128], 70.0, TPX, 1574036341, 2019-11-18 00:19:01, I07-W0167, 0, 0, -11.4923875035, 134.32468586 
371, 38444, 0.002, [1 100 255 127 127 0 385 7 130 128 80 85 128 128], 70.0, TPX, 1574036519, 2019-11-18 00:21:59, I07-W0167, 0, 0, -22.6593028327, 132.001055505 
372, 38445, 0.002, [1 100 255 127 127 0 385 7 130 128 80 85 128 128], 70.0, TPX, 1574036699, 2019-11-18 00:24:59, I07-W0167, 0, 0, -33.924753886, 129.36331841 
373, 38446, 0.002, [1 100 255 127 127 0 385 7 130 128 80 85 128 128], 70.0, TPX, 1574036879, 2019-11-18 00:27:59, I07-W0167, 0, 0, -45.1454398794, 126.144673727 
374, 38447, 0.002, [1 100 255 127 127 0 385 7 130 128 80 85 128 128], 70.0, TPX, 1574037059, 2019-11-18 00:30:59, I07-W0167, 0, 0, -56.2811309989, 121.705009786 
375, 38448, 0.002, [1 100 255 127 127 0 385 7 130 128 80 85 128 128], 70.0, TPX, 1574037896, 2019-11-18 00:44:56, I07-W0167, 0, 0, -68.8650407882, -31.1890274822 
376, 38449, 0.002, [1 100 255 127 127 0 385 7 130 128 80 85 128 128], 70.0, TPX, 1574038076, 2019-11-18 00:47:56, I07-W0167, 0, 0, -57.9774938564, -39.5176952683 
377, 38450, 0.002, [1 100 255 127 127 0 385 7 130 128 80 85 128 128], 70.0, TPX, 1574038256, 2019-11-18 00:50:56, I07-W0167, 0, 0, -46.8438552088, -44.257317212 
378, 38451, 0.002, [1 100 255 127 127 0 385 7 130 128 80 85 128 128], 70.0, TPX, 1574038436, 2019-11-18 00:53:56, I07-W0167, 0, 0, -35.610157705, -47.6104175845 
379, 38452, 0.002, [1 100 255 127 127 0 385 7 130 128 80 85 128 128], 70.0, TPX, 1574038616, 2019-11-18 00:56:56, I07-W0167, 0, 0, -24.324009471, -50.3158486842 
380, 38453, 0.002, [1 100 255 127 127 0 385 7 130 128 80 85 128 128], 70.0, TPX, 1574038796, 2019-11-18 00:59:56, I07-W0167, 0, 0, -13.006268197, -52.6988982702 
381, 38454, 1.5, [1 100 255 127 127 0 385 7 130 128 80 85 128 128], 70.0, TPX, 1574038978, 2019-11-18 01:02:58, I07-W0167, 0, 0, -1.54273621501, -54.9635157912 
382, 38455, 1.5, [1 100 255 127 127 0 385 7 130 128 80 85 128 128], 70.0, TPX, 1574039158, 2019-11-18 01:05:58, I07-W0167, 0, 0, 9.80564325989, -57.1880127809 
383, 38456, 1.5, [1 100 255 127 127 0 385 7 130 128 80 85 128 128], 70.0, TPX, 1574039338, 2019-11-18 01:08:58, I07-W0167, 0, 0, 21.1557562154, -59.5197027594 
384, 38457, 1.5, [1 100 255 127 127 0 385 7 130 128 80 85 128 128], 70.0, TPX, 1574039518, 2019-11-18 01:11:58, I07-W0167, 0, 0, 32.495813425, -62.1188356251 
385, 38463, 0.002, [1 100 255 127 127 0 385 7 130 128 80 85 128 128], 70.0, TPX, 1574040596, 2019-11-18 01:29:56, I07-W0167, 0, 0, 76.4024755552, 150.274557269 
386, 38465, 0.002, [1 100 255 127 127 0 385 7 130 128 80 85 128 128], 70.0, TPX, 1574040956, 2019-11-18 01:35:56, I07-W0167, 0, 0, 54.9256526375, 127.167275989 
387, 38466, 1.5, [1 100 255 127 127 0 385 7 130 128 80 85 128 128], 70.0, TPX, 1574041138, 2019-11-18 01:38:58, I07-W0167, 0, 0, 43.5779217104, 122.87824504 
388, 38467, 1.5, [1 100 255 127 127 0 385 7 130 128 80 85 128 128], 70.0, TPX, 1574041318, 2019-11-18 01:41:58, I07-W0167, 0, 0, 32.2901495989, 119.756711985 
389, 38468, 1.5, [1 100 255 127 127 0 385 7 130 128 80 85 128 128], 70.0, TPX, 1574041498, 2019-11-18 01:44:58, I07-W0167, 0, 0, 20.9767250045, 117.168343498 
390, 38469, 1.5, [1 100 255 127 127 0 385 7 130 128 80 85 128 128], 70.0, TPX, 1574041678, 2019-11-18 01:47:58, I07-W0167, 0, 0, 9.65569584819, 114.843278803 
391, 38470, 1.5, [1 100 255 127 127 0 385 7 130 128 80 85 128 128], 70.0, TPX, 1574041858, 2019-11-18 01:50:58, I07-W0167, 0, 0, -1.66245459683, 112.623241927 
392, 38471, 1.5, [1 100 255 127 127 0 385 7 130 128 80 85 128 128], 70.0, TPX, 1574042038, 2019-11-18 01:53:58, I07-W0167, 0, 0, -12.9700126991, 110.3873112 
393, 38474, 0.002, [1 100 255 127 127 0 385 7 130 128 80 85 128 128], 70.0, TPX, 1574042756, 2019-11-18 02:05:56, I07-W0167, 0, 0, -57.7263068195, 97.3262819616 
394, 38475, 0.002, [1 100 255 127 127 0 385 7 130 128 80 85 128 128], 70.0, TPX, 1574043528, 2019-11-18 02:18:48, I07-W0167, 0, 0, -71.2940746228, -51.7600716935 
395, 38476, 0.002, [1 100 255 127 127 0 385 7 130 128 80 85 128 128], 70.0, TPX, 1574043708, 2019-11-18 02:21:48, I07-W0167, 0, 0, -60.5169103781, -61.7012241989 
396, 38477, 0.002, [1 100 255 127 127 0 385 7 130 128 80 85 128 128], 70.0, TPX, 1574043888, 2019-11-18 02:24:48, I07-W0167, 0, 0, -49.4199874124, -66.9710634826 
397, 38478, 0.002, [1 100 255 127 127 0 385 7 130 128 80 85 128 128], 70.0, TPX, 1574044068, 2019-11-18 02:27:48, I07-W0167, 0, 0, -38.2033244004, -70.5524253621 
398, 38479, 0.002, [1 100 255 127 127 0 385 7 130 128 80 85 128 128], 70.0, TPX, 1574044248, 2019-11-18 02:30:48, I07-W0167, 0, 0, -26.9267555067, -73.369687149 
399, 38481, 1.5, [1 100 255 127 127 0 385 7 130 128 80 85 128 128], 70.0, TPX, 1574044610, 2019-11-18 02:36:50, I07-W0167, 0, 0, -4.15503629801, -78.0932752237 
400, 38482, 1.5, [1 100 255 127 127 0 385 7 130 128 80 85 128 128], 70.0, TPX, 1574044790, 2019-11-18 02:39:50, I07-W0167, 0, 0, 7.1917221809, -80.3108190808 
401, 38483, 1.5, [1 100 255 127 127 0 385 7 130 128 80 85 128 128], 70.0, TPX, 1574044970, 2019-11-18 02:42:50, I07-W0167, 0, 0, 18.5424080186, -82.6058514341 
402, 38484, 1.5, [1 100 255 127 127 0 385 7 130 128 80 85 128 128], 70.0, TPX, 1574045150, 2019-11-18 02:45:50, I07-W0167, 0, 0, 29.8861688982, -85.1250505959 
403, 38485, 0.002, [1 100 255 127 127 0 385 7 130 128 80 85 128 128], 70.0, TPX, 1574045328, 2019-11-18 02:48:48, I07-W0167, 0, 0, 41.0804664558, -88.0688621278 
404, 38486, 0.002, [1 100 255 127 127 0 385 7 130 128 80 85 128 128], 70.0, TPX, 1574045508, 2019-11-18 02:51:48, I07-W0167, 0, 0, 52.3440221316, -91.9807505216 
405, 38487, 0.002, [1 100 255 127 127 0 385 7 130 128 80 85 128 128], 70.0, TPX, 1574045688, 2019-11-18 02:54:48, I07-W0167, 0, 0, 63.4671422878, -98.0722752226 
406, 38489, 0.002, [1 100 255 127 127 0 385 7 130 128 80 85 128 128], 70.0, TPX, 1574046048, 2019-11-18 03:00:48, I07-W0167, 0, 0, 82.2057048016, -154.854076163 
407, 38498, 0.002, [1 100 255 127 127 0 385 7 130 128 80 85 128 128], 70.0, TPX, 1574049162, 2019-11-18 03:52:42, I07-W0167, 0, 0, -73.5529957659, -71.7248819744 
408, 38499, 0.002, [1 100 255 127 127 0 385 7 130 128 80 85 128 128], 70.0, TPX, 1574049342, 2019-11-18 03:55:42, I07-W0167, 0, 0, -62.9201056071, -83.7538423089 
409, 38500, 0.002, [1 100 255 127 127 0 385 7 130 128 80 85 128 128], 70.0, TPX, 1574049522, 2019-11-18 03:58:42, I07-W0167, 0, 0, -51.866352852, -89.6524005055 
410, 38501, 0.002, [1 100 255 127 127 0 385 7 130 128 80 85 128 128], 70.0, TPX, 1574049702, 2019-11-18 04:01:42, I07-W0167, 0, 0, -40.6685582376, -93.4922782149 
411, 38503, 1.5, [1 100 255 127 127 0 385 7 130 128 80 85 128 128], 70.0, TPX, 1574050064, 2019-11-18 04:07:44, I07-W0167, 0, 0, -17.97089877, -98.9602817769 
412, 38504, 1.5, [1 100 255 127 127 0 385 7 130 128 80 85 128 128], 70.0, TPX, 1574050244, 2019-11-18 04:10:44, I07-W0167, 0, 0, -6.6406702027, -101.245649412 
413, 38505, 1.5, [1 100 255 127 127 0 385 7 130 128 80 85 128 128], 70.0, TPX, 1574050424, 2019-11-18 04:13:44, I07-W0167, 0, 0, 4.70413313456, -103.462312175 
414, 38508, 0.002, [1 100 255 127 127 0 385 7 130 128 80 85 128 128], 70.0, TPX, 1574050962, 2019-11-18 04:22:42, I07-W0167, 0, 0, 38.6028324102, -110.999569357 
415, 38509, 0.002, [1 100 255 127 127 0 385 7 130 128 80 85 128 128], 70.0, TPX, 1574051142, 2019-11-18 04:25:42, I07-W0167, 0, 0, 49.8832552381, -114.640736373 
416, 38510, 0.002, [1 100 255 127 127 0 385 7 130 128 80 85 128 128], 70.0, TPX, 1574051322, 2019-11-18 04:28:42, I07-W0167, 0, 0, 61.0500886051, -120.062800083 
417, 38513, 0.002, [1 100 255 127 127 0 385 7 130 128 80 85 128 128], 70.0, TPX, 1574051862, 2019-11-18 04:37:42, I07-W0167, 0, 0, 80.3220069307, 120.209184697 
418, 38514, 0.002, [1 100 255 127 127 0 385 7 130 128 80 85 128 128], 70.0, TPX, 1574052222, 2019-11-18 04:43:42, I07-W0167, 0, 0, 59.9259282603, 82.5062262949 
419, 38516, 1.5, [1 100 255 127 127 0 385 7 130 128 80 85 128 128], 70.0, TPX, 1574052584, 2019-11-18 04:49:44, I07-W0167, 0, 0, 37.3689416613, 73.7905292547 
420, 38517, 1.5, [1 100 255 127 127 0 385 7 130 128 80 85 128 128], 70.0, TPX, 1574052764, 2019-11-18 04:52:44, I07-W0167, 0, 0, 26.0642819071, 71.0072339984 
421, 38518, 1.5, [1 100 255 127 127 0 385 7 130 128 80 85 128 128], 70.0, TPX, 1574052944, 2019-11-18 04:55:44, I07-W0167, 0, 0, 14.7452958311, 68.5876804664 
422, 38519, 1.5, [1 100 255 127 127 0 385 7 130 128 80 85 128 128], 70.0, TPX, 1574053124, 2019-11-18 04:58:44, I07-W0167, 0, 0, 3.42500753692, 66.3365184182 
423, 38520, 1.5, [1 100 255 127 127 0 385 7 130 128 80 85 128 128], 70.0, TPX, 1574053304, 2019-11-18 05:01:44, I07-W0167, 0, 0, -7.88802581575, 64.122150599 
424, 38521, 1.5, [1 100 255 127 127 0 385 7 130 128 80 85 128 128], 70.0, TPX, 1574053484, 2019-11-18 05:04:44, I07-W0167, 0, 0, -19.1864333855, 61.8256634154 
425, 38522, 1.5, [1 100 255 127 127 0 385 7 130 128 80 85 128 128], 70.0, TPX, 1574053664, 2019-11-18 05:07:44, I07-W0167, 0, 0, -30.4614040149, 59.2997706682 
426, 38523, 0.002, [1 100 255 127 127 0 385 7 130 128 80 85 128 128], 70.0, TPX, 1574053847, 2019-11-18 05:10:47, I07-W0167, 0, 0, -41.8853393626, 56.2485953928 
427, 38524, 0.002, [1 100 255 127 127 0 385 7 130 128 80 85 128 128], 70.0, TPX, 1574054012, 2019-11-18 05:13:32, I07-W0167, 0, 0, -52.1259512669, 52.6611204939 
428, 38525, 0.002, [1 100 255 127 127 0 385 7 130 128 80 85 128 128], 70.0, TPX, 1574054794, 2019-11-18 05:26:34, I07-W0167, 0, 0, -75.8433835906, -90.3531710841 
429, 38526, 0.002, [1 100 255 127 127 0 385 7 130 128 80 85 128 128], 70.0, TPX, 1574054974, 2019-11-18 05:29:34, I07-W0167, 0, 0, -65.4264435227, -105.45192579 
430, 38527, 0.002, [1 100 255 127 127 0 385 7 130 128 80 85 128 128], 70.0, TPX, 1574055154, 2019-11-18 05:32:34, I07-W0167, 0, 0, -54.4297945642, -112.186635744 
431, 38528, 0.002, [1 100 255 127 127 0 385 7 130 128 80 85 128 128], 70.0, TPX, 1574055334, 2019-11-18 05:35:34, I07-W0167, 0, 0, -43.2553421212, -116.352354458 
432, 38529, 0.002, [1 100 255 127 127 0 385 7 130 128 80 85 128 128], 70.0, TPX, 1574055514, 2019-11-18 05:38:34, I07-W0167, 0, 0, -32.0012155216, -119.446621397 
433, 38530, 1.5, [1 100 255 127 127 0 385 7 130 128 80 85 128 128], 70.0, TPX, 1574055696, 2019-11-18 05:41:36, I07-W0167, 0, 0, -20.5772494381, -122.050180225 
434, 38531, 1.5, [1 100 255 127 127 0 385 7 130 128 80 85 128 128], 70.0, TPX, 1574055876, 2019-11-18 05:44:36, I07-W0167, 0, 0, -9.25154928618, -124.36982175 
435, 38532, 1.5, [1 100 255 127 127 0 385 7 130 128 80 85 128 128], 70.0, TPX, 1574056056, 2019-11-18 05:47:36, I07-W0167, 0, 0, 2.09076124547, -126.591573004 
436, 38535, 0.002, [1 100 255 127 127 0 385 7 130 128 80 85 128 128], 70.0, TPX, 1574056774, 2019-11-18 05:59:34, I07-W0167, 0, 0, 47.2923664108, -137.336184567 
437, 38537, 0.002, [1 100 255 127 127 0 385 7 130 128 80 85 128 128], 70.0, TPX, 1574057134, 2019-11-18 06:05:34, I07-W0167, 0, 0, 69.4449101883, -150.90574871 
438, 38540, 0.002, [1 100 255 127 127 0 385 7 130 128 80 85 128 128], 70.0, TPX, 1574057674, 2019-11-18 06:14:34, I07-W0167, 0, 0, 73.2040550617, 72.1986580462 
439, 38542, 1.5, [1 100 255 127 127 0 385 7 130 128 80 85 128 128], 70.0, TPX, 1574058036, 2019-11-18 06:20:36, I07-W0167, 0, 0, 51.2186869943, 54.6532510331 
440, 38543, 1.5, [1 100 255 127 127 0 385 7 130 128 80 85 128 128], 70.0, TPX, 1574058216, 2019-11-18 06:23:36, I07-W0167, 0, 0, 39.9682486968, 50.875849064 
441, 38544, 1.5, [1 100 255 127 127 0 385 7 130 128 80 85 128 128], 70.0, TPX, 1574058396, 2019-11-18 06:26:36, I07-W0167, 0, 0, 28.6698112449, 47.9667144025 
442, 38545, 1.5, [1 100 255 127 127 0 385 7 130 128 80 85 128 128], 70.0, TPX, 1574058576, 2019-11-18 06:29:36, I07-W0167, 0, 0, 17.3528229993, 45.484534866 
443, 38546, 1.5, [1 100 255 127 127 0 385 7 130 128 80 85 128 128], 70.0, TPX, 1574058756, 2019-11-18 06:32:36, I07-W0167, 0, 0, 6.03208241848, 43.207564948 
444, 38550, 0.002, [1 100 255 127 127 0 385 7 130 128 80 85 128 128], 70.0, TPX, 1574059474, 2019-11-18 06:44:34, I07-W0167, 0, 0, -38.9897592115, 33.4505133614 
445, 38551, 0.002, [1 100 255 127 127 0 385 7 130 128 80 85 128 128], 70.0, TPX, 1574060426, 2019-11-18 07:00:26, I07-W0167, 0, 0, -78.0008969151, -107.224441841 
446, 38557, 0.002, [1 100 255 127 127 0 385 7 130 128 80 85 128 128], 70.0, TPX, 1574062357, 2019-11-18 07:32:37, I07-W0167, 0, 0, 41.6238763061, -159.149568471 
447, 38558, 0.002, [1 100 255 127 127 0 385 7 130 128 80 85 128 128], 70.0, TPX, 1574062537, 2019-11-18 07:35:37, I07-W0167, 0, 0, 52.8833406986, -163.127607247 
448, 38560, 0.002, [1 100 255 127 127 0 385 7 130 128 80 85 128 128], 70.0, TPX, 1574062897, 2019-11-18 07:41:37, I07-W0167, 0, 0, 74.6255130504, 177.237589618 
449, 38562, 0.002, [1 100 255 127 127 0 385 7 130 128 80 85 128 128], 70.0, TPX, 1574063615, 2019-11-18 07:53:35, I07-W0167, 0, 0, 57.0818955469, 33.6587419235 
450, 38563, 1.5, [1 100 255 127 127 0 385 7 130 128 80 85 128 128], 70.0, TPX, 1574063799, 2019-11-18 07:56:39, I07-W0167, 0, 0, 45.630728235, 28.9815718145 
451, 38564, 1.5, [1 100 255 127 127 0 385 7 130 128 80 85 128 128], 70.0, TPX, 1574063979, 2019-11-18 07:59:39, I07-W0167, 0, 0, 34.3512308977, 25.7155887972 
452, 38565, 1.5, [1 100 255 127 127 0 385 7 130 128 80 85 128 128], 70.0, TPX, 1574064159, 2019-11-18 08:02:39, I07-W0167, 0, 0, 23.0412367658, 23.0553752574 
453, 38566, 1.5, [1 100 255 127 127 0 385 7 130 128 80 85 128 128], 70.0, TPX, 1574064339, 2019-11-18 08:05:39, I07-W0167, 0, 0, 11.7211057793, 20.6961032674 
454, 38568, 0.002, [1 100 255 127 127 0 385 7 130 128 80 85 128 128], 70.0, TPX, 1574065226, 2019-11-18 08:20:26, I07-W0167, 0, 0, -43.8814655624, 8.35253332076 
455, 38570, 0.002, [1 100 255 127 127 0 385 7 130 128 80 85 128 128], 70.0, TPX, 1574065586, 2019-11-18 08:26:26, I07-W0167, 0, 0, -65.9972082806, -2.84658229496 
456, 38571, 0.002, [1 100 255 127 127 0 385 7 130 128 80 85 128 128], 70.0, TPX, 1574065766, 2019-11-18 08:29:26, I07-W0167, 0, 0, -76.3439613246, -18.7996841691 
457, 38572, 0.002, [1 100 255 127 127 0 385 7 130 128 80 85 128 128], 70.0, TPX, 1574065946, 2019-11-18 08:32:26, I07-W0167, 0, 0, -82.6576857397, -76.1418628573 
458, 38573, 0.002, [1 100 255 127 127 0 385 7 130 128 80 85 128 128], 70.0, TPX, 1574066126, 2019-11-18 08:35:26, I07-W0167, 0, 0, -76.6386703269, -135.438594091 
459, 38574, 0.002, [1 100 255 127 127 0 385 7 130 128 80 85 128 128], 70.0, TPX, 1574066306, 2019-11-18 08:38:26, I07-W0167, 0, 0, -66.3225984926, -151.947857992 
460, 38579, 1.5, [1 100 255 127 127 0 385 7 130 128 80 85 128 128], 70.0, TPX, 1574067208, 2019-11-18 08:53:28, I07-W0167, 0, 0, -10.190017278, -171.463006184 
461, 38580, 1.5, [1 100 255 127 127 0 385 7 130 128 80 85 128 128], 70.0, TPX, 1574067568, 2019-11-18 08:59:28, I07-W0167, 0, 0, 12.5015522221, -175.926480165 
462, 38581, 1.5, [1 100 255 127 127 0 385 7 130 128 80 85 128 128], 70.0, TPX, 1574067748, 2019-11-18 09:02:28, I07-W0167, 0, 0, 23.8508788521, -178.304656411 
463, 38582, 0.002, [1 100 255 127 127 0 385 7 130 128 80 85 128 128], 70.0, TPX, 1574067926, 2019-11-18 09:05:26, I07-W0167, 0, 0, 35.0605972693, 179.03181201 
464, 38584, 0.002, [1 100 255 127 127 0 385 7 130 128 80 85 128 128], 70.0, TPX, 1574068286, 2019-11-18 09:11:26, I07-W0167, 0, 0, 57.5747039407, 171.018702379 
465, 38585, 0.002, [1 100 255 127 127 0 385 7 130 128 80 85 128 128], 70.0, TPX, 1574068466, 2019-11-18 09:14:26, I07-W0167, 0, 0, 68.5582969926, 162.821245942 
466, 38586, 0.002, [1 100 255 127 127 0 385 7 130 128 80 85 128 128], 70.0, TPX, 1574068646, 2019-11-18 09:17:26, I07-W0167, 0, 0, 78.6109557514, 141.464924637 
