# ordinar image ID, original image ID, acquisition time [s], bias [V], UTC time [s], human-readable time, no. of nonzero pixels, heatsink temperature [deg C]latitude [deg], longitude [deg], altitude (WGS84) [km]
1, 43072, 0.002, 70.0, 1590139529, 2020-05-22 09:25:29, 0, 9, 38.7316258723, 3.42791591685, 490.45746875
2, 43073, 0.002, 70.0, 1590139709, 2020-05-22 09:28:29, 0, 12, 27.4013802294, 0.584977100918, 489.3935625
3, 43074, 0.002, 70.0, 1590139889, 2020-05-22 09:31:29, 0, 15, 16.0529082268, -1.86276376804, 489.53484375
4, 43075, 0.002, 70.0, 1590140069, 2020-05-22 09:34:29, 0, 17, 4.70109540793, -4.12394442314, 491.16203125
5, 43076, 0.002, 70.0, 1590140818, 2020-05-22 09:46:58, 89, 24, -42.3571517549, -14.5669766674, 511.8603125
6, 43077, 0.002, 70.0, 1590140998, 2020-05-22 09:49:58, 52, 25, -53.5409922929, -18.5991361547, 517.882875
7, 43079, 0.002, 70.0, 1590141834, 2020-05-22 10:03:54, 1, 28, -71.5180570162, -169.51092446, 527.58875
8, 43080, 0.002, 70.0, 1590142014, 2020-05-22 10:06:54, 11, 27, -60.7559123575, -179.585999899, 524.4876875
9, 43081, 0.002, 70.0, 1590142194, 2020-05-22 10:09:54, 0, 25, -49.6727932041, 175.109972031, 520.02946875
10, 43082, 0.002, 70.0, 1590142374, 2020-05-22 10:12:54, 0, 23, -38.4724440989, 171.518672226, 514.77021875
11, 43083, 1.5, 70.0, 1590142556, 2020-05-22 10:15:56, 7, 21, -27.0893806033, 168.671371267, 509.268
12, 43084, 1.5, 70.0, 1590142736, 2020-05-22 10:18:56, 0, 18, -15.7978331048, 166.23897698, 504.23959375
13, 43085, 1.5, 70.0, 1590143096, 2020-05-22 10:24:56, 3, 13, 6.84064576185, 161.776814395, 497.17653125
14, 43086, 1.5, 70.0, 1590143276, 2020-05-22 10:27:56, 33, 11, 18.1718002467, 159.495094081, 495.55415625
15, 43087, 1.5, 70.0, 1590143456, 2020-05-22 10:30:56, 19, 9, 29.4987332478, 156.996242053, 495.13025
16, 43088, 1.5, 70.0, 1590143636, 2020-05-22 10:33:56, 323, 8, 40.8058450399, 154.049124709, 495.615375
17, 43089, 0.002, 70.0, 1590143814, 2020-05-22 10:36:54, 0, 7, 51.9372502156, 150.236895605, 496.58509375
18, 43090, 0.002, 70.0, 1590143994, 2020-05-22 10:39:54, 3, 6, 63.0642840703, 144.291530122, 497.6079375
19, 43091, 0.002, 70.0, 1590144174, 2020-05-22 10:42:54, 9, 6, 73.7716028005, 132.012762449, 498.2563125
20, 43092, 0.002, 70.0, 1590144354, 2020-05-22 10:45:54, 0, 5, 82.0794009435, 90.1737966561, 498.22821875
21, 43093, 0.002, 70.0, 1590144534, 2020-05-22 10:48:54, 3, 5, 78.8666575433, 17.3540302352, 497.3955625
22, 43094, 0.002, 70.0, 1590144716, 2020-05-22 10:51:56, 22, 6, 68.7357179865, -4.84259216808, 495.81021875
23, 43095, 0.002, 70.0, 1590144896, 2020-05-22 10:54:56, 0, 8, 57.7498573118, -13.1093237987, 493.77446875
24, 43096, 0.002, 70.0, 1590145074, 2020-05-22 10:57:54, 1, 9, 46.6570085539, -17.7701731707, 491.70965625
25, 43097, 1.5, 70.0, 1590145256, 2020-05-22 11:00:56, 5, 11, 35.2289955833, -21.1433986957, 490.04090625
26, 43098, 1.5, 70.0, 1590145436, 2020-05-22 11:03:56, 5, 12, 23.8910574399, -23.833758983, 489.31528125
27, 43099, 1.5, 70.0, 1590145616, 2020-05-22 11:06:56, 7, 13, 12.540372456, -26.2063208135, 489.89934375
28, 43100, 1.5, 70.0, 1590145796, 2020-05-22 11:09:56, 2, 14, 1.1897552404, -28.4389901246, 492.01621875
29, 43101, 0.002, 70.0, 1590145974, 2020-05-22 11:12:54, 1, 14, -10.0256982945, -30.6330159329, 495.62884375
30, 43102, 0.002, 70.0, 1590146154, 2020-05-22 11:15:54, 1, 16, -21.3496550407, -32.9579098732, 500.60759375
31, 43103, 0.002, 70.0, 1590146334, 2020-05-22 11:18:54, 66, 18, -32.6456267942, -35.54805421, 506.5033125
32, 43104, 0.002, 70.0, 1590146514, 2020-05-22 11:21:54, 103, 19, -43.8964407521, -38.6745493965, 512.74521875
33, 43105, 0.002, 70.0, 1590146694, 2020-05-22 11:24:54, 55, 20, -55.0652446286, -42.9171794555, 518.68409375
34, 43106, 0.002, 70.0, 1590146874, 2020-05-22 11:27:54, 3, 21, -66.0480385484, -49.8703086145, 523.6805
35, 43107, 0.002, 70.0, 1590147054, 2020-05-22 11:30:54, 0, 22, -76.4047090271, -65.8733018189, 527.19275
36, 43108, 0.002, 70.0, 1590147234, 2020-05-22 11:33:54, 18, 22, -82.6880595909, -123.642351962, 528.8513125
37, 43109, 0.002, 70.0, 1590147414, 2020-05-22 11:36:54, 0, 22, -76.6072856076, 177.271207809, 528.5091875
38, 43110, 0.002, 70.0, 1590147594, 2020-05-22 11:39:54, 0, 22, -66.2834410181, 160.896607917, 526.2598125
39, 43111, 0.002, 70.0, 1590147774, 2020-05-22 11:42:54, 5, 20, -55.3170497976, 153.851049223, 522.42090625
40, 43112, 0.002, 70.0, 1590147954, 2020-05-22 11:45:54, 0, 19, -44.1642832053, 149.574544841, 517.486125
41, 43113, 1.5, 70.0, 1590148316, 2020-05-22 11:51:56, 16, 15, -21.5294990441, 143.809236805, 506.67990625
42, 43114, 1.5, 70.0, 1590148496, 2020-05-22 11:54:56, 26, 13, -10.226257408, 141.484240412, 502.03728125
43, 43115, 1.5, 70.0, 1590148676, 2020-05-22 11:57:56, 0, 11, 1.09391648058, 139.26762546, 498.46753125
44, 43116, 1.5, 70.0, 1590148856, 2020-05-22 12:00:56, 8, 9, 12.4234507165, 137.03840198, 496.181
45, 43117, 1.5, 70.0, 1590149036, 2020-05-22 12:03:56, 0, 7, 23.7540882414, 134.671126716, 495.1745625
46, 43118, 1.5, 70.0, 1590149216, 2020-05-22 12:06:56, 102, 5, 35.073943459, 131.989608108, 495.245
47, 43119, 0.002, 70.0, 1590149394, 2020-05-22 12:09:54, 0, 4, 46.2364977124, 128.717865534, 496.02228125
48, 43120, 0.002, 70.0, 1590149574, 2020-05-22 12:12:54, 5, 3, 57.4452991767, 124.072940748, 497.08296875
49, 43121, 0.002, 70.0, 1590149754, 2020-05-22 12:15:54, 1, 3, 68.4330244931, 115.975519261, 497.97265625
50, 43122, 0.002, 70.0, 1590149934, 2020-05-22 12:18:54, 1, 3, 78.5199571411, 94.9884379826, 498.3211875
51, 43123, 0.002, 70.0, 1590150114, 2020-05-22 12:21:54, 0, 4, 82.2432776722, 23.7866801966, 497.90665625
52, 43124, 0.002, 70.0, 1590150294, 2020-05-22 12:24:54, 26, 6, 74.1741263388, -20.4224073421, 496.698375
53, 43125, 0.002, 70.0, 1590150474, 2020-05-22 12:27:54, 3, 8, 63.4921407802, -33.177753172, 494.8664375
54, 43126, 1.5, 70.0, 1590150656, 2020-05-22 12:30:56, 97, 10, 52.23781269, -39.3086744042, 492.73146875
55, 43127, 1.5, 70.0, 1590150836, 2020-05-22 12:33:56, 29, 11, 40.9686699195, -43.196011683, 490.80515625
56, 43128, 1.5, 70.0, 1590151016, 2020-05-22 12:36:56, 27, 13, 29.6447934281, -46.1550750273, 489.5616875
57, 43129, 1.5, 70.0, 1590151196, 2020-05-22 12:39:56, 7, 15, 18.2986522275, -48.6607026033, 489.44671875
58, 43130, 0.002, 70.0, 1590152081, 2020-05-22 12:54:41, 87, 20, -37.3833465303, -60.40576954, 509.1551875
59, 43131, 0.002, 70.0, 1590152261, 2020-05-22 12:57:41, 14, 21, -48.6061054861, -63.8994317905, 515.34771875
60, 43132, 0.002, 70.0, 1590152441, 2020-05-22 13:00:41, 26, 23, -59.7170610755, -68.9716737015, 520.96071875
61, 43133, 0.002, 70.0, 1590152621, 2020-05-22 13:03:41, 0, 24, -70.53718721, -78.3175854662, 525.38575
62, 43134, 0.002, 70.0, 1590152801, 2020-05-22 13:06:41, 132, 25, -80.0882573667, -105.021596551, 528.145875
63, 43135, 0.002, 70.0, 1590152981, 2020-05-22 13:09:41, 0, 25, -81.3361670789, 178.819925882, 528.961
64, 43136, 0.002, 70.0, 1590153161, 2020-05-22 13:12:41, 0, 24, -72.4186857601, 144.604981164, 527.785125
65, 43137, 0.002, 70.0, 1590153341, 2020-05-22 13:15:41, 0, 23, -61.7089969542, 133.759911178, 524.81025
66, 43138, 0.002, 70.0, 1590153521, 2020-05-22 13:18:41, 2, 21, -50.6417306699, 128.219289045, 520.4358125
67, 43139, 0.002, 70.0, 1590153701, 2020-05-22 13:21:41, 4, 20, -39.4482356595, 124.529634516, 515.2091875
68, 43140, 1.5, 70.0, 1590153883, 2020-05-22 13:24:43, 116, 18, -28.0688450981, 121.634453931, 509.68653125
69, 43141, 1.5, 70.0, 1590154063, 2020-05-22 13:27:43, 41, 16, -16.7794508167, 119.178536472, 504.5913125
70, 43142, 1.5, 70.0, 1590154243, 2020-05-22 13:30:43, 16, 14, -5.46801209972, 116.915162046, 500.3571875
71, 43143, 1.5, 70.0, 1590154423, 2020-05-22 13:33:43, 4, 12, 5.85711218188, 114.707344378, 497.3110625
72, 43144, 1.5, 70.0, 1590154603, 2020-05-22 13:36:43, 13, 10, 17.1883588743, 112.436982668, 495.57415625
73, 43145, 1.5, 70.0, 1590154783, 2020-05-22 13:39:43, 12, 8, 28.5163812905, 109.964228793, 495.0558125
74, 43146, 0.002, 70.0, 1590154961, 2020-05-22 13:42:41, 0, 6, 39.7008570361, 107.105097946, 495.4716875
75, 43147, 0.002, 70.0, 1590155141, 2020-05-22 13:45:41, 3, 5, 50.9643170892, 103.365378131, 496.43059375
76, 43148, 0.002, 70.0, 1590155321, 2020-05-22 13:48:41, 0, 4, 62.108795247, 97.6913419123, 497.475375
77, 43149, 0.002, 70.0, 1590155501, 2020-05-22 13:51:41, 8, 3, 72.8803519064, 86.3540065331, 498.1804375
78, 43150, 0.002, 70.0, 1590155681, 2020-05-22 13:54:41, 0, 3, 81.6474256295, 49.3124938953, 498.23059375
79, 43151, 0.002, 70.0, 1590155861, 2020-05-22 13:57:41, 0, 4, 79.5944141992, -26.2112590403, 497.48071875
80, 43152, 0.002, 70.0, 1590156041, 2020-05-22 14:00:41, 32, 6, 69.7829499106, -50.8920161218, 495.98525
81, 43153, 0.002, 70.0, 1590156221, 2020-05-22 14:03:41, 2, 8, 58.8385484842, -59.7811077593, 493.99234375
82, 43154, 0.002, 70.0, 1590156401, 2020-05-22 14:06:41, 0, 11, 47.6338075673, -64.6938306022, 491.90321875
83, 43155, 1.5, 70.0, 1590156583, 2020-05-22 14:09:43, 3, 13, 36.2107191631, -68.1487110387, 490.18878125
84, 43156, 1.5, 70.0, 1590156763, 2020-05-22 14:12:43, 73, 14, 24.8748642275, -70.8785668949, 489.377
85, 43157, 1.5, 70.0, 1590156943, 2020-05-22 14:15:43, 11, 16, 13.5248631163, -73.2704103494, 489.84503125
86, 43158, 1.5, 70.0, 1590157123, 2020-05-22 14:18:43, 3, 17, 2.17404473022, -75.5098244723, 491.83215625
87, 43159, 1.5, 70.0, 1590157303, 2020-05-22 14:21:43, 321, 19, -9.16825769059, -77.7253944048, 495.369
88, 43160, 0.002, 70.0, 1590157481, 2020-05-22 14:24:41, 0, 20, -20.3679297533, -80.0107210593, 500.2001875
89, 43161, 0.002, 70.0, 1590157661, 2020-05-22 14:27:41, 0, 21, -31.6666387052, -82.5694601862, 506.03609375
90, 43162, 0.002, 70.0, 1590157841, 2020-05-22 14:30:41, 2, 22, -42.9221791539, -85.633141538, 512.26928125
91, 43163, 0.002, 70.0, 1590158021, 2020-05-22 14:33:41, 2, 23, -54.1004223519, -89.7396220212, 518.2541875
92, 43164, 0.002, 70.0, 1590158201, 2020-05-22 14:36:41, 14, 24, -65.107562481, -96.3314307582, 523.34721875
93, 43165, 0.002, 70.0, 1590158561, 2020-05-22 14:42:41, 5, 25, -82.6060495096, -163.141035399, 528.8119375
94, 43166, 0.002, 70.0, 1590158741, 2020-05-22 14:45:41, 0, 25, -77.4212460811, 132.566854716, 528.6301875
95, 43167, 0.002, 70.0, 1590158921, 2020-05-22 14:48:41, 0, 25, -67.2187124814, 114.50668025, 526.523125
96, 43168, 0.002, 70.0, 1590159101, 2020-05-22 14:51:41, 2, 23, -56.2797308101, 107.051959074, 522.7910625
97, 43169, 0.002, 70.0, 1590159281, 2020-05-22 14:54:41, 0, 21, -45.1371138788, 102.625962342, 517.91546875
98, 43170, 0.002, 70.0, 1590159461, 2020-05-22 14:57:41, 0, 20, -33.9090410358, 99.4165930549, 512.48846875
99, 43171, 1.5, 70.0, 1590159643, 2020-05-22 15:00:43, 83, 18, -22.5100700296, 96.758597619, 507.0708125
100, 43172, 1.5, 70.0, 1590159823, 2020-05-22 15:03:43, 24, 16, -11.2085163039, 94.4175980926, 502.34290625
101, 43173, 1.5, 70.0, 1590160183, 2020-05-22 15:09:43, 7, 11, 11.4399478724, 89.9730369059, 496.2576875
102, 43174, 1.5, 70.0, 1590160363, 2020-05-22 15:12:43, 3, 10, 22.7711130294, 87.6235542845, 495.1445625
103, 43175, 1.5, 70.0, 1590160543, 2020-05-22 15:15:43, 13, 8, 34.0927799546, 84.9788367364, 495.1356875
104, 43176, 1.5, 70.0, 1590160723, 2020-05-22 15:18:43, 74, 6, 45.3847662928, 81.7392233719, 495.8831875
105, 43177, 0.002, 70.0, 1590161807, 2020-05-22 15:36:47, 0, 8, 64.0782666336, -80.0007694737, 494.9776875
106, 43178, 0.002, 70.0, 1590161987, 2020-05-22 15:39:47, 0, 11, 52.9608496853, -86.2674816967, 492.88375
107, 43179, 1.5, 70.0, 1590162169, 2020-05-22 15:42:49, 348, 13, 41.5716595099, -90.2804159091, 490.9245625
108, 43180, 1.5, 70.0, 1590162349, 2020-05-22 15:45:49, 43, 15, 30.2497808488, -93.2736370294, 489.6443125
109, 43181, 1.5, 70.0, 1590162529, 2020-05-22 15:48:49, 2, 17, 18.9044831766, -95.7963195877, 489.46978125
110, 43182, 1.5, 70.0, 1590162709, 2020-05-22 15:51:49, 9, 18, 7.55282574453, -98.0898629597, 490.72353125
111, 43183, 1.5, 70.0, 1590162889, 2020-05-22 15:54:49, 10, 19, -3.7944565245, -100.302127081, 493.5391875
112, 43184, 0.002, 70.0, 1590163856, 2020-05-22 16:10:56, 3, 25, -64.1224169764, -119.180011793, 522.96240625
113, 43185, 0.002, 70.0, 1590164036, 2020-05-22 16:13:56, 15, 26, -74.6685842233, -132.496380824, 526.7550625
114, 43186, 0.002, 70.0, 1590164216, 2020-05-22 16:16:56, 0, 26, -82.3842869276, -178.98920529, 528.742125
115, 43187, 0.002, 70.0, 1590164396, 2020-05-22 16:19:56, 0, 25, -78.2426173098, 111.960891162, 528.7355625
116, 43188, 0.002, 70.0, 1590164576, 2020-05-22 16:22:56, 0, 23, -68.1899380605, 91.8554370409, 526.787
117, 43189, 0.002, 70.0, 1590164756, 2020-05-22 16:25:56, 1, 21, -57.2828123915, 83.9261270005, 523.17775
118, 43190, 0.002, 70.0, 1590164936, 2020-05-22 16:28:56, 0, 19, -46.1516462724, 79.3314382559, 518.37584375
119, 43191, 0.002, 70.0, 1590165116, 2020-05-22 16:31:56, 0, 17, -34.9290717316, 76.0464656052, 512.96696875
120, 43192, 0.002, 70.0, 1590165296, 2020-05-22 16:34:56, 0, 15, -23.6586773289, 73.3781429232, 507.57046875
121, 43193, 1.5, 70.0, 1590165478, 2020-05-22 16:37:58, 17, 13, -12.2336517123, 70.9916338464, 502.70375
122, 43194, 1.5, 70.0, 1590165658, 2020-05-22 16:40:58, 5, 11, -0.915605320976, 68.7650468188, 498.91246875
123, 43195, 1.5, 70.0, 1590165838, 2020-05-22 16:43:58, 2, 9, 10.4131518742, 66.5465330747, 496.38640625
124, 43196, 1.5, 70.0, 1590166018, 2020-05-22 16:46:58, 0, 7, 21.7446551256, 64.2143240018, 495.16053125
125, 43197, 1.5, 70.0, 1590166198, 2020-05-22 16:49:58, 17, 6, 33.0679339755, 61.6057859657, 495.06475
126, 43198, 1.5, 70.0, 1590166378, 2020-05-22 16:52:58, 0, 4, 44.3639876913, 58.438989248, 495.76321875
127, 43199, 0.002, 70.0, 1590166556, 2020-05-22 16:55:56, 0, 3, 55.4678159783, 54.1601421109, 496.80790625
128, 43200, 0.002, 70.0, 1590166736, 2020-05-22 16:58:56, 0, 3, 66.5157903933, 46.9810600488, 497.77165625
129, 43201, 0.002, 70.0, 1590166916, 2020-05-22 17:01:56, 18, 4, 76.8926987225, 29.9696099042, 498.253625
130, 43202, 0.002, 70.0, 1590167096, 2020-05-22 17:04:56, 0, 4, 82.6673641178, -31.7750133167, 498.00090625
131, 43203, 0.002, 70.0, 1590167276, 2020-05-22 17:07:56, 0, 5, 75.9417314844, -87.2736368632, 496.9465
132, 43204, 0.002, 70.0, 1590167636, 2020-05-22 17:13:56, 23, 9, 54.3490344075, -109.290533084, 493.1524375
133, 43205, 0.002, 70.0, 1590167816, 2020-05-22 17:16:56, 9, 11, 43.0968339212, -113.449647005, 491.172625
134, 43206, 0.002, 70.0, 1590167996, 2020-05-22 17:19:56, 0, 14, 31.7801735246, -116.535348886, 489.78159375
135, 43207, 0.002, 70.0, 1590168176, 2020-05-22 17:22:56, 2, 15, 20.4369027111, -119.104196693, 489.4405
136, 43208, 1.5, 70.0, 1590168358, 2020-05-22 17:25:58, 28, 16, 8.95935720862, -121.44375505, 490.513375
137, 43209, 1.5, 70.0, 1590168538, 2020-05-22 17:28:58, 5, 17, -2.38884628218, -123.659454756, 493.1385
138, 43210, 1.5, 70.0, 1590168718, 2020-05-22 17:31:58, 27, 19, -13.7251652438, -125.898472728, 497.25921875
139, 43211, 1.5, 70.0, 1590168898, 2020-05-22 17:34:58, 63, 21, -25.0408736828, -128.289052597, 502.592875
140, 43212, 0.002, 70.0, 1590169076, 2020-05-22 17:37:56, 0, 23, -36.198978068, -130.98230547, 508.5958125
141, 43213, 0.002, 70.0, 1590169256, 2020-05-22 17:40:56, 8, 25, -47.4291170432, -134.372988958, 514.80371875
142, 43214, 0.002, 70.0, 1590169436, 2020-05-22 17:43:56, 4, 26, -58.5562567658, -139.206631871, 520.49675
143, 43215, 0.002, 70.0, 1590169616, 2020-05-22 17:46:56, 184, 28, -69.4253075454, -147.830442376, 525.057875
144, 43216, 0.002, 70.0, 1590169796, 2020-05-22 17:49:56, 13, 28, -79.2457535327, -171.086731063, 527.99325
145, 43217, 0.002, 70.0, 1590169976, 2020-05-22 17:52:56, 0, 28, -81.913871309, 115.214827433, 529.0005
146, 43218, 0.002, 70.0, 1590170156, 2020-05-22 17:55:56, 0, 27, -73.4971931204, 75.5664330802, 528.009
147, 43219, 0.002, 70.0, 1590170336, 2020-05-22 17:58:56, 192, 25, -62.8609493387, 63.6502596595, 525.1871875
148, 43220, 0.002, 70.0, 1590170516, 2020-05-22 18:01:56, 0, 23, -51.8148259049, 57.7935636922, 520.91590625
149, 43221, 0.002, 70.0, 1590170696, 2020-05-22 18:04:56, 0, 20, -40.6302135556, 53.9753001165, 515.7311875
150, 43222, 1.5, 70.0, 1590170878, 2020-05-22 18:07:58, 56, 18, -29.2554863058, 51.0181048289, 510.18625
151, 43223, 1.5, 70.0, 1590171058, 2020-05-22 18:10:58, 50, 16, -17.9687831189, 48.5316154431, 505.01203125
152, 43224, 1.5, 70.0, 1590171238, 2020-05-22 18:13:58, 4, 14, -6.6589418125, 46.2551065628, 500.657
153, 43225, 1.5, 70.0, 1590171418, 2020-05-22 18:16:58, 7, 12, 4.66541279216, 44.0469610459, 497.4685625
154, 43226, 1.5, 70.0, 1590171598, 2020-05-22 18:19:58, 16, 10, 15.9967418737, 41.7889790538, 495.5908125
155, 43227, 1.5, 70.0, 1590171778, 2020-05-22 18:22:58, 17, 8, 27.3260107995, 39.3457179352, 494.95471875
156, 43228, 1.5, 70.0, 1590171961, 2020-05-22 18:26:01, 5, 6, 38.8275046527, 36.457644162, 495.31378125
157, 43229, 0.002, 70.0, 1590172316, 2020-05-22 18:31:56, 0, 4, 60.9481616921, 27.5513899666, 497.2941875
158, 43230, 0.002, 70.0, 1590172496, 2020-05-22 18:34:56, 45, 4, 71.7868727713, 17.2056836491, 498.06725
159, 43231, 0.002, 70.0, 1590172676, 2020-05-22 18:37:56, 2, 5, 81.0046775079, -14.7365019626, 498.213875
160, 43232, 1.5, 70.0, 1590173770, 2020-05-22 18:56:10, 578, 22, 25.3101094945, -141.674952954, 489.4559375
161, 43233, 1.5, 70.0, 1590173950, 2020-05-22 18:59:10, 23, 21, 13.9606206475, -144.075723465, 489.88290625
162, 43234, 1.5, 70.0, 1590174130, 2020-05-22 19:02:10, 8, 21, 2.60994121313, -146.318388758, 491.8199375
163, 43236, 0.002, 70.0, 1590175048, 2020-05-22 19:17:28, 2, 21, -54.9066578814, -160.999470566, 518.7454375
164, 43237, 0.002, 70.0, 1590175228, 2020-05-22 19:20:28, 119, 22, -65.8932323109, -167.890393777, 523.73721875
165, 43238, 0.002, 70.0, 1590175408, 2020-05-22 19:23:28, 5, 23, -76.267176338, 176.35379046, 527.2468125
166, 43239, 0.002, 70.0, 1590175588, 2020-05-22 19:26:28, 0, 24, -82.683585817, 119.495867061, 528.902875
167, 43240, 0.002, 70.0, 1590175768, 2020-05-22 19:29:28, 0, 25, -76.743670825, 59.5179747216, 528.55625
168, 43241, 0.002, 70.0, 1590175948, 2020-05-22 19:32:28, 20, 24, -66.4386229161, 42.8809692076, 526.298125
169, 43242, 0.002, 70.0, 1590176128, 2020-05-22 19:35:28, 0, 22, -55.4765108091, 35.7704656599, 522.44459375
170, 43243, 0.002, 70.0, 1590176308, 2020-05-22 19:38:28, 6, 20, -44.3252024621, 31.4699395024, 517.4885625
171, 43244, 0.002, 70.0, 1590176488, 2020-05-22 19:41:28, 0, 18, -33.0927343923, 28.3174981348, 512.02778125
172, 43245, 0.002, 70.0, 1590176668, 2020-05-22 19:44:28, 2, 16, -21.816503593, 25.7151158066, 506.6791875
173, 43246, 1.5, 70.0, 1590176850, 2020-05-22 19:47:30, 37, 14, -10.3876394101, 23.3604849302, 501.946
174, 43247, 1.5, 70.0, 1590177030, 2020-05-22 19:50:30, 54, 12, 0.932868090492, 21.1431408561, 498.34378125
175, 43248, 1.5, 70.0, 1590177210, 2020-05-22 19:53:30, 0, 10, 12.2628832144, 18.914839451, 496.0298125
176, 43249, 1.5, 70.0, 1590177390, 2020-05-22 19:56:30, 18, 8, 23.5941542394, 16.5504738474, 495.00440625
177, 43250, 0.002, 70.0, 1590178378, 2020-05-22 20:12:58, 0, 17, 81.9832592008, -49.9912507742, 498.14675
178, 43251, 0.002, 70.0, 1590178558, 2020-05-22 20:15:58, 0, 13, 79.0477326883, -123.576385995, 497.37028125
179, 43252, 0.002, 70.0, 1590178738, 2020-05-22 20:18:58, 243, 11, 69.0815236339, -146.241795017, 495.8600625
180, 43253, 0.002, 70.0, 1590178918, 2020-05-22 20:21:58, 3, 10, 58.1087564318, -154.704973134, 493.87484375
181, 43254, 0.002, 70.0, 1590179098, 2020-05-22 20:24:58, 1, 11, 46.8950816276, -159.475286532, 491.82253125
182, 43255, 0.002, 70.0, 1590179278, 2020-05-22 20:27:58, 3, 11, 35.5943389869, -162.835056585, 490.1905625
183, 43256, 1.5, 70.0, 1590179460, 2020-05-22 20:31:00, 774, 12, 24.131456193, -165.567583045, 489.4595625
184, 43257, 1.5, 70.0, 1590179640, 2020-05-22 20:34:00, 15, 13, 12.7814047092, -167.944680121, 490.03959375
185, 43258, 1.5, 70.0, 1590180000, 2020-05-22 20:40:00, 18, 15, -9.90974558811, -172.396856968, 495.7846875
186, 43259, 0.002, 70.0, 1590180744, 2020-05-22 20:52:24, 0, 19, -56.4282601038, 174.641366412, 519.526625
187, 43260, 0.002, 70.0, 1590180924, 2020-05-22 20:55:24, 63, 20, -67.3714286811, 167.111738552, 524.3394375
188, 43262, 0.002, 70.0, 1590181714, 2020-05-22 21:08:34, 4, 16, -60.7086542787, 14.9663890546, 524.43675
189, 43263, 0.002, 70.0, 1590181894, 2020-05-22 21:11:34, 21, 15, -49.6245925592, 9.67350556645, 519.9265625
190, 43264, 0.002, 70.0, 1590182074, 2020-05-22 21:14:34, 100, 14, -38.4235775105, 6.08684047194, 514.6209375
191, 43266, 0.002, 70.0, 1590183055, 2020-05-22 21:30:55, 0, 3, 23.1972690222, -6.99384562425, 494.98503125
192, 43267, 0.002, 70.0, 1590183235, 2020-05-22 21:33:55, 0, 2, 34.5187276267, -9.65434859337, 495.01578125
193, 43268, 0.002, 70.0, 1590183415, 2020-05-22 21:36:55, 0, 1, 45.8094025686, -12.9258188139, 495.79290625
194, 43269, 0.002, 70.0, 1590183595, 2020-05-22 21:39:55, 0, 0, 57.0233608257, -17.4968016794, 496.8729375
195, 43270, 0.002, 70.0, 1590183775, 2020-05-22 21:42:55, 3, 0, 68.0255558978, -25.3814883865, 497.80459375
196, 43271, 0.002, 70.0, 1590184135, 2020-05-22 21:48:55, 0, 2, 82.3767805497, -114.890270504, 497.86603125
197, 43272, 0.002, 70.0, 1590184315, 2020-05-22 21:51:55, 25, 3, 74.555995385, -161.421644559, 496.72625
198, 43273, 0.002, 70.0, 1590184495, 2020-05-22 21:54:55, 2, 4, 63.9070406213, -174.655313659, 494.95396875
199, 43274, 0.002, 70.0, 1590184675, 2020-05-22 21:57:55, 1, 6, 52.7860548991, 179.133936999, 492.886
200, 43275, 0.002, 70.0, 1590184855, 2020-05-22 22:00:55, 1, 8, 41.5212458837, 175.180172715, 490.97771875
201, 43276, 1.5, 70.0, 1590185037, 2020-05-22 22:03:57, 305, 11, 30.073480006, 172.159904046, 489.7163125
202, 43277, 1.5, 70.0, 1590185217, 2020-05-22 22:06:57, 7, 13, 18.7282933244, 169.642309978, 489.5816875
203, 43278, 1.5, 70.0, 1590185397, 2020-05-22 22:09:57, 31, 15, 7.37700557626, 167.35106838, 490.87475
204, 43279, 1.5, 70.0, 1590185577, 2020-05-22 22:12:57, 9, 16, -3.96972387434, 165.139152599, 493.7250625
205, 43280, 0.002, 70.0, 1590186570, 2020-05-22 22:29:30, 1, 20, -65.8556184592, 144.880032882, 523.7690625
206, 43281, 0.002, 70.0, 1590186750, 2020-05-22 22:32:30, 0, 22, -76.2336469393, 129.18350685, 527.273625
207, 43282, 0.002, 70.0, 1590186930, 2020-05-22 22:35:30, 0, 24, -82.6819465716, 72.5483022599, 528.92425
208, 43283, 0.002, 70.0, 1590187110, 2020-05-22 22:38:30, 1, 25, -76.7767972424, 12.3549183059, 528.57125
209, 43284, 0.002, 70.0, 1590187290, 2020-05-22 22:41:30, 3, 24, -66.4764075225, -4.34696247923, 526.305625
210, 43285, 0.002, 70.0, 1590187470, 2020-05-22 22:44:30, 25, 22, -55.5153370194, -11.4734627569, 522.44315625
211, 43286, 0.002, 70.0, 1590187650, 2020-05-22 22:47:30, 120, 20, -44.3643531064, -15.7798884903, 517.47690625
212, 43287, 0.002, 70.0, 1590187830, 2020-05-22 22:50:30, 41, 18, -33.1319669989, -18.9350294901, 512.0048125
213, 43288, 0.002, 70.0, 1590188010, 2020-05-22 22:53:30, 8, 16, -21.8557003411, -21.5387693184, 506.6444375
214, 43289, 1.5, 70.0, 1590188192, 2020-05-22 22:56:32, 439, 14, -10.4267234601, -23.8940576005, 501.89971875
215, 43290, 1.5, 70.0, 1590188372, 2020-05-22 22:59:32, 5, 12, 0.893948605389, -26.1115929199, 498.287375
216, 43291, 0.002, 70.0, 1590189563, 2020-05-22 23:19:23, 0, 4, 74.8172501208, -59.174149829, 498.12696875
217, 43292, 0.002, 70.0, 1590189743, 2020-05-22 23:22:23, 0, 4, 82.4549725554, -107.321089018, 498.06684375
218, 43293, 0.002, 70.0, 1590189923, 2020-05-22 23:25:23, 9, 5, 77.9494246096, -175.519250626, 497.2045
219, 43294, 0.002, 70.0, 1590190103, 2020-05-22 23:28:23, 7, 6, 67.7412765944, 165.058542706, 495.63125
220, 43296, 1.5, 70.0, 1590191173, 2020-05-22 23:46:13, 21, 24, 0.776012155893, 142.431492027, 492.375625
221, 43297, 0.002, 70.0, 1590191945, 2020-05-22 23:59:05, 0, 19, -47.6626958524, 131.020294982, 515.05103125
222, 43298, 0.002, 70.0, 1590192125, 2020-05-23 00:02:05, 2, 21, -58.786331688, 126.141381575, 520.7111875
223, 43299, 0.002, 70.0, 1590192305, 2020-05-23 00:05:05, 0, 22, -69.6458816744, 117.382729476, 525.223375
224, 43300, 0.002, 70.0, 1590192485, 2020-05-23 00:08:05, 0, 23, -79.417484979, 93.4948327056, 528.0980625
225, 43301, 0.002, 70.0, 1590192665, 2020-05-23 00:11:05, 0, 24, -81.8104349242, 19.1739699978, 529.038125
226, 43303, 0.002, 70.0, 1590193479, 2020-05-23 00:24:39, 92, 15, -34.527186816, -42.2128264427, 512.66878125
227, 43304, 0.002, 70.0, 1590193659, 2020-05-23 00:27:39, 106, 13, -23.2551343849, -44.8661295386, 507.25725
228, 43305, 0.002, 70.0, 1590193839, 2020-05-23 00:30:39, 12, 12, -11.9545061499, -47.2201576509, 502.44721875
229, 43306, 1.5, 70.0, 1590194021, 2020-05-23 00:33:41, 109, 10, -0.509750784792, -49.4696838688, 498.63428125
230, 43307, 1.5, 70.0, 1590194201, 2020-05-23 00:36:41, 10, 8, 10.8198102383, -51.6901442168, 496.1463125
231, 43308, 1.5, 70.0, 1590194381, 2020-05-23 00:39:41, 1, 6, 22.1518129473, -54.0291288373, 494.9628125
232, 43309, 1.5, 70.0, 1590194561, 2020-05-23 00:42:41, 19, 4, 33.4750917971, -56.6518634217, 494.90684375
233, 43310, 0.002, 70.0, 1590194739, 2020-05-23 00:45:39, 0, 3, 44.6449270322, -59.8067619498, 495.626625
234, 43311, 0.002, 70.0, 1590194919, 2020-05-23 00:48:39, 0, 2, 55.8707049317, -64.1879799622, 496.70390625
235, 43312, 0.002, 70.0, 1590195099, 2020-05-23 00:51:39, 0, 2, 66.9079457044, -71.5388412819, 497.67953125
236, 43313, 0.002, 70.0, 1590195279, 2020-05-23 00:54:39, 0, 3, 77.2338803318, -89.2662421005, 498.1660625
237, 43314, 0.002, 70.0, 1590195459, 2020-05-23 00:57:39, 0, 3, 82.6239992467, -153.1829611, 497.91553125
238, 43315, 0.002, 70.0, 1590197834, 2020-05-23 01:37:14, 140, 19, -61.0917664194, 101.142568198, 521.79503125
239, 43316, 0.002, 70.0, 1590198014, 2020-05-23 01:40:14, 0, 20, -71.8429622848, 90.7972836442, 525.9941875
240, 43317, 0.002, 70.0, 1590198194, 2020-05-23 01:43:14, 0, 21, -80.9839273932, 59.1204372214, 528.4750625
241, 43318, 0.002, 70.0, 1590198554, 2020-05-23 01:49:14, 1, 22, -71.1220289878, -46.3866662515, 527.5170625
242, 43319, 0.002, 70.0, 1590198734, 2020-05-23 01:52:14, 43, 21, -60.338901988, -56.1535533105, 524.28671875
243, 43320, 0.002, 70.0, 1590198914, 2020-05-23 01:55:14, 43, 19, -49.2489697209, -61.3605207028, 519.71996875
244, 43321, 0.002, 70.0, 1590199094, 2020-05-23 01:58:14, 63, 17, -38.0452225966, -64.9110032971, 514.3795
245, 43322, 0.002, 70.0, 1590200208, 2020-05-23 02:16:48, 0, 15, 31.9473799706, -79.9038900705, 494.82515625
246, 43323, 0.002, 70.0, 1590200388, 2020-05-23 02:19:48, 0, 10, 43.2480645547, -82.9964972734, 495.47603125
247, 43324, 0.002, 70.0, 1590200568, 2020-05-23 02:22:48, 5, 7, 54.4864475683, -87.1717919125, 496.5381875
248, 43325, 0.002, 70.0, 1590200748, 2020-05-23 02:25:48, 0, 6, 65.560083004, -93.963035343, 497.55409375
249, 43326, 0.002, 70.0, 1590200928, 2020-05-23 02:28:48, 0, 6, 76.0484873412, -109.40847679, 498.1235625
250, 43327, 0.002, 70.0, 1590201108, 2020-05-23 02:31:48, 0, 6, 82.6757994014, -165.601050972, 497.9779375
251, 43328, 0.002, 70.0, 1590201468, 2020-05-23 02:37:48, 5, 9, 66.3910164976, 116.504585714, 495.3995
252, 43329, 0.002, 70.0, 1590201648, 2020-05-23 02:40:48, 0, 10, 55.3301569307, 109.374715165, 493.382375
253, 43330, 1.5, 70.0, 1590201830, 2020-05-23 02:43:50, 79, 12, 43.9616212474, 105.03383625, 491.39421875
254, 43331, 1.5, 70.0, 1590202010, 2020-05-23 02:46:50, 10, 14, 32.6485125492, 101.891621383, 489.97653125
255, 43332, 1.5, 70.0, 1590202190, 2020-05-23 02:49:50, 5, 16, 21.3069390376, 99.2946263669, 489.57159375
256, 43333, 1.5, 70.0, 1590202370, 2020-05-23 02:52:50, 8, 17, 9.95623612446, 96.9668705773, 490.53353125
257, 43334, 1.5, 70.0, 1590202550, 2020-05-23 02:55:50, 15, 19, -1.39200087696, 94.7477352861, 493.03846875
258, 43335, 0.002, 70.0, 1590203207, 2020-05-23 03:06:47, 1, 23, -42.643982134, 85.4030188045, 512.35040625
259, 43336, 0.002, 70.0, 1590203387, 2020-05-23 03:09:47, 77, 24, -53.8241309547, 81.3338516448, 518.3253125
260, 43337, 0.002, 70.0, 1590203567, 2020-05-23 03:12:47, 78, 25, -64.837237254, 74.8395438582, 523.415125
261, 43338, 0.002, 70.0, 1590203747, 2020-05-23 03:15:47, 1, 26, -75.3193987983, 60.6168018947, 527.064875
262, 43339, 0.002, 70.0, 1590203927, 2020-05-23 03:18:47, 0, 26, -82.5584362609, 9.99831691993, 528.884875
263, 43340, 0.002, 70.0, 1590204107, 2020-05-23 03:21:47, 32, 26, -77.6508975316, -55.6868055034, 528.7038125
264, 43341, 0.002, 70.0, 1590204287, 2020-05-23 03:24:47, 3, 25, -67.4871798969, -74.2797415539, 526.5908125
265, 43342, 0.002, 70.0, 1590204467, 2020-05-23 03:27:47, 34, 24, -56.5565413016, -81.8603021353, 522.84284375
266, 43343, 0.002, 70.0, 1590204647, 2020-05-23 03:30:47, 13, 22, -45.4167384083, -86.3315420409, 517.93959375
267, 43344, 0.002, 70.0, 1590204827, 2020-05-23 03:33:47, 14, 20, -34.1897447352, -89.561319933, 512.4734375
268, 43345, 1.5, 70.0, 1590205009, 2020-05-23 03:36:49, 963, 18, -22.791082795, -92.2295811432, 507.0068125
269, 43346, 1.5, 70.0, 1590205189, 2020-05-23 03:39:49, 10, 16, -11.4893967344, -94.5754779152, 502.22540625
270, 43347, 1.5, 70.0, 1590205369, 2020-05-23 03:42:49, 35, 14, -0.169748063398, -96.7980283011, 498.49184375
271, 43348, 1.5, 70.0, 1590205549, 2020-05-23 03:45:49, 63, 12, 11.1601747863, -99.0201961963, 496.04084375
272, 43349, 1.5, 70.0, 1590205729, 2020-05-23 03:48:49, 92, 10, 22.4922722641, -101.364965987, 494.8938125
273, 43350, 0.002, 70.0, 1590205907, 2020-05-23 03:51:47, 3, 8, 33.6895187559, -103.968033042, 494.8635625
274, 43351, 0.002, 70.0, 1590206087, 2020-05-23 03:54:47, 2, 6, 44.9839161509, -107.178618102, 495.60815625
275, 43352, 0.002, 70.0, 1590206267, 2020-05-23 03:57:47, 30, 5, 56.206576069, -111.613364307, 496.6938125
276, 43353, 0.002, 70.0, 1590206447, 2020-05-23 04:00:47, 0, 4, 67.2342511618, -119.113034958, 497.66640625
277, 43354, 0.002, 70.0, 1590206807, 2020-05-23 04:06:47, 1, 4, 82.5704710542, 156.881850044, 497.8758125
278, 43355, 0.002, 70.0, 1590206987, 2020-05-23 04:09:47, 108, 4, 75.2882531357, 105.689063127, 496.81415625
279, 43356, 0.002, 70.0, 1590207167, 2020-05-23 04:12:47, 2, 6, 64.7096424902, 91.4438498416, 495.1025
280, 43357, 0.002, 70.0, 1590207352, 2020-05-23 04:15:52, 2, 8, 53.2950303507, 84.8269811406, 493.00825
281, 43358, 1.5, 70.0, 1590207518, 2020-05-23 04:18:38, 33, 13, 42.9129310778, 81.0760393244, 491.23615625
282, 43359, 1.5, 70.0, 1590207709, 2020-05-23 04:21:49, 4, 15, 30.903310424, 77.8342402994, 489.845
283, 43360, 1.5, 70.0, 1590207889, 2020-05-23 04:24:49, 8, 15, 19.5593839123, 75.292453702, 489.63384375
284, 43361, 1.5, 70.0, 1590208069, 2020-05-23 04:27:49, 4, 15, 8.20845304156, 72.9903111218, 490.829125
285, 43362, 1.5, 70.0, 1590208249, 2020-05-23 04:30:49, 3, 16, -3.13855388548, 70.7767629253, 493.57528125
286, 43364, 0.002, 70.0, 1590209674, 2020-05-23 04:54:34, 432, 18, -81.945249198, -49.7186476791, 529.0631875
287, 43365, 0.002, 70.0, 1590209854, 2020-05-23 04:57:34, 5, 18, -73.5637123327, -89.7289191148, 528.04075
288, 43366, 0.002, 70.0, 1590210034, 2020-05-23 05:00:34, 12, 17, -62.9324340986, -101.717308126, 525.1853125
289, 43367, 0.002, 70.0, 1590210214, 2020-05-23 05:03:34, 9, 16, -51.8875537592, -107.59485666, 520.878
290, 43368, 0.002, 70.0, 1590210394, 2020-05-23 05:06:34, 9, 14, -40.7032385231, -111.421524784, 515.65590625
291, 43369, 1.5, 70.0, 1590210576, 2020-05-23 05:09:36, 1540, 12, -29.328391745, -114.382773789, 510.0733125
292, 43370, 1.5, 70.0, 1590210756, 2020-05-23 05:12:36, 26, 10, -18.0413402185, -116.871284911, 504.8638125
293, 43371, 1.5, 70.0, 1590210936, 2020-05-23 05:15:36, 22, 9, -6.7309883554, -119.148729527, 500.47765625
294, 43372, 1.5, 70.0, 1590211116, 2020-05-23 05:18:36, 34, 7, 4.59399505355, -121.357025308, 497.26453125
295, 43373, 0.002, 70.0, 1590211294, 2020-05-23 05:21:34, 0, 5, 15.8001229257, -123.588612034, 495.38440625
296, 43374, 0.002, 70.0, 1590211474, 2020-05-23 05:24:34, 1, 3, 27.1302746534, -126.027331077, 494.729375
297, 43375, 0.002, 70.0, 1590211654, 2020-05-23 05:27:34, 2, 2, 38.4446520592, -128.853799959, 495.07228125
298, 43376, 0.002, 70.0, 1590211834, 2020-05-23 05:30:34, 6, 1, 49.716622528, -132.464552142, 496.01965625
299, 43377, 0.002, 70.0, 1590212014, 2020-05-23 05:33:34, 3, 1, 60.8818405553, -137.82480264, 497.11503125
300, 43378, 0.002, 70.0, 1590212194, 2020-05-23 05:36:34, 0, 2, 71.7245336348, -148.118935906, 497.923625
301, 43379, 0.002, 70.0, 1590212374, 2020-05-23 05:39:34, 0, 3, 80.9650897315, -179.798077273, 498.112625
302, 43380, 0.002, 70.0, 1590212554, 2020-05-23 05:42:34, 5, 4, 80.4556942233, 102.975606555, 497.51375
303, 43381, 0.002, 70.0, 1590212734, 2020-05-23 05:45:34, 729, 4, 70.96035158, 74.3164128396, 496.1565625
304, 43382, 0.002, 70.0, 1590212914, 2020-05-23 05:48:34, 2, 5, 60.0702023461, 64.6181179553, 494.26665625
305, 43383, 1.5, 70.0, 1590213276, 2020-05-23 05:54:36, 7, 7, 37.4665143287, 55.8762237245, 490.50496875
306, 43384, 1.5, 70.0, 1590213456, 2020-05-23 05:57:36, 4, 8, 26.1340335065, 53.0923342419, 489.625875
307, 43385, 1.5, 70.0, 1590213636, 2020-05-23 06:00:36, 21, 10, 14.7856246831, 50.6739315967, 489.98003125
308, 43386, 1.5, 70.0, 1590213816, 2020-05-23 06:03:36, 12, 11, 3.4353153596, 48.4245966241, 491.8255625
309, 43387, 1.5, 70.0, 1590213996, 2020-05-23 06:06:36, 3, 13, -7.90733646807, 46.2122642012, 495.21646875
310, 43388, 1.5, 70.0, 1590214176, 2020-05-23 06:09:36, 73, 15, -19.2339868701, 43.9176758102, 499.9818125
311, 43389, 0.002, 70.0, 1590214986, 2020-05-23 06:23:06, 340, 16, -69.3973584113, 23.1531767361, 525.209375
312, 43390, 0.002, 70.0, 1590215166, 2020-05-23 06:26:06, 1013, 15, -79.2234734557, -0.0229548584049, 528.1069375
313, 43391, 0.002, 70.0, 1590215346, 2020-05-23 06:29:06, 155, 15, -81.9269238005, -73.6343159982, 529.0720625
314, 43392, 0.002, 70.0, 1590215526, 2020-05-23 06:32:06, 25, 14, -73.5248212356, -113.431984136, 528.0353125
315, 43393, 0.002, 70.0, 1590215706, 2020-05-23 06:35:06, 0, 13, -62.8906265106, -125.378066955, 525.1665625
316, 43394, 0.002, 70.0, 1590215886, 2020-05-23 06:38:06, 12, 11, -51.844902643, -131.243437262, 520.84790625
317, 43395, 0.002, 70.0, 1590216066, 2020-05-23 06:41:06, 4, 10, -40.660194671, -135.06521497, 515.617125
318, 43396, 1.5, 70.0, 1590216248, 2020-05-23 06:44:08, 679, 8, -29.285098591, -138.024134881, 510.028875
319, 43397, 1.5, 70.0, 1590216608, 2020-05-23 06:50:08, 25, 5, -6.68732807869, -142.788437713, 500.43103125
320, 43398, 1.5, 70.0, 1590216788, 2020-05-23 06:53:08, 12, 3, 4.63780602131, -144.996706173, 497.22046875
321, 43399, 1.5, 70.0, 1590216968, 2020-05-23 06:56:08, 5, 1, 15.9699811926, -147.254548146, 495.3305
322, 43401, 0.002, 70.0, 1590217872, 2020-05-23 07:11:12, 13, -5, 72.1142915495, -172.342625266, 497.92259375
323, 43402, 0.002, 70.0, 1590218052, 2020-05-23 07:14:12, 1, -5, 81.208825032, 154.275518159, 498.09009375
324, 43403, 0.002, 70.0, 1590218232, 2020-05-23 07:17:12, 35, -5, 80.17611409, 77.3927027206, 497.46771875
325, 43404, 0.002, 70.0, 1590218412, 2020-05-23 07:20:12, 237, -4, 70.5658944951, 50.155998352, 496.092375
326, 43405, 0.002, 70.0, 1590218592, 2020-05-23 07:23:12, 3, -3, 59.6565797504, 40.7432122052, 494.196125
327, 43406, 1.5, 70.0, 1590224523, 2020-05-23 09:02:03, 44, 7, 43.4700286272, 10.3552369927, 491.3665625
328, 43407, 1.5, 70.0, 1590224703, 2020-05-23 09:05:03, 53, 10, 32.1549733251, 7.24556883099, 489.95690625
329, 43408, 1.5, 70.0, 1590224883, 2020-05-23 09:08:03, 13, 12, 20.8127765588, 4.66483350674, 489.61790625
330, 43409, 1.5, 70.0, 1590225243, 2020-05-23 09:14:03, 23, 15, -1.88564554208, 0.127491230474, 493.23796875
331, 43410, 0.002, 70.0, 1590225421, 2020-05-23 09:17:01, 0, 16, -13.0959485808, -2.08247900077, 497.25996875
332, 43411, 0.002, 70.0, 1590226255, 2020-05-23 09:30:55, 0, 19, -65.0057380208, -19.8213882613, 523.5545625
333, 43412, 0.002, 70.0, 1590226435, 2020-05-23 09:33:55, 23, 20, -75.4716573753, -34.271806043, 527.166875
334, 43413, 0.002, 70.0, 1590226615, 2020-05-23 09:36:55, 89, 21, -82.5892813952, -85.8790420085, 528.942625
335, 43414, 0.002, 70.0, 1590226795, 2020-05-23 09:39:55, 2, 21, -77.509123295, -150.707249752, 528.7146875
336, 43415, 0.002, 70.0, 1590226975, 2020-05-23 09:42:55, 17, 20, -67.3212472813, -168.967637553, 526.5565
337, 43416, 0.002, 70.0, 1590227155, 2020-05-23 09:45:55, 0, 19, -56.3853596856, -176.469876355, 522.76890625
338, 43417, 0.002, 70.0, 1590227335, 2020-05-23 09:48:55, 3, 17, -45.2435896978, 179.086986278, 517.83459375
339, 43418, 0.002, 70.0, 1590227515, 2020-05-23 09:51:55, 0, 15, -34.0155578359, 175.869857897, 512.34775
340, 43419, 1.5, 70.0, 1590227697, 2020-05-23 09:54:57, 0, 13, -22.6161872636, 173.207928272, 506.8711875
341, 43420, 1.5, 70.0, 1590227877, 2020-05-23 09:57:57, 1, 11, -11.3139522266, 170.865036783, 502.08984375
342, 43421, 1.5, 70.0, 1590228057, 2020-05-23 10:00:57, 47, 9, 0.00615781407483, 168.643367492, 498.3641875
343, 43422, 1.5, 70.0, 1590228237, 2020-05-23 10:03:57, 14, 7, 11.3364559923, 166.420263861, 495.9261875
344, 43423, 1.5, 70.0, 1590228417, 2020-05-23 10:06:57, 5, 5, 22.6688070409, 164.072440975, 494.7941875
345, 43424, 1.5, 70.0, 1590228597, 2020-05-23 10:09:57, 66, 4, 33.9917921927, 161.431247805, 494.7829375
346, 43425, 0.002, 70.0, 1590228775, 2020-05-23 10:12:55, 1, 2, 45.1600940503, 158.239746293, 495.53421875
347, 43426, 0.002, 70.0, 1590228955, 2020-05-23 10:15:55, 12, 2, 56.3813093834, 153.776572841, 496.6276875
348, 43427, 0.002, 70.0, 1590229135, 2020-05-23 10:18:55, 8, 2, 67.4040496645, 146.197234863, 497.6045
349, 43428, 0.002, 70.0, 1590229315, 2020-05-23 10:21:55, 0, 3, 77.6599885133, 127.496914578, 498.0815
350, 43429, 0.002, 70.0, 1590229675, 2020-05-23 10:27:55, 40, 5, 75.1318281433, 10.8002041803, 496.76040625
351, 43430, 0.002, 70.0, 1590229858, 2020-05-23 10:30:58, 4, 7, 64.3545136345, -3.36079927642, 495.02584375
352, 43431, 0.002, 70.0, 1590230035, 2020-05-23 10:33:55, 2, 9, 53.4300256246, -9.63899005925, 493.036875
353, 43432, 0.002, 70.0, 1590230215, 2020-05-23 10:36:55, 1, 11, 42.1704314585, -13.674316193, 491.14590625
354, 43433, 1.5, 70.0, 1590230397, 2020-05-23 10:39:57, 13, 13, 30.7250937131, -16.7329525963, 489.87034375
355, 43434, 1.5, 70.0, 1590230577, 2020-05-23 10:42:57, 5, 14, 19.3810937768, -19.2693809103, 489.694
356, 43435, 1.5, 70.0, 1590230757, 2020-05-23 10:45:57, 6, 15, 8.03034732124, -21.56906633, 490.9256875
357, 43436, 1.5, 70.0, 1590230937, 2020-05-23 10:48:57, 17, 16, -3.31629291002, -23.7821466585, 493.70603125
358, 43437, 0.002, 70.0, 1590231115, 2020-05-23 10:51:55, 0, 17, -14.5244672776, -26.0026360348, 497.90075
359, 43438, 0.002, 70.0, 1590231295, 2020-05-23 10:54:55, 28, 18, -25.8373335041, -28.4096305565, 503.3075625
360, 43440, 0.002, 70.0, 1590231655, 2020-05-23 11:00:55, 61, 20, -48.3399466746, -34.6388023523, 515.571
361, 43441, 0.002, 70.0, 1590231835, 2020-05-23 11:03:55, 25, 20, -59.4536548302, -39.6543707686, 521.1618125
362, 43442, 0.002, 70.0, 1590232015, 2020-05-23 11:06:55, 2, 21, -70.2846614561, -48.8262629736, 525.5650625
363, 43443, 0.002, 70.0, 1590232195, 2020-05-23 11:09:55, 40, 22, -79.9020459194, -74.6852293943, 528.3020625
364, 43444, 0.002, 70.0, 1590233169, 2020-05-23 11:26:09, 0, 14, -35.0974666305, 152.516293656, 512.86109375
365, 43445, 1.5, 70.0, 1590233351, 2020-05-23 11:29:11, 54, 13, -23.7014906622, 149.813874669, 507.346125
366, 43446, 1.5, 70.0, 1590233531, 2020-05-23 11:32:11, 4, 11, -12.4013422479, 147.451722047, 502.4786875
367, 43447, 1.5, 70.0, 1590233711, 2020-05-23 11:35:11, 36, 9, -1.08249928578, 145.224014869, 498.63515625
368, 43448, 1.5, 70.0, 1590233891, 2020-05-23 11:38:11, 8, 7, 10.2472602397, 143.006102181, 496.0674375
369, 43449, 1.5, 70.0, 1590234071, 2020-05-23 11:41:11, 17, 5, 21.5799468213, 140.676420278, 494.81459375
370, 43450, 1.5, 70.0, 1590234251, 2020-05-23 11:44:11, 134, 3, 32.9046173223, 138.073298582, 494.70965625
371, 43451, 0.002, 70.0, 1590234429, 2020-05-23 11:47:09, 1, 2, 44.0771197462, 134.957202359, 495.407625
372, 43452, 0.002, 70.0, 1590234609, 2020-05-23 11:50:09, 1, 1, 55.3086964763, 130.662242805, 496.49246875
373, 43453, 0.002, 70.0, 1590234789, 2020-05-23 11:53:09, 2, 1, 66.361824269, 123.548218295, 497.5035625
374, 43454, 0.002, 70.0, 1590234969, 2020-05-23 11:56:09, 0, 2, 76.7585742977, 106.80376366, 498.047375
375, 43455, 0.002, 70.0, 1590235149, 2020-05-23 11:59:09, 0, 3, 82.678060194, 45.9237228598, 497.86653125
376, 43456, 0.002, 70.0, 1590235329, 2020-05-23 12:02:09, 5, 4, 76.0785470037, -10.4861862332, 496.888875
377, 43457, 0.002, 70.0, 1590235509, 2020-05-23 12:05:09, 21, 5, 65.588066289, -25.9871690714, 495.24371875
378, 43458, 0.002, 70.0, 1590235689, 2020-05-23 12:08:09, 0, 6, 54.5059272678, -32.7926671067, 493.2419375
379, 43459, 1.5, 70.0, 1590235871, 2020-05-23 12:11:11, 22, 7, 43.1299330179, -37.0124979942, 491.30453125
380, 43460, 1.5, 70.0, 1590236051, 2020-05-23 12:14:11, 2, 9, 31.8139146591, -40.1001772157, 489.9718125
381, 43461, 1.5, 70.0, 1590236231, 2020-05-23 12:17:11, 8, 10, 20.4714019966, -42.6699675887, 489.679875
382, 43462, 1.5, 70.0, 1590236411, 2020-05-23 12:20:11, 3, 11, 9.12086386171, -44.9849748302, 490.77075
383, 43463, 0.002, 70.0, 1590236589, 2020-05-23 12:23:09, 0, 12, -2.10042148084, -47.1764956666, 493.36703125
384, 43464, 0.002, 70.0, 1590236769, 2020-05-23 12:26:09, 0, 13, -13.4360680957, -49.413290412, 497.47065625
385, 43465, 0.002, 70.0, 1590236949, 2020-05-23 12:29:09, 34, 15, -24.7513146431, -51.7978870358, 502.7831875
386, 43466, 0.002, 70.0, 1590237129, 2020-05-23 12:32:09, 73, 16, -36.034479792, -54.5121837211, 508.83465625
387, 43467, 0.002, 70.0, 1590237309, 2020-05-23 12:35:09, 23, 17, -47.2646016918, -57.8888926425, 515.0226875
388, 43468, 0.002, 70.0, 1590237489, 2020-05-23 12:38:09, 12, 18, -58.3929879239, -62.6905566095, 520.693
389, 43469, 0.002, 70.0, 1590237669, 2020-05-23 12:41:09, 0, 19, -69.2676394586, -71.219666542, 525.228875
390, 43470, 0.002, 70.0, 1590238029, 2020-05-23 12:47:09, 0, 21, -81.9849804084, -167.243998335, 529.110875
391, 43471, 0.002, 70.0, 1590238209, 2020-05-23 12:50:09, 0, 20, -73.6494038861, 152.274819148, 528.0816875
392, 43472, 0.002, 70.0, 1590238389, 2020-05-23 12:53:09, 0, 19, -63.0246348221, 140.192460395, 525.216
393, 43473, 0.002, 70.0, 1590238569, 2020-05-23 12:56:09, 27, 17, -51.9815235018, 134.287912122, 520.89434375
394, 43474, 0.002, 70.0, 1590238749, 2020-05-23 12:59:09, 2, 15, -40.7978400582, 130.450424979, 515.65371875
395, 43475, 1.5, 70.0, 1590238931, 2020-05-23 13:02:11, 142, 13, -29.4232016009, 127.48399186, 510.04875
396, 43476, 1.5, 70.0, 1590239111, 2020-05-23 13:05:11, 317, 11, -18.1361278762, 124.992912587, 504.8149375
397, 43477, 1.5, 70.0, 1590239291, 2020-05-23 13:08:11, 14, 9, -6.82561038106, 122.71433416, 500.40425
398, 43478, 0.002, 70.0, 1590240136, 2020-05-23 13:22:16, 0, 0, 46.312377699, 110.594675743, 495.575875
399, 43479, 0.002, 70.0, 1590240316, 2020-05-23 13:25:16, 2, 0, 57.5217494841, 105.935714919, 496.6854375
400, 43480, 0.002, 70.0, 1590241342, 2020-05-23 13:42:22, 0, 14, 55.6424809908, -55.8948496504, 493.45790625
401, 43481, 1.5, 70.0, 1590241524, 2020-05-23 13:45:24, 120, 13, 44.2770598738, -60.2835774557, 491.4956875
402, 43482, 1.5, 70.0, 1590241704, 2020-05-23 13:48:24, 9, 14, 32.9653923455, -63.4471571543, 490.08746875
403, 43483, 1.5, 70.0, 1590241884, 2020-05-23 13:51:24, 24, 14, 21.6246230887, -66.0547526244, 489.67665625
404, 43484, 1.5, 70.0, 1590242064, 2020-05-23 13:54:24, 9, 15, 10.2744068265, -68.3874739615, 490.6201875
405, 43485, 1.5, 70.0, 1590242244, 2020-05-23 13:57:24, 0, 16, -1.0735480027, -70.6078386868, 493.099
406, 43486, 0.002, 70.0, 1590242422, 2020-05-23 14:00:22, 4, 17, -12.2846108999, -72.8126579015, 497.02596875
407, 43487, 0.002, 70.0, 1590243217, 2020-05-23 14:13:37, 15, 22, -61.8592884367, -88.4030086423, 522.29509375
408, 43488, 0.002, 70.0, 1590243397, 2020-05-23 14:16:37, 3, 23, -72.5661085631, -99.3878584491, 526.3580625
409, 43489, 0.002, 70.0, 1590243577, 2020-05-23 14:19:37, 6, 24, -81.4237027833, -134.311804124, 528.6728125
410, 43490, 0.002, 70.0, 1590243757, 2020-05-23 14:22:37, 0, 25, -79.9767818493, 149.76767527, 529.0061875
411, 43491, 0.002, 70.0, 1590243937, 2020-05-23 14:25:37, 0, 24, -70.3894502183, 123.581016863, 527.3626875
412, 43492, 0.002, 70.0, 1590244117, 2020-05-23 14:28:37, 0, 23, -59.5705671782, 114.341608239, 523.9816875
413, 43493, 0.002, 70.0, 1590244297, 2020-05-23 14:31:37, 4, 21, -48.4690440801, 109.304309575, 519.30059375
414, 43494, 0.002, 70.0, 1590244477, 2020-05-23 14:34:37, 2, 19, -37.2598567101, 105.826049401, 513.8905
415, 43495, 1.5, 70.0, 1590244659, 2020-05-23 14:37:39, 185, 17, -25.8711958744, 103.034202748, 508.3145
416, 43496, 1.5, 70.0, 1590244839, 2020-05-23 14:40:39, 47, 15, -14.5755126963, 100.628828689, 503.2866875
417, 43497, 1.5, 70.0, 1590245019, 2020-05-23 14:43:39, 9, 13, -3.25941856514, 98.385692113, 499.214
418, 43498, 1.5, 70.0, 1590245199, 2020-05-23 14:46:39, 4, 11, 8.06904546552, 96.1748623318, 496.3874375
419, 43499, 1.5, 70.0, 1590245379, 2020-05-23 14:49:39, 0, 9, 19.4021119765, 93.8772071859, 494.88771875
420, 43500, 1.5, 70.0, 1590245559, 2020-05-23 14:52:39, 25, 7, 30.7296699398, 91.3430157589, 494.58540625
421, 43501, 1.5, 70.0, 1590245739, 2020-05-23 14:55:39, 19, 6, 42.034978562, 88.32529475, 495.1739375
422, 43502, 0.002, 70.0, 1590245917, 2020-05-23 14:58:37, 0, 5, 53.1592871712, 84.3652262018, 496.21809375
423, 43503, 0.002, 70.0, 1590246097, 2020-05-23 15:01:37, 1, 5, 64.2635560053, 78.0402524651, 497.28609375
424, 43504, 0.002, 70.0, 1590246277, 2020-05-23 15:04:37, 3, 5, 74.8773079741, 64.3830160139, 497.9556875
425, 43505, 0.002, 70.0, 1590246457, 2020-05-23 15:07:37, 0, 5, 82.4718362924, 15.8518667313, 497.93825
426, 43506, 0.002, 70.0, 1590246637, 2020-05-23 15:10:37, 0, 6, 77.8942776622, -52.0370017133, 497.12321875
427, 43507, 0.002, 70.0, 1590246817, 2020-05-23 15:13:37, 1, 7, 67.6756453067, -71.3185676812, 495.60103125
428, 43508, 0.002, 70.0, 1590246997, 2020-05-23 15:16:37, 13, 9, 56.6532397048, -79.0322008382, 493.65034375
429, 43509, 1.5, 70.0, 1590247179, 2020-05-23 15:19:39, 157, 12, 45.2981219281, -83.58454241, 491.6711875
430, 43510, 1.5, 70.0, 1590247359, 2020-05-23 15:22:39, 138, 14, 33.9906652115, -86.8205904156, 490.20065625
431, 43511, 1.5, 70.0, 1590247539, 2020-05-23 15:25:39, 18, 15, 22.6516137473, -89.4641673222, 489.68778125
432, 43512, 1.5, 70.0, 1590247719, 2020-05-23 15:28:39, 14, 17, 11.301790221, -91.8140324342, 490.5023125
433, 43513, 1.5, 70.0, 1590247899, 2020-05-23 15:31:39, 14, 18, -0.0466484811428, -94.0392739145, 492.8430625
434, 43514, 1.5, 70.0, 1590248079, 2020-05-23 15:34:39, 1, 18, -11.3848111703, -96.2636274703, 496.694875
435, 43515, 0.002, 70.0, 1590248257, 2020-05-23 15:37:37, 0, 19, -22.5786161005, -98.5830777498, 501.7561875
436, 43516, 0.002, 70.0, 1590248437, 2020-05-23 15:40:37, 2, 21, -33.8689307499, -101.21488624, 507.706875
437, 43517, 0.002, 70.0, 1590248617, 2020-05-23 15:43:37, 4, 22, -45.1115109147, -104.42506832, 513.91396875
438, 43518, 0.002, 70.0, 1590248797, 2020-05-23 15:46:37, 12, 23, -56.2657972242, -108.851748071, 519.7265625
439, 43519, 0.002, 70.0, 1590248977, 2020-05-23 15:49:37, 0, 23, -67.2131390471, -116.30727521, 524.514125
440, 43520, 0.002, 70.0, 1590249157, 2020-05-23 15:52:37, 3, 24, -77.4203581565, -134.369205033, 527.7531875
441, 43521, 0.002, 70.0, 1590249337, 2020-05-23 15:55:37, 0, 24, -82.6061792832, 161.336581383, 529.099875
442, 43522, 0.002, 70.0, 1590249517, 2020-05-23 15:58:37, 0, 23, -75.5668702123, 109.124429713, 528.4366875
443, 43523, 0.002, 70.0, 1590249697, 2020-05-23 16:01:37, 0, 22, -65.1168173873, 94.5323179499, 525.8866875
444, 43524, 0.002, 70.0, 1590249877, 2020-05-23 16:04:37, 21, 20, -54.1197347118, 87.9409395149, 521.7935
445, 43525, 0.002, 70.0, 1590250057, 2020-05-23 16:07:37, 0, 19, -42.9546225525, 83.835012277, 516.67015625
446, 43526, 0.002, 70.0, 1590250237, 2020-05-23 16:10:37, 0, 17, -31.7147847086, 80.7720890762, 511.1243125
447, 43527, 1.5, 70.0, 1590250419, 2020-05-23 16:13:39, 17, 15, -20.3082082867, 78.1877640606, 505.7156875
448, 43528, 1.5, 70.0, 1590250599, 2020-05-23 16:16:39, 25, 13, -9.00124248993, 75.8808744989, 501.1060625
449, 43529, 1.5, 70.0, 1590250779, 2020-05-23 16:19:39, 50, 11, 2.32198492008, 73.6682893591, 497.6211875
450, 43530, 1.5, 70.0, 1590250959, 2020-05-23 16:22:39, 0, 9, 13.653880267, 71.4303778779, 495.45065625
451, 43531, 1.5, 70.0, 1590251139, 2020-05-23 16:25:39, 21, 7, 24.9858838298, 69.038739329, 494.5695
452, 43532, 0.002, 70.0, 1590251497, 2020-05-23 16:31:37, 0, 4, 47.4641217627, 62.9363477969, 495.62225
453, 43533, 0.002, 70.0, 1590251677, 2020-05-23 16:34:37, 0, 3, 58.6603556789, 58.0623384662, 496.7436875
454, 43534, 0.002, 70.0, 1590251857, 2020-05-23 16:37:37, 10, 3, 69.6049073696, 49.2886770257, 497.66584375
455, 43535, 0.002, 70.0, 1590252037, 2020-05-23 16:40:37, 0, 3, 79.4550441893, 25.1575128232, 498.02871875
456, 43536, 0.002, 70.0, 1590252217, 2020-05-23 16:43:37, 0, 5, 81.7398859003, -49.9285086565, 497.62609375
457, 43537, 0.002, 70.0, 1590252397, 2020-05-23 16:46:37, 0, 7, 73.0526092772, -87.8766196235, 496.44565625
458, 43538, 0.002, 70.0, 1590252577, 2020-05-23 16:49:37, 5, 9, 62.2853283163, -99.3900782605, 494.67415625
459, 43539, 0.002, 70.0, 1590252757, 2020-05-23 16:52:37, 0, 11, 51.1330774032, -105.115880483, 492.6673125
460, 43540, 0.002, 70.0, 1590252937, 2020-05-23 16:55:37, 1, 13, 39.8568517265, -108.87696513, 490.88909375
461, 43541, 0.002, 70.0, 1590253117, 2020-05-23 16:58:37, 0, 15, 28.5307076123, -111.776093564, 489.83096875
462, 43542, 0.002, 70.0, 1590253297, 2020-05-23 17:01:37, 0, 16, 17.1846722797, -114.251729779, 489.92515625
463, 43543, 1.5, 70.0, 1590253479, 2020-05-23 17:04:39, 0, 17, 5.70827894479, -116.549173189, 491.49190625
464, 43544, 1.5, 70.0, 1590253659, 2020-05-23 17:07:39, 16, 19, -5.63601554338, -118.759436065, 494.59546875
465, 43545, 0.002, 70.0, 1590254407, 2020-05-23 17:20:07, 7, 23, -52.4814626131, -130.769203568, 517.85990625
466, 43546, 0.002, 70.0, 1590254587, 2020-05-23 17:23:07, 19, 24, -63.5235118391, -136.827636002, 523.05784375
467, 43547, 0.002, 70.0, 1590254767, 2020-05-23 17:26:07, 19, 25, -74.1168961837, -149.451587776, 526.8676875
468, 43548, 0.002, 70.0, 1590254947, 2020-05-23 17:29:07, 0, 25, -82.1862319323, 167.385574496, 528.877875
469, 43549, 0.002, 70.0, 1590255127, 2020-05-23 17:32:07, 0, 24, -78.7258736841, 95.9076311806, 528.89075
470, 43550, 0.002, 70.0, 1590255307, 2020-05-23 17:35:07, 0, 22, -68.7784886311, 74.3920571846, 526.948125
471, 43551, 0.002, 70.0, 1590255487, 2020-05-23 17:38:07, 11, 20, -57.8924580012, 66.1470489706, 523.32315625
472, 43552, 0.002, 70.0, 1590255667, 2020-05-23 17:41:07, 12, 18, -46.7682894109, 61.4426878785, 518.478875
473, 43553, 0.002, 70.0, 1590255847, 2020-05-23 17:44:07, 0, 16, -35.5485118326, 58.1091184319, 513.00034375
474, 43554, 1.5, 70.0, 1590256029, 2020-05-23 17:47:09, 41, 14, -24.1537226097, 55.3889751047, 507.452
475, 43555, 1.5, 70.0, 1590256209, 2020-05-23 17:50:09, 5, 12, -12.8541402474, 53.0182915762, 502.5348125
476, 43556, 1.5, 70.0, 1590256389, 2020-05-23 17:53:09, 5, 10, -1.53546974751, 50.7877054728, 498.63203125
477, 43557, 1.5, 70.0, 1590256569, 2020-05-23 17:56:09, 0, 8, 9.79444772606, 48.5715686346, 496.00428125
478, 43558, 1.5, 70.0, 1590257107, 2020-05-23 18:05:07, 27, 3, 43.6279221102, 40.5744245705, 495.2416875
479, 43559, 0.002, 70.0, 1590257287, 2020-05-23 18:08:07, 0, 2, 54.8638804067, 36.345028003, 496.3346875
480, 43560, 0.002, 70.0, 1590257467, 2020-05-23 18:11:07, 2, 3, 65.9288790682, 29.4086669583, 497.37584375
481, 43561, 0.002, 70.0, 1590257647, 2020-05-23 18:14:07, 0, 4, 76.3770945723, 13.3849663279, 497.9668125
482, 43562, 0.002, 70.0, 1590257827, 2020-05-23 18:17:07, 0, 6, 82.6889543457, -44.9911254155, 497.84278125
483, 43563, 0.002, 70.0, 1590258007, 2020-05-23 18:20:07, 0, 8, 76.4633120501, -103.950527267, 496.92265625
484, 43564, 0.002, 70.0, 1590258187, 2020-05-23 18:23:07, 47, 9, 66.021339339, -120.136292918, 495.32684375
485, 43565, 0.002, 70.0, 1590258367, 2020-05-23 18:26:07, 0, 11, 54.9505042808, -127.11318089, 493.35875
486, 43566, 0.002, 70.0, 1590258547, 2020-05-23 18:29:07, 2, 13, 43.7041197006, -131.357952214, 491.4535
487, 43567, 1.5, 70.0, 1590258909, 2020-05-23 18:35:09, 76, 16, 20.9229714157, -137.098138814, 489.7715
488, 43568, 1.5, 70.0, 1590259089, 2020-05-23 18:38:09, 23, 18, 9.57288492715, -139.419856716, 490.81834375
489, 43569, 1.5, 70.0, 1590259269, 2020-05-23 18:41:09, 3, 20, -1.77431516617, -141.637400574, 493.401
490, 43570, 0.002, 70.0, 1590260230, 2020-05-23 18:57:10, 0, 26, -61.8040731874, -159.259862366, 522.34365625
491, 43571, 0.002, 70.0, 1590260410, 2020-05-23 19:00:10, 176, 27, -72.5140147103, -170.196129037, 526.3985
492, 43572, 0.002, 70.0, 1590260590, 2020-05-23 19:03:10, 0, 28, -81.3934996868, 155.127420334, 528.704625
493, 43573, 0.002, 70.0, 1590260770, 2020-05-23 19:06:10, 0, 28, -80.016089588, 79.1216353351, 529.0283125
494, 43574, 0.002, 70.0, 1590260950, 2020-05-23 19:09:10, 3, 27, -70.4429101089, 52.7568729159, 527.37375
495, 43575, 0.002, 70.0, 1590261130, 2020-05-23 19:12:10, 7, 26, -59.6264791067, 43.4807178732, 523.9799375
496, 43576, 0.002, 70.0, 1590261310, 2020-05-23 19:15:10, 2, 24, -48.525656103, 38.4314356432, 519.2841875
497, 43577, 0.002, 70.0, 1590261490, 2020-05-23 19:18:10, 0, 22, -37.3166702236, 34.9480255065, 513.85790625
498, 43578, 0.002, 70.0, 1590261673, 2020-05-23 19:21:13, 1, 20, -25.8653065438, 32.1395063617, 508.23484375
499, 43579, 0.002, 70.0, 1590261850, 2020-05-23 19:24:10, 0, 18, -14.7577967849, 29.7725657769, 503.27165625
500, 43580, 1.5, 70.0, 1590262032, 2020-05-23 19:27:12, 1, 16, -3.31583443357, 27.5033566613, 499.13225
501, 43581, 1.5, 70.0, 1590262212, 2020-05-23 19:30:12, 7, 14, 8.01292265489, 25.292613965, 496.2935
502, 43582, 0.002, 70.0, 1590262863, 2020-05-23 19:41:03, 0, 6, 48.9275717545, 15.149537162, 495.7036875
503, 43583, 0.002, 70.0, 1590263890, 2020-05-23 19:58:10, 39, 22, 64.0938736158, -145.348419934, 494.99975
504, 43584, 0.002, 70.0, 1590264070, 2020-05-23 20:01:10, 2, 19, 52.9770304034, -151.620118195, 493.01521875
505, 43585, 1.5, 70.0, 1590264432, 2020-05-23 20:07:12, 405, 18, 30.2676861897, -158.628903151, 489.972625
506, 43586, 1.5, 70.0, 1590264612, 2020-05-23 20:10:12, 62, 17, 18.9236367346, -161.151906728, 489.876375
507, 43587, 1.5, 70.0, 1590264792, 2020-05-23 20:13:12, 30, 18, 7.57344693941, -163.445484251, 491.19109375
508, 43588, 1.5, 70.0, 1590264972, 2020-05-23 20:16:12, 7, 18, -3.77220718329, -165.657550296, 494.04796875
509, 43589, 0.002, 70.0, 1590265743, 2020-05-23 20:29:03, 63, 22, -52.0729899801, -177.86196453, 517.7059375
510, 43590, 0.002, 70.0, 1590265923, 2020-05-23 20:32:03, 232, 22, -63.1231398103, 176.201217694, 522.9356875
511, 43591, 0.002, 70.0, 1590266103, 2020-05-23 20:35:03, 0, 22, -73.7462218175, 164.007130706, 526.7939375
512, 43592, 0.002, 70.0, 1590266283, 2020-05-23 20:38:03, 0, 22, -82.0297932796, 122.969469046, 528.8626875
513, 43593, 0.002, 70.0, 1590266463, 2020-05-23 20:41:03, 0, 22, -79.0394203481, 50.1019442349, 528.93625
514, 43594, 0.002, 70.0, 1590266643, 2020-05-23 20:44:03, 24, 21, -69.1688066213, 27.5700124774, 527.0480625
515, 43595, 0.002, 70.0, 1590266823, 2020-05-23 20:47:03, 0, 19, -58.2977272756, 19.1025586625, 523.4639375
516, 43596, 0.002, 70.0, 1590267003, 2020-05-23 20:50:03, 43, 17, -47.1786540064, 14.3221254848, 518.6414375
517, 43597, 0.002, 70.0, 1590267183, 2020-05-23 20:53:03, 25, 15, -35.9611918622, 10.9551290923, 513.16309375
518, 43598, 0.002, 70.0, 1590267363, 2020-05-23 20:56:03, 7, 14, -24.6930428842, 8.2461838603, 507.652875
519, 43599, 1.5, 70.0, 1590267545, 2020-05-23 20:59:05, 325, 12, -13.2687498054, 5.83964439996, 502.63846875
520, 43600, 1.5, 70.0, 1590267725, 2020-05-23 21:02:05, 11, 10, -1.95042326961, 3.60626432233, 498.6866875
521, 43601, 1.5, 70.0, 1590267905, 2020-05-23 21:05:05, 0, 8, 9.37944030951, 1.39161699898, 496.00675
522, 43602, 1.5, 70.0, 1590268085, 2020-05-23 21:08:05, 3, 6, 20.7129260233, -0.924728639437, 494.654625
523, 43603, 1.5, 70.0, 1590268266, 2020-05-23 21:11:06, 25, 5, 32.1022954911, -3.51484586884, 494.47990625
524, 43605, 0.002, 70.0, 1590269584, 2020-05-23 21:33:04, 1, 7, 62.705521554, -169.993846155, 494.76225
525, 43606, 0.002, 70.0, 1590269764, 2020-05-23 21:36:04, 7, 10, 51.5609921698, -175.837892611, 492.7765
526, 43607, 0.002, 70.0, 1590269944, 2020-05-23 21:39:04, 0, 12, 40.2878093424, -179.646583677, 490.99921875
527, 43608, 0.002, 70.0, 1590270124, 2020-05-23 21:42:04, 2, 14, 28.9630756622, 177.431662613, 489.92165625
528, 43609, 1.5, 70.0, 1590270306, 2020-05-23 21:45:06, 19, 16, 17.491605613, 174.91859013, 489.9875
529, 43610, 1.5, 70.0, 1590270486, 2020-05-23 21:48:06, 10, 17, 6.14157205841, 172.64242959, 491.49734375
530, 43612, 0.002, 70.0, 1590271305, 2020-05-23 22:01:45, 1, 21, -45.2860973801, 160.993309735, 514.13003125
531, 43613, 0.002, 70.0, 1590271485, 2020-05-23 22:04:45, 99, 22, -56.438054595, 156.538769642, 519.915875
532, 43614, 0.002, 70.0, 1590271665, 2020-05-23 22:07:45, 0, 23, -67.3798229836, 149.005781329, 524.6633125
533, 43615, 0.002, 70.0, 1590271845, 2020-05-23 22:10:45, 0, 24, -77.562958846, 130.61654884, 527.852
534, 43616, 0.002, 70.0, 1590272025, 2020-05-23 22:13:45, 0, 24, -82.5779296208, 65.4529036756, 529.1421875
535, 43617, 0.002, 70.0, 1590272205, 2020-05-23 22:16:45, 21, 23, -75.4153151448, 14.2315955962, 528.421
536, 43618, 0.002, 70.0, 1590272385, 2020-05-23 22:19:45, 0, 22, -64.9490269602, -0.129503668339, 525.8163125
537, 43619, 0.002, 70.0, 1590272565, 2020-05-23 22:22:45, 30, 21, -53.947767624, -6.66017167344, 521.67578125
538, 43620, 0.002, 70.0, 1590272745, 2020-05-23 22:25:45, 121, 19, -42.7808659551, -10.7429125535, 516.515625
539, 43621, 0.002, 70.0, 1590272925, 2020-05-23 22:28:45, 86, 17, -31.5399386961, -13.7950713762, 510.94528125
540, 43622, 0.002, 70.0, 1590273105, 2020-05-23 22:31:45, 15, 15, -20.2580439624, -16.3473542668, 505.58115625
541, 43623, 1.5, 70.0, 1590273287, 2020-05-23 22:34:47, 295, 13, -8.82485114709, -18.6784448963, 500.91534375
542, 43624, 1.5, 70.0, 1590273467, 2020-05-23 22:37:47, 13, 11, 2.49900314621, -20.8905860738, 497.44015625
543, 43625, 1.5, 70.0, 1590273647, 2020-05-23 22:40:47, 1, 9, 13.8314301807, -23.1298977438, 495.28596875
544, 43626, 1.5, 70.0, 1590273827, 2020-05-23 22:43:47, 48, 7, 25.1638153803, -25.5252621609, 494.42475
545, 43627, 0.002, 70.0, 1590274005, 2020-05-23 22:46:45, 0, 5, 36.3577833812, -28.2306983833, 494.62396875
546, 43628, 0.002, 70.0, 1590274185, 2020-05-23 22:49:45, 0, 4, 47.6417305868, -31.6503008927, 495.517125
547, 43629, 0.002, 70.0, 1590274365, 2020-05-23 22:52:45, 0, 4, 58.8361510878, -36.5595266787, 496.65521875
548, 43630, 0.002, 70.0, 1590274545, 2020-05-23 22:55:45, 3, 4, 69.7739887025, -45.4393975609, 497.5915625
549, 43631, 1.5, 70.0, 1590275721, 2020-05-23 23:15:21, 920, 21, 33.6405462996, 154.935601301, 490.27246875
550, 43632, 1.5, 70.0, 1590275901, 2020-05-23 23:18:21, 95, 20, 22.3013087127, 152.304639754, 489.82078125
551, 43633, 1.5, 70.0, 1590276081, 2020-05-23 23:21:21, 11, 21, 10.9518369411, 149.960819359, 490.7001875
552, 43634, 1.5, 70.0, 1590276261, 2020-05-23 23:24:21, 9, 21, -0.395890517486, 147.73742886, 493.1025
553, 43635, 1.5, 70.0, 1590276441, 2020-05-23 23:27:21, 31, 22, -11.7330534877, 145.511319946, 497.0050625
554, 43636, 1.5, 70.0, 1590276621, 2020-05-23 23:30:21, 21, 23, -23.0512037193, 143.158633966, 502.1619375
555, 43637, 0.002, 70.0, 1590276799, 2020-05-23 23:33:19, 0, 24, -34.214217303, 140.541865552, 508.06015625
556, 43638, 0.002, 70.0, 1590276979, 2020-05-23 23:36:19, 2, 25, -45.4543625054, 137.306842074, 514.2515625
557, 43639, 0.002, 70.0, 1590277159, 2020-05-23 23:39:19, 20, 26, -56.6043150598, 132.824940243, 520.022375
558, 43640, 0.002, 70.0, 1590277339, 2020-05-23 23:42:19, 0, 27, -67.5408242027, 125.215590415, 524.744875
559, 43641, 0.002, 70.0, 1590277519, 2020-05-23 23:45:19, 0, 28, -77.7001500256, 106.501145299, 527.90125
560, 43642, 0.002, 70.0, 1590277699, 2020-05-23 23:48:19, 0, 28, -82.5467224865, 40.5158659436, 529.1550625
561, 43643, 0.002, 70.0, 1590277879, 2020-05-23 23:51:19, 15, 28, -75.2679879644, -9.7494897134, 528.3973125
562, 43644, 0.002, 70.0, 1590278059, 2020-05-23 23:54:19, 1, 27, -64.7863728353, -23.89214344, 525.7595625
563, 43645, 0.002, 70.0, 1590278239, 2020-05-23 23:57:19, 89, 25, -53.7812066309, -30.3649583288, 521.592875
564, 43646, 0.002, 70.0, 1590278419, 2020-05-24 00:00:19, 78, 23, -42.6127169431, -34.4254989596, 516.41559375
565, 43647, 0.002, 70.0, 1590278599, 2020-05-24 00:03:19, 154, 21, -31.3709324953, -37.4673237061, 510.83821875
566, 43648, 0.002, 70.0, 1590278779, 2020-05-24 00:06:19, 21, 19, -20.0884793936, -40.0144378511, 505.4768125
567, 43649, 0.002, 70.0, 1590278959, 2020-05-24 00:09:19, 0, 17, -8.78062823354, -42.3182879786, 500.8674375
568, 43650, 1.5, 70.0, 1590279141, 2020-05-24 00:12:21, 12, 15, 2.66926802281, -44.5548402522, 497.36346875
569, 43651, 1.5, 70.0, 1590279321, 2020-05-24 00:15:21, 61, 13, 14.0018784052, -46.7954838091, 495.2284375
570, 43652, 1.5, 70.0, 1590279501, 2020-05-24 00:18:21, 1, 11, 25.3342969019, -49.1944135849, 494.38575
571, 43653, 1.5, 70.0, 1590279681, 2020-05-24 00:21:21, 56, 9, 36.6536808364, -51.9404194234, 494.6070625
572, 43654, 0.002, 70.0, 1590279859, 2020-05-24 00:24:19, 0, 7, 47.8112763725, -55.3412252522, 495.50334375
573, 43655, 0.002, 70.0, 1590280039, 2020-05-24 00:27:19, 3, 6, 59.0036751375, -60.2844312294, 496.64578125
574, 43656, 0.002, 70.0, 1590280219, 2020-05-24 00:30:19, 0, 5, 69.9347576951, -69.2673730812, 497.58121875
575, 43657, 0.002, 70.0, 1590280399, 2020-05-24 00:33:19, 0, 6, 79.7073582073, -94.4032751859, 497.95240625
576, 43658, 0.002, 70.0, 1590280579, 2020-05-24 00:36:19, 1, 7, 81.5690696994, -170.254677419, 497.55759375
577, 43659, 0.002, 70.0, 1590280759, 2020-05-24 00:39:19, 15, 9, 72.7320753297, 153.422031381, 496.389375
578, 43660, 0.002, 70.0, 1590280939, 2020-05-24 00:42:19, 0, 11, 61.9432929333, 142.224660238, 494.63909375
579, 43661, 1.5, 70.0, 1590281301, 2020-05-24 00:48:21, 161, 13, 39.3812793151, 132.832794961, 490.9171875
580, 43662, 1.5, 70.0, 1590281481, 2020-05-24 00:51:21, 4, 14, 28.0541926347, 129.958050302, 489.92678125
581, 43663, 1.5, 70.0, 1590281661, 2020-05-24 00:54:21, 0, 15, 16.7081504719, 127.494578654, 490.0994375
582, 43664, 1.5, 70.0, 1590281841, 2020-05-24 00:57:21, 17, 16, 5.35841573809, 125.227024151, 491.72140625
583, 43665, 0.002, 70.0, 1590282834, 2020-05-24 01:13:54, 61, 20, -56.8320950384, 109.079459748, 520.15796875
584, 43666, 0.002, 70.0, 1590283014, 2020-05-24 01:16:54, 0, 22, -67.7612753883, 101.363162817, 524.8479375
585, 43667, 0.002, 70.0, 1590283374, 2020-05-24 01:22:54, 152, 23, -82.4979002943, 15.1132312915, 529.1683125
586, 43668, 0.002, 70.0, 1590283554, 2020-05-24 01:25:54, 10, 22, -75.0652337989, -33.8497310882, 528.3629375
587, 43669, 0.002, 70.0, 1590283734, 2020-05-24 01:28:54, 4, 21, -64.5632373853, -47.7012215344, 525.682625
588, 43670, 0.002, 70.0, 1590283914, 2020-05-24 01:31:54, 59, 19, -53.5528221805, -54.0962627667, 521.48275
589, 43671, 0.002, 70.0, 1590284094, 2020-05-24 01:34:54, 56, 17, -42.3822014737, -58.126815452, 516.28459375
590, 43672, 0.002, 70.0, 1590284274, 2020-05-24 01:37:54, 39, 15, -31.1392763843, -61.154651971, 510.7
591, 43673, 0.002, 70.0, 1590284454, 2020-05-24 01:40:54, 5, 13, -19.8560958675, -63.6947583419, 505.34434375
592, 43674, 1.5, 70.0, 1590284636, 2020-05-24 01:43:56, 1994, 11, -8.42197670782, -66.0202260181, 500.70634375
593, 43675, 1.5, 70.0, 1590284996, 2020-05-24 01:49:56, 25, 7, 14.2353479314, -70.4738850168, 495.16315625
594, 43676, 1.5, 70.0, 1590285176, 2020-05-24 01:52:56, 3, 5, 25.5677664281, -72.8777496043, 494.34571875
595, 43677, 1.5, 70.0, 1590285356, 2020-05-24 01:55:56, 53, 3, 36.8867986079, -75.6337787454, 494.58715625
596, 43678, 0.002, 70.0, 1590285534, 2020-05-24 01:58:54, 0, 2, 48.0433525401, -79.0547472926, 495.4959375
597, 43679, 0.002, 70.0, 1590285714, 2020-05-24 02:01:54, 2, 2, 59.2328894559, -84.0452523298, 496.6426875
598, 43680, 0.002, 70.0, 1590285894, 2020-05-24 02:04:54, 7, 2, 70.1544712203, -93.1726048712, 497.574875
599, 43681, 0.002, 70.0, 1590286074, 2020-05-24 02:07:54, 1, 2, 79.872279955, -119.009420988, 497.9376875
600, 43682, 0.002, 70.0, 1590286254, 2020-05-24 02:10:54, 51, 2, 81.4488993511, 164.715284719, 497.532875
601, 43683, 0.002, 70.0, 1590286434, 2020-05-24 02:13:54, 45, 4, 72.5176620313, 129.437275699, 496.3569375
602, 43684, 0.002, 70.0, 1590286614, 2020-05-24 02:16:54, 0, 6, 61.7150894829, 118.442815816, 494.6048125
603, 43685, 0.002, 70.0, 1590286794, 2020-05-24 02:19:54, 1, 8, 50.5531499465, 112.870125944, 492.63790625
604, 43686, 1.5, 70.0, 1590286976, 2020-05-24 02:22:56, 9, 10, 39.1477824681, 109.136013714, 490.90625
605, 43687, 1.5, 70.0, 1590287156, 2020-05-24 02:25:56, 10, 12, 27.8201527878, 106.272955509, 489.94125
606, 43688, 1.5, 70.0, 1590287336, 2020-05-24 02:28:56, 2, 14, 16.4739945117, 103.815323672, 490.14590625
607, 43689, 1.5, 70.0, 1590287516, 2020-05-24 02:31:56, 28, 17, 5.12439936989, 101.550214378, 491.80271875
608, 43690, 1.5, 70.0, 1590287696, 2020-05-24 02:34:56, 4, 19, -6.21870837291, 99.3399719928, 494.99634375
609, 43691, 0.002, 70.0, 1590288463, 2020-05-24 02:47:43, 41, 22, -54.2250630589, 86.6888292364, 518.90678125
610, 43692, 0.002, 70.0, 1590288643, 2020-05-24 02:50:43, 47, 23, -65.2274527915, 80.0537444209, 523.8930625
611, 43693, 0.002, 70.0, 1590288823, 2020-05-24 02:53:43, 0, 24, -75.6709213141, 65.2954746454, 527.4093125
612, 43694, 0.002, 70.0, 1590289003, 2020-05-24 02:56:43, 12, 24, -82.6234938127, 12.3864362139, 529.0758125
613, 43695, 0.002, 70.0, 1590289183, 2020-05-24 02:59:43, 7, 24, -77.3217029042, -51.2839187159, 528.7329375
614, 43696, 0.002, 70.0, 1590289363, 2020-05-24 03:02:43, 4, 22, -67.1031593411, -69.1211865424, 526.4618125
615, 43697, 0.002, 70.0, 1590289543, 2020-05-24 03:05:43, 21, 20, -56.158518858, -76.5236431111, 522.58259375
616, 43698, 0.002, 70.0, 1590289903, 2020-05-24 03:11:43, 13, 16, -33.7839666117, -84.131012185, 512.0145
617, 43699, 1.5, 70.0, 1590290085, 2020-05-24 03:14:45, 139, 14, -22.3830660771, -86.7847319225, 506.49415625
618, 43700, 1.5, 70.0, 1590290265, 2020-05-24 03:17:45, 29, 12, -11.0794231673, -89.1238189959, 501.69046875
619, 43701, 1.5, 70.0, 1590290445, 2020-05-24 03:20:45, 12, 10, 0.242039972843, -91.3444774193, 497.96146875
620, 43702, 1.5, 70.0, 1590290625, 2020-05-24 03:23:45, 15, 8, 11.573608698, -93.5689880695, 495.53609375
621, 43703, 1.5, 70.0, 1590290805, 2020-05-24 03:26:45, 15, 7, 22.9070645297, -95.9211549551, 494.4288125
622, 43704, 0.002, 70.0, 1590290983, 2020-05-24 03:29:43, 0, 5, 34.1051221065, -98.5392620863, 494.44521875
623, 43705, 0.002, 70.0, 1590291163, 2020-05-24 03:32:43, 4, 3, 45.399249709, -101.780323451, 495.2390625
624, 43706, 0.002, 70.0, 1590291343, 2020-05-24 03:35:43, 79, 3, 56.6190307023, -106.283050529, 496.37271875
625, 43707, 0.002, 70.0, 1590292368, 2020-05-24 03:52:48, 0, 6, 56.6076413619, 91.8967733457, 493.69575
626, 43708, 1.5, 70.0, 1590292550, 2020-05-24 03:55:50, 10, 8, 45.2523050192, 87.3521703783, 491.76384375
627, 43709, 1.5, 70.0, 1590292730, 2020-05-24 03:58:50, 19, 9, 33.9450566233, 84.1195579578, 490.33784375
628, 43710, 1.5, 70.0, 1590293090, 2020-05-24 04:04:50, 12, 13, 11.2572650715, 79.1287114111, 490.71409375
629, 43712, 0.002, 70.0, 1590294095, 2020-05-24 04:21:35, 0, 19, -51.7968864131, 64.0957724084, 517.67659375
630, 43713, 0.002, 70.0, 1590294275, 2020-05-24 04:24:35, 26, 20, -62.8521179041, 58.2386802902, 522.91584375
631, 43715, 0.002, 70.0, 1590295122, 2020-05-24 04:38:42, 18, 19, -61.8094485463, -96.9524315574, 524.743375
632, 43716, 0.002, 70.0, 1590295302, 2020-05-24 04:41:42, 5, 18, -50.7433775451, -102.519356749, 520.230375
633, 43717, 1.5, 70.0, 1590295664, 2020-05-24 04:47:44, 1084, 14, -28.1691156902, -109.120434053, 509.2185625
634, 43718, 1.5, 70.0, 1590295844, 2020-05-24 04:50:44, 2, 12, -16.8781026539, -111.579083588, 504.01215625
635, 43719, 1.5, 70.0, 1590296024, 2020-05-24 04:53:44, 19, 11, -5.56464390854, -113.84374892, 499.68728125
636, 43721, 0.002, 70.0, 1590297929, 2020-05-24 05:25:29, 1, 15, 63.4030136417, 72.3490451513, 494.89696875
637, 43722, 1.5, 70.0, 1590298111, 2020-05-24 05:28:31, 81, 14, 52.1473092684, 66.2460798834, 492.9198125
638, 43723, 1.5, 70.0, 1590298291, 2020-05-24 05:31:31, 21, 13, 40.8784397055, 62.3697153035, 491.1448125
639, 43724, 1.5, 70.0, 1590298651, 2020-05-24 05:37:31, 3, 15, 18.2112667873, 56.9130396102, 490.04996875
640, 43725, 1.5, 70.0, 1590298831, 2020-05-24 05:40:31, 2, 17, 6.86156748505, 54.6284540313, 491.47778125
641, 43726, 0.002, 70.0, 1590299791, 2020-05-24 05:56:31, 5, 20, -53.3253529756, 39.8233052524, 518.4835
642, 43727, 0.002, 70.0, 1590299971, 2020-05-24 05:59:31, 4, 21, -64.3487011435, 33.4984305535, 523.5623125
643, 43728, 0.002, 70.0, 1590300151, 2020-05-24 06:02:31, 40, 22, -74.8742070682, 19.9081214184, 527.209
644, 43729, 0.002, 70.0, 1590300331, 2020-05-24 06:05:31, 36, 23, -82.446366517, -27.8594929698, 529.02825
645, 43730, 0.002, 70.0, 1590300511, 2020-05-24 06:08:31, 22, 22, -78.0597321646, -95.9055684635, 528.8415
646, 43731, 0.002, 70.0, 1590300691, 2020-05-24 06:11:31, 1, 21, -67.9709758562, -115.519904663, 526.71075
647, 43732, 0.002, 70.0, 1590301051, 2020-05-24 06:17:31, 6, 18, -45.921455237, -127.892887965, 517.967625
648, 43733, 0.002, 70.0, 1590301231, 2020-05-24 06:20:31, 5, 16, -34.6964047527, -131.160450464, 512.42478125
649, 43734, 1.5, 70.0, 1590301413, 2020-05-24 06:23:33, 786, 14, -23.2982431238, -133.847679109, 506.86434375
650, 43735, 1.5, 70.0, 1590301593, 2020-05-24 06:26:33, 38, 12, -11.996233483, -136.202646373, 501.9818125
651, 43736, 1.5, 70.0, 1590301773, 2020-05-24 06:29:33, 11, 10, -0.675703197343, -138.428126909, 498.149
652, 43737, 1.5, 70.0, 1590301953, 2020-05-24 06:32:33, 31, 8, 10.6555587029, -140.648020352, 495.61178125
653, 43738, 1.5, 70.0, 1590302133, 2020-05-24 06:35:33, 384, 6, 21.9894559356, -142.984532444, 494.40228125
654, 43739, 0.002, 70.0, 1590302311, 2020-05-24 06:38:31, 2, 5, 33.1890844559, -145.570442063, 494.342
655, 43740, 0.002, 70.0, 1590302491, 2020-05-24 06:41:31, 1, 3, 44.4869959832, -148.746152178, 495.09359375
656, 43741, 0.002, 70.0, 1590302671, 2020-05-24 06:44:31, 3, 2, 55.7158679583, -153.103553321, 496.22490625
657, 43742, 0.002, 70.0, 1590303031, 2020-05-24 06:50:31, 2, 2, 77.1056435302, -177.841596906, 497.8621875
658, 43744, 0.002, 70.0, 1590304903, 2020-05-24 07:21:43, 1, 19, -18.3740216574, 26.0008089592, 500.0379375
659, 43745, 0.002, 70.0, 1590305083, 2020-05-24 07:24:43, 13, 21, -29.6758195624, 23.500659195, 505.73153125
660, 43746, 0.002, 70.0, 1590305263, 2020-05-24 07:27:43, 54, 22, -40.938214106, 20.5538082289, 511.89834375
661, 43747, 0.002, 70.0, 1590305623, 2020-05-24 07:33:43, 10, 23, -63.1804109465, 10.7425343318, 523.1005
662, 43748, 0.002, 70.0, 1590305803, 2020-05-24 07:36:43, 17, 24, -73.7989645383, -1.5108608961, 526.9175
663, 43749, 0.002, 70.0, 1590305983, 2020-05-24 07:39:43, 9, 24, -82.0530159228, -42.8431162992, 528.939
664, 43750, 0.002, 70.0, 1590306163, 2020-05-24 07:42:43, 15, 24, -78.9957071374, -115.525478097, 528.9619375
665, 43751, 0.002, 70.0, 1590306343, 2020-05-24 07:45:43, 4, 22, -69.1139670325, -137.91037125, 527.0225625
666, 43752, 0.002, 70.0, 1590306523, 2020-05-24 07:48:43, 0, 21, -58.2406405545, -146.345955402, 523.3893125
667, 43753, 0.002, 70.0, 1590306703, 2020-05-24 07:51:43, 0, 19, -47.1205973985, -151.115585782, 518.52228125
668, 43754, 0.002, 70.0, 1590306883, 2020-05-24 07:54:43, 0, 16, -35.9024317448, -154.477869344, 513.00596875
669, 43755, 1.5, 70.0, 1590307065, 2020-05-24 07:57:45, 24, 14, -24.5082094276, -157.212335577, 507.40640625
670, 43756, 1.5, 70.0, 1590307245, 2020-05-24 08:00:45, 21, 12, -13.208624504, -159.589951748, 502.43021875
671, 43757, 1.5, 70.0, 1590307425, 2020-05-24 08:03:45, 4, 10, -1.88958229236, -161.823000135, 498.46665625
672, 43758, 1.5, 70.0, 1590307605, 2020-05-24 08:06:45, 29, 8, 9.44100421958, -164.03794852, 495.78375
673, 43759, 1.5, 70.0, 1590307785, 2020-05-24 08:09:45, 44, 6, 20.7751866127, -166.355322422, 494.43678125
674, 43760, 0.002, 70.0, 1590307963, 2020-05-24 08:12:43, 0, 4, 31.9765278029, -168.901261774, 494.26890625
675, 43761, 0.002, 70.0, 1590308143, 2020-05-24 08:15:43, 0, 3, 43.2788926135, -171.99614343, 494.95528125
676, 43763, 0.002, 70.0, 1590308503, 2020-05-24 08:21:43, 0, 1, 65.592867912, 177.019324092, 497.1593125
677, 43764, 0.002, 70.0, 1590308683, 2020-05-24 08:24:43, 4, 1, 76.0787792301, 161.521501924, 497.81428125
678, 43765, 0.002, 70.0, 1590308863, 2020-05-24 08:27:43, 0, 2, 82.6779987223, 105.120962143, 497.76521875
679, 43766, 0.002, 70.0, 1590309043, 2020-05-24 08:30:43, 21, 4, 76.7577956562, 44.2298974175, 496.923
680, 43767, 0.002, 70.0, 1590309705, 2020-05-24 08:41:45, 0, 7, 36.3887651193, 13.8595603148, 490.64053125
681, 43768, 0.002, 70.0, 1590309885, 2020-05-24 08:44:45, 3, 10, 25.0549404574, 11.1225652034, 489.9418125
682, 43769, 0.002, 70.0, 1590310065, 2020-05-24 08:47:45, 0, 12, 13.7070985397, 8.72735105047, 490.49428125
683, 43770, 0.002, 70.0, 1590310245, 2020-05-24 08:50:45, 4, 14, 2.35857637789, 6.48690770346, 492.53565625
684, 43771, 0.002, 70.0, 1590310425, 2020-05-24 08:53:45, 0, 16, -8.98135639416, 4.27223892906, 496.097
685, 43772, 0.002, 70.0, 1590311058, 2020-05-24 09:04:18, 94, 19, -48.6416395453, -5.58337015281, 516.1114375
686, 43773, 0.002, 70.0, 1590311238, 2020-05-24 09:07:18, 0, 21, -59.7498323231, -10.661962859, 521.62340625
687, 43775, 0.002, 70.0, 1590311598, 2020-05-24 09:13:18, 24, 22, -80.1087342739, -46.825266849, 528.5295625
688, 43776, 0.002, 70.0, 1590311778, 2020-05-24 09:16:18, 4, 22, -81.3205259457, -123.018113653, 529.1784375
689, 43777, 0.002, 70.0, 1590311958, 2020-05-24 09:19:18, 2, 22, -72.3925397959, -157.109035796, 527.8274375
690, 43778, 0.002, 70.0, 1590312138, 2020-05-24 09:22:18, 15, 20, -61.6811024616, -167.930186459, 524.6755
691, 43779, 0.002, 70.0, 1590312318, 2020-05-24 09:25:18, 1, 19, -50.61267163, -173.463732517, 520.1291875
692, 43780, 0.002, 70.0, 1590312498, 2020-05-24 09:28:18, 0, 17, -39.4177525252, -177.150559347, 514.74278125
693, 43781, 1.5, 70.0, 1590312680, 2020-05-24 09:31:20, 19, 15, -28.0365126901, 179.955554114, 509.0775
694, 43782, 1.5, 70.0, 1590312860, 2020-05-24 09:34:20, 6, 13, -16.7449020123, 177.50015575, 503.86571875
695, 43783, 1.5, 70.0, 1590313040, 2020-05-24 09:37:20, 4, 11, -5.43092417254, 175.236835965, 499.544
696, 43784, 1.5, 70.0, 1590313220, 2020-05-24 09:40:20, 43, 9, 5.89696847011, 173.028676787, 496.4425625
697, 43785, 1.5, 70.0, 1590313400, 2020-05-24 09:43:20, 21, 7, 17.231098783, 170.757488624, 494.68440625
698, 43786, 0.002, 70.0, 1590313758, 2020-05-24 09:49:18, 1, 3, 39.7491328132, 165.421143789, 494.64046875
699, 43787, 0.002, 70.0, 1590313938, 2020-05-24 09:52:18, 5, 2, 51.0148980551, 161.675413407, 495.67590625
700, 43788, 0.002, 70.0, 1590314118, 2020-05-24 09:55:18, 0, 2, 62.1607934772, 155.986562508, 496.824625
701, 43789, 0.002, 70.0, 1590314298, 2020-05-24 09:58:18, 28, 3, 72.9308816459, 144.598314899, 497.6569375
702, 43790, 0.002, 70.0, 1590314478, 2020-05-24 10:01:18, 1, 4, 81.675101556, 107.291302563, 497.85309375
703, 43791, 0.002, 70.0, 1590314658, 2020-05-24 10:04:18, 8, 5, 79.5528934793, 31.8875270229, 497.263
704, 43792, 0.002, 70.0, 1590314840, 2020-05-24 10:07:20, 6, 6, 69.6095587284, 7.22885706564, 495.917625
705, 43793, 0.002, 70.0, 1590315018, 2020-05-24 10:10:18, 1, 8, 58.781639348, -1.48265018712, 494.11371875
706, 43794, 1.5, 70.0, 1590315200, 2020-05-24 10:13:20, 27, 9, 47.4517317996, -6.42756360487, 492.17175
707, 43795, 1.5, 70.0, 1590315380, 2020-05-24 10:16:20, 7, 11, 36.1547833289, -9.83336102131, 490.636375
708, 43796, 0.002, 70.0, 1590316689, 2020-05-24 10:38:09, 56, 30, -46.137046743, -28.3380518815, 514.80025
709, 43797, 0.002, 70.0, 1590316869, 2020-05-24 10:41:09, 54, 28, -57.2784479006, -32.9346667395, 520.50053125
710, 43798, 0.002, 70.0, 1590317049, 2020-05-24 10:44:09, 1, 26, -68.1924993815, -40.8683412708, 525.1108125
711, 43799, 0.002, 70.0, 1590317229, 2020-05-24 10:47:09, 2, 25, -78.2477331215, -60.9910006386, 528.1236875
712, 43801, 0.002, 70.0, 1590318153, 2020-05-24 11:02:33, 0, 17, -40.4342246925, 159.509300874, 515.2289375
713, 43802, 1.5, 70.0, 1590318335, 2020-05-24 11:05:35, 52, 15, -29.0571068765, 156.562470399, 509.5518125
714, 43803, 1.5, 70.0, 1590318515, 2020-05-24 11:08:35, 9, 13, -17.7679567744, 154.081008032, 504.27759375
715, 43804, 1.5, 70.0, 1590318695, 2020-05-24 11:11:35, 7, 11, -6.45551914225, 151.806527718, 499.8555625
716, 43805, 1.5, 70.0, 1590318875, 2020-05-24 11:14:35, 3, 9, 4.87153466779, 149.598231937, 496.633375
717, 43806, 1.5, 70.0, 1590319055, 2020-05-24 11:17:35, 28, 7, 16.2055595397, 147.337849133, 494.75371875
718, 43807, 1.5, 70.0, 1590319235, 2020-05-24 11:20:35, 10, 5, 27.5373556354, 144.889158014, 494.14478125
719, 43808, 1.5, 70.0, 1590319415, 2020-05-24 11:23:35, 194, 4, 38.8526568243, 142.04275864, 494.5445
720, 43809, 0.002, 70.0, 1590319593, 2020-05-24 11:26:33, 0, 2, 49.9991840389, 138.438413174, 495.5415625
721, 43810, 0.002, 70.0, 1590319953, 2020-05-24 11:32:33, 39, 3, 71.9905148614, 122.489989766, 497.585
722, 43811, 0.002, 70.0, 1590320133, 2020-05-24 11:35:33, 3, 4, 81.1334129134, 89.6555355624, 497.85390625
723, 43812, 0.002, 70.0, 1590320313, 2020-05-24 11:38:33, 0, 4, 80.2652343983, 12.6354589345, 497.34265625
724, 43813, 0.002, 70.0, 1590320493, 2020-05-24 11:41:33, 6, 5, 70.6898351078, -15.038961522, 496.0816875
725, 43814, 0.002, 70.0, 1590320673, 2020-05-24 11:44:33, 1, 7, 59.7865036088, -24.5396368355, 494.29690625
726, 43815, 0.002, 70.0, 1590320853, 2020-05-24 11:47:33, 3, 8, 48.5951737684, -29.6510430512, 492.371625
727, 43816, 1.5, 70.0, 1590321035, 2020-05-24 11:50:35, 4, 10, 37.1784818363, -33.1914784372, 490.766625
728, 43817, 1.5, 70.0, 1590321215, 2020-05-24 11:53:35, 4, 12, 25.8464910802, -35.962373485, 490.00421875
729, 43818, 1.5, 70.0, 1590321395, 2020-05-24 11:56:35, 3, 14, 14.4993014456, -38.3742669598, 490.4676875
730, 43819, 0.002, 70.0, 1590321573, 2020-05-24 11:59:33, 0, 16, 3.27677258172, -40.5963938739, 492.37734375
731, 43820, 0.002, 70.0, 1590321753, 2020-05-24 12:02:33, 5, 18, -8.06394160666, -42.8087877685, 495.8230625
732, 43821, 0.002, 70.0, 1590321933, 2020-05-24 12:05:33, 7, 20, -19.3884652585, -45.1051383482, 500.61653125
733, 43822, 0.002, 70.0, 1590322113, 2020-05-24 12:08:33, 119, 20, -30.6871110311, -47.6338929447, 506.37296875
734, 43823, 0.002, 70.0, 1590322293, 2020-05-24 12:11:33, 37, 21, -41.9445810084, -50.6378886885, 512.54453125
735, 43824, 0.002, 70.0, 1590322473, 2020-05-24 12:14:33, 39, 22, -53.1293333766, -54.6165865776, 518.49225
736, 43825, 0.002, 70.0, 1590322653, 2020-05-24 12:17:33, 31, 23, -64.1567113562, -60.8772848191, 523.5725
737, 43826, 0.002, 70.0, 1590323786, 2020-05-24 12:36:26, 1, 17, -42.821047958, 136.589726853, 516.39096875
738, 43827, 0.002, 70.0, 1590323966, 2020-05-24 12:39:26, 1, 15, -31.5797655291, 133.534979389, 510.77546875
739, 43828, 1.5, 70.0, 1590324148, 2020-05-24 12:42:28, 42, 14, -20.1717769656, 130.954725166, 505.31453125
740, 43829, 0.002, 70.0, 1590334023, 2020-05-24 15:27:03, 1, 16, -65.809542003, -109.488376343, 524.27525
741, 43830, 0.002, 70.0, 1590334203, 2020-05-24 15:30:03, 24, 17, -76.1914022193, -125.109503917, 527.65975
742, 43831, 0.002, 70.0, 1590334383, 2020-05-24 15:33:03, 0, 17, -82.6796243073, 178.54363107, 529.1754375
743, 43832, 0.002, 70.0, 1590334563, 2020-05-24 15:36:03, 0, 16, -76.8197932833, 118.075269676, 528.6771875
744, 43833, 0.002, 70.0, 1590334743, 2020-05-24 15:39:03, 0, 15, -66.5255302431, 101.288823038, 526.2608125
745, 43834, 0.002, 70.0, 1590334923, 2020-05-24 15:42:03, 4, 14, -55.5654159664, 94.141364752, 522.24715625
746, 43835, 0.002, 70.0, 1590335103, 2020-05-24 15:45:03, 2, 12, -44.4140119968, 89.827137235, 517.13471875
747, 43836, 0.002, 70.0, 1590335283, 2020-05-24 15:48:03, 0, 10, -33.1804647571, 86.6683659896, 511.52725
748, 43837, 1.5, 70.0, 1590335465, 2020-05-24 15:51:05, 68, 8, -21.7770250996, 84.0356832348, 505.98996875
749, 43838, 0.002, 70.0, 1590336391, 2020-05-24 16:06:31, 0, 0, 36.4760617671, 71.7965238286, 494.2961875
750, 43839, 0.002, 70.0, 1590336657, 2020-05-24 16:10:57, 0, -1, 53.1256894707, 66.2829833955, 495.7860625
751, 43840, 0.002, 70.0, 1590336837, 2020-05-24 16:13:57, 0, -1, 64.2319185691, 59.9681593199, 496.925125
752, 43841, 0.002, 70.0, 1590337017, 2020-05-24 16:16:57, 2, 0, 74.8493246891, 46.3484240223, 497.68053125
753, 43842, 0.002, 70.0, 1590337197, 2020-05-24 16:19:57, 0, 0, 82.4643299145, -2.01071014775, 497.75984375
754, 43843, 0.002, 70.0, 1590337377, 2020-05-24 16:22:57, 0, 0, 77.9188048715, -70.0418755519, 497.0481875
755, 43844, 0.002, 70.0, 1590337557, 2020-05-24 16:25:57, 0, 1, 67.7046667805, -89.3857635807, 495.631625
756, 43845, 0.002, 70.0, 1590337737, 2020-05-24 16:28:57, 9, 3, 56.6834564617, -97.1135010784, 493.7841875
757, 43846, 0.002, 70.0, 1590337917, 2020-05-24 16:31:57, 2, 6, 45.4545844865, -101.629581176, 491.92153125
758, 43847, 0.002, 70.0, 1590338097, 2020-05-24 16:34:57, 0, 9, 34.1486918832, -104.876994616, 490.52865625
759, 43848, 0.002, 70.0, 1590338277, 2020-05-24 16:37:57, 0, 11, 22.8110798813, -107.526144957, 490.07440625
760, 43849, 0.002, 70.0, 1590338457, 2020-05-24 16:40:57, 0, 13, 11.4627069165, -109.878605541, 490.9273125
761, 43850, 1.5, 70.0, 1590338639, 2020-05-24 16:43:59, 27, 15, -0.0102934302507, -112.129009438, 493.32128125
762, 43851, 1.5, 70.0, 1590338819, 2020-05-24 16:46:59, 0, 16, -11.3468421487, -114.352953183, 497.18875
763, 43852, 0.002, 70.0, 1590339658, 2020-05-24 17:00:58, 0, 20, -63.6196194309, -131.364932667, 523.41771875
764, 43853, 0.002, 70.0, 1590339838, 2020-05-24 17:03:58, 432, 21, -74.204752907, -144.094096674, 527.1351875
765, 43854, 0.002, 70.0, 1590340018, 2020-05-24 17:06:58, 0, 22, -82.2203965385, 172.23082873, 529.040625
766, 43855, 0.002, 70.0, 1590340198, 2020-05-24 17:09:58, 0, 22, -78.6511172637, 101.10981744, 528.94175
767, 43856, 0.002, 70.0, 1590340378, 2020-05-24 17:12:58, 0, 22, -68.6865269641, 79.8242022535, 526.8860625
768, 43857, 0.002, 70.0, 1590340558, 2020-05-24 17:15:58, 5, 21, -57.7968012019, 71.6299286846, 523.152375
769, 43858, 0.002, 70.0, 1590340738, 2020-05-24 17:18:58, 0, 19, -46.6708670077, 66.9429777447, 518.20865625
770, 43859, 0.002, 70.0, 1590340918, 2020-05-24 17:21:58, 0, 17, -35.4496550897, 63.6170376194, 512.644375
771, 43860, 1.5, 70.0, 1590341100, 2020-05-24 17:25:00, 90, 15, -24.0534024987, 60.9006372358, 507.02671875
772, 43861, 1.5, 70.0, 1590341280, 2020-05-24 17:28:00, 13, 13, -12.7522782212, 58.531674915, 502.0603125
773, 43862, 1.5, 70.0, 1590341460, 2020-05-24 17:31:00, 27, 11, -1.43198064221, 56.3015532645, 498.12859375
774, 43863, 1.5, 70.0, 1590341640, 2020-05-24 17:34:00, 22, 9, 9.89959848832, 54.0848051244, 495.4920625
775, 43864, 1.5, 70.0, 1590341820, 2020-05-24 17:37:00, 0, 8, 21.2344280418, 51.7603039199, 494.19759375
776, 43865, 1.5, 70.0, 1590342000, 2020-05-24 17:40:00, 42, 6, 32.5616222977, 49.1683700736, 494.08403125
777, 43866, 1.5, 70.0, 1590342180, 2020-05-24 17:43:00, 24, 5, 43.8625800893, 46.0350993395, 494.82040625
778, 43867, 0.002, 70.0, 1590342985, 2020-05-24 17:56:25, 0, 6, 80.794000323, -77.9016542665, 497.38121875
779, 43868, 0.002, 70.0, 1590343165, 2020-05-24 17:59:25, 0, 7, 71.4580947855, -108.497630084, 496.19709375
780, 43869, 0.002, 70.0, 1590343345, 2020-05-24 18:02:25, 1292, 8, 60.5938456289, -118.578968807, 494.4665625
781, 43870, 0.002, 70.0, 1590343525, 2020-05-24 18:05:25, 1, 10, 49.4143593366, -123.873540205, 492.562375
782, 43871, 0.002, 70.0, 1590343705, 2020-05-24 18:08:25, 10, 11, 38.1282367158, -127.457231179, 490.9541875
783, 43872, 0.002, 70.0, 1590343885, 2020-05-24 18:11:25, 1, 13, 26.7987236107, -130.271118853, 490.12628125
784, 43873, 1.5, 70.0, 1590344067, 2020-05-24 18:14:27, 83, 15, 15.3264475992, -132.730014274, 490.5030625
785, 43874, 1.5, 70.0, 1590344247, 2020-05-24 18:17:27, 30, 17, 3.97801657776, -134.983853757, 492.342625
786, 43875, 1.5, 70.0, 1590344427, 2020-05-24 18:20:27, 14, 18, -7.36298746677, -137.194977236, 495.703375
787, 43876, 0.002, 70.0, 1590345039, 2020-05-24 18:30:39, 5, 19, -45.7359370539, -146.359192309, 514.72990625
788, 43877, 0.002, 70.0, 1590345219, 2020-05-24 18:33:39, 15, 20, -56.8816480608, -150.887307199, 520.43725
789, 43878, 0.002, 70.0, 1590345399, 2020-05-24 18:36:39, 570, 21, -67.8085061464, -158.626553566, 525.0704375
790, 43879, 0.002, 70.0, 1590345579, 2020-05-24 18:39:39, 1, 20, -77.9261951362, -177.899598873, 528.1175625
791, 43880, 0.002, 70.0, 1590345759, 2020-05-24 18:42:39, 0, 20, -82.4867534256, 114.801792234, 529.250125
792, 43881, 0.002, 70.0, 1590345939, 2020-05-24 18:45:39, 0, 19, -75.0226134185, 66.1116002888, 528.3676875
793, 43882, 0.002, 70.0, 1590346119, 2020-05-24 18:48:39, 52, 17, -64.5163686273, 52.319918394, 525.6105625
794, 43883, 0.002, 70.0, 1590346299, 2020-05-24 18:51:39, 0, 15, -53.5045873846, 45.940880295, 521.337625
795, 43884, 0.002, 70.0, 1590346479, 2020-05-24 18:54:39, 0, 13, -42.3330275268, 41.9164816101, 516.0734375
796, 43885, 0.002, 70.0, 1590346659, 2020-05-24 18:57:39, 0, 11, -31.0891769468, 38.8914830347, 510.4325625
797, 43886, 0.002, 70.0, 1590346839, 2020-05-24 19:00:39, 1, 9, -19.804985562, 36.3527529469, 505.03253125
798, 43887, 1.5, 70.0, 1590347021, 2020-05-24 19:03:41, 13, 8, -8.3697573503, 34.0278521764, 500.36325
799, 43888, 1.5, 70.0, 1590347201, 2020-05-24 19:06:41, 0, 6, 2.95591035823, 31.816691131, 496.91165625
800, 43889, 1.5, 70.0, 1590347381, 2020-05-24 19:09:41, 0, 4, 14.2899040674, 29.573588706, 494.8005625
801, 43890, 1.5, 70.0, 1590347742, 2020-05-24 19:15:42, 5, 1, 37.006316673, 24.3928629005, 494.26196875
802, 43891, 1.5, 70.0, 1590347921, 2020-05-24 19:18:41, 19, 0, 48.2257971381, 20.9387440301, 495.21309375
803, 43892, 0.002, 70.0, 1590348099, 2020-05-24 19:21:39, 0, 0, 59.2905021015, 15.9807011745, 496.39009375
804, 43893, 0.002, 70.0, 1590348279, 2020-05-24 19:24:39, 13, 1, 70.2103421677, 6.81558195581, 497.37309375
805, 43894, 0.002, 70.0, 1590348459, 2020-05-24 19:27:39, 0, 1, 79.9142036561, -19.2060735945, 497.793
806, 43895, 0.002, 70.0, 1590348639, 2020-05-24 19:30:39, 1, 2, 81.417050179, -95.5810730062, 497.45009375
807, 43896, 0.002, 70.0, 1590348819, 2020-05-24 19:33:39, 2, 2, 72.4620233103, -130.594104838, 496.33940625
808, 43897, 0.002, 70.0, 1590348999, 2020-05-24 19:36:39, 18, 4, 61.6560356674, -141.536928491, 494.65415625
809, 43898, 0.002, 70.0, 1590349179, 2020-05-24 19:39:39, 18, 5, 50.4934165272, -147.094134323, 492.75378125
810, 43899, 0.002, 70.0, 1590349359, 2020-05-24 19:42:39, 4, 7, 39.2138679634, -150.786534588, 491.10175
811, 43900, 1.5, 70.0, 1590349541, 2020-05-24 19:45:41, 454, 8, 27.7611365383, -153.681810796, 490.18015625
812, 43901, 1.5, 70.0, 1590349721, 2020-05-24 19:48:41, 127, 9, 16.4158081302, -156.137878519, 490.43515625
813, 43902, 1.5, 70.0, 1590349901, 2020-05-24 19:51:41, 19, 10, 5.06722641768, -158.402250153, 492.1314375
814, 43903, 1.5, 70.0, 1590350081, 2020-05-24 19:54:41, 18, 12, -6.27474111042, -160.612376425, 495.35128125
815, 43904, 1.5, 70.0, 1590350261, 2020-05-24 19:57:41, 5, 14, -17.6018277907, -162.886829418, 499.95428125
816, 43905, 1.5, 70.0, 1590350441, 2020-05-24 20:00:41, 16, 15, -28.9048039033, -165.366201747, 505.58640625
817, 43906, 1.5, 70.0, 1590350621, 2020-05-24 20:03:41, 268, 16, -40.1697187867, -168.271600295, 511.7215625
818, 43907, 0.002, 70.0, 1590351503, 2020-05-24 20:18:23, 0, 17, -80.3408719132, 63.1911480039, 529.138
819, 43908, 0.002, 70.0, 1590351683, 2020-05-24 20:21:23, 10, 16, -70.8934362167, 35.2584302835, 527.46125
820, 43909, 0.002, 70.0, 1590351863, 2020-05-24 20:24:23, 7, 16, -60.0984861594, 25.661818133, 524.03096875
821, 43910, 0.002, 70.0, 1590352043, 2020-05-24 20:27:23, 6, 14, -49.0040869486, 20.5090226785, 519.28103125
822, 43911, 0.002, 70.0, 1590352968, 2020-05-24 20:42:48, 0, 4, 8.98237153103, 7.00437094576, 495.58421875
823, 43912, 0.002, 70.0, 1590353148, 2020-05-24 20:45:48, 0, 2, 20.317516127, 4.69364025645, 494.184625
824, 43913, 0.002, 70.0, 1590353328, 2020-05-24 20:48:48, 0, 1, 31.6460969112, 2.13120983918, 493.98878125
825, 43914, 0.002, 70.0, 1590353508, 2020-05-24 20:51:48, 0, 0, 42.9504254013, -0.942901851825, 494.67725
826, 43915, 0.002, 70.0, 1590353688, 2020-05-24 20:54:48, 0, 0, 54.1936715095, -5.07795707175, 495.81921875
827, 43916, 0.002, 70.0, 1590353868, 2020-05-24 20:57:48, 0, -1, 65.2763364553, -11.7622687681, 496.9531875
828, 43917, 0.002, 70.0, 1590354048, 2020-05-24 21:00:48, 0, 0, 75.7958796249, -26.7890435251, 497.6718125
829, 43918, 0.002, 70.0, 1590354588, 2020-05-24 21:09:48, 102, 2, 66.6700911968, -161.278019341, 495.48015625
830, 43919, 0.002, 70.0, 1590354768, 2020-05-24 21:12:48, 10, 4, 55.6174722532, -168.527281597, 493.631875
831, 43920, 0.002, 70.0, 1590354948, 2020-05-24 21:15:48, 6, 5, 44.3780134848, -172.871923946, 491.81165625
832, 43921, 0.002, 70.0, 1590355128, 2020-05-24 21:18:48, 3, 7, 33.0679305604, -176.042238211, 490.505875
833, 43922, 1.5, 70.0, 1590355310, 2020-05-24 21:21:50, 40, 9, 21.6027733135, -178.680193872, 490.17996875
834, 43923, 1.5, 70.0, 1590355490, 2020-05-24 21:24:50, 7, 12, 10.254349976, 178.987675328, 491.19790625
835, 43924, 1.5, 70.0, 1590355670, 2020-05-24 21:27:50, 5, 13, -1.09159517676, 176.767658942, 493.727375
836, 43925, 1.5, 70.0, 1590355850, 2020-05-24 21:30:50, 17, 14, -12.4263970894, 174.537752443, 497.7306875
837, 43926, 1.5, 70.0, 1590356030, 2020-05-24 21:33:50, 35, 16, -23.7416094858, 172.172813103, 502.94809375
838, 43927, 1.5, 70.0, 1590356210, 2020-05-24 21:36:50, 45, 17, -35.0260945687, 169.498616459, 508.92515625
839, 43928, 0.002, 70.0, 1590357071, 2020-05-24 21:51:11, 0, 19, -82.6865501191, 82.602381698, 529.216375
840, 43929, 0.002, 70.0, 1590357251, 2020-05-24 21:54:11, 1, 20, -76.6708883292, 23.1057940063, 528.6591875
841, 43930, 0.002, 70.0, 1590357431, 2020-05-24 21:57:11, 7, 19, -66.3557727214, 6.61006284437, 526.186875
842, 43931, 0.002, 70.0, 1590357611, 2020-05-24 22:00:11, 12, 18, -55.3907372935, -0.465785977688, 522.12475
843, 43932, 0.002, 70.0, 1590357791, 2020-05-24 22:03:11, 160, 16, -44.237315003, -4.75363663811, 516.97446875
844, 43933, 0.002, 70.0, 1590357971, 2020-05-24 22:06:11, 84, 14, -33.0025861406, -7.90038931192, 511.34184375
845, 43934, 0.002, 70.0, 1590358151, 2020-05-24 22:09:11, 9, 12, -21.7237496241, -10.5000438333, 505.850625
846, 43935, 1.5, 70.0, 1590358333, 2020-05-24 22:12:13, 313, 11, -10.2919040636, -12.8535297992, 501.0083125
847, 43936, 1.5, 70.0, 1590358513, 2020-05-24 22:15:13, 2, 9, 1.03181576032, -15.0708567979, 497.3365
848, 43937, 1.5, 70.0, 1590358693, 2020-05-24 22:18:13, 1, 7, 12.3651815189, -17.3001946842, 494.992625
849, 43938, 1.5, 70.0, 1590358873, 2020-05-24 22:21:13, 5, 5, 23.6997899451, -19.6669593917, 493.97684375
850, 43939, 0.002, 70.0, 1590359051, 2020-05-24 22:24:11, 0, 3, 34.8979192388, -22.3146566099, 494.08053125
851, 43940, 0.002, 70.0, 1590359231, 2020-05-24 22:27:11, 0, 2, 46.1899943694, -25.6159073089, 494.9495
852, 43941, 0.002, 70.0, 1590359411, 2020-05-24 22:30:11, 0, 1, 57.4025626831, -30.2540428869, 496.1399375
853, 43942, 0.002, 70.0, 1590359591, 2020-05-24 22:33:11, 7, 2, 68.3944270941, -38.3319710134, 497.19715625
854, 43943, 0.002, 70.0, 1590359771, 2020-05-24 22:36:11, 0, 2, 78.4900477427, -59.2328348143, 497.7438125
855, 43944, 0.002, 70.0, 1590359951, 2020-05-24 22:39:11, 1, 3, 82.2557564279, -130.298343987, 497.54953125
856, 43945, 0.002, 70.0, 1590360131, 2020-05-24 22:42:11, 475, 5, 74.2065355864, -174.706430794, 496.57453125
857, 43946, 0.002, 70.0, 1590360311, 2020-05-24 22:45:11, 2, 6, 63.5272342922, 172.498995617, 494.9791875
858, 43947, 0.002, 70.0, 1590360491, 2020-05-24 22:48:11, 1, 8, 52.3990324752, 166.409198954, 493.09784375
859, 43948, 1.5, 70.0, 1590360673, 2020-05-24 22:51:13, 2875, 10, 41.0069804505, 162.466117086, 491.364875
860, 43949, 1.5, 70.0, 1590360853, 2020-05-24 22:54:13, 573, 12, 29.6853989027, 159.505325704, 490.310875
861, 43950, 1.5, 70.0, 1590361033, 2020-05-24 22:57:13, 6, 14, 18.3420666174, 156.998987789, 490.35296875
862, 43951, 1.5, 70.0, 1590361213, 2020-05-24 23:00:13, 3, 16, 6.99345801102, 154.712950794, 491.7991875
863, 43952, 1.5, 70.0, 1590361393, 2020-05-24 23:03:13, 9, 18, -4.3500087436, 152.5020049, 494.76778125
864, 43953, 0.002, 70.0, 1590362191, 2020-05-24 23:16:31, 7, 21, -54.3018582909, 139.450510605, 519.261625
865, 43954, 0.002, 70.0, 1590362371, 2020-05-24 23:19:31, 0, 23, -65.3014442307, 132.788316769, 524.180625
866, 43955, 0.002, 70.0, 1590362551, 2020-05-24 23:22:31, 0, 24, -75.736812149, 117.926043703, 527.6160625
867, 43956, 0.002, 70.0, 1590362731, 2020-05-24 23:25:31, 0, 24, -82.6332473229, 64.5871976889, 529.19225
868, 43957, 0.002, 70.0, 1590362911, 2020-05-24 23:28:31, 27, 23, -77.2596164846, 1.30700909787, 528.7541875
869, 43958, 0.002, 70.0, 1590363091, 2020-05-24 23:31:31, 2, 22, -67.0311828076, -16.3939805532, 526.3876875
870, 43959, 0.002, 70.0, 1590363271, 2020-05-24 23:34:31, 56, 20, -56.0858354, -23.7632885062, 522.40525
871, 43960, 0.002, 70.0, 1590363451, 2020-05-24 23:37:31, 93, 19, -44.9397521477, -28.158532312, 517.2998125
872, 43961, 0.002, 70.0, 1590363631, 2020-05-24 23:40:31, 190, 16, -33.7086159648, -31.3541199846, 511.67321875
873, 43962, 0.002, 70.0, 1590363991, 2020-05-24 23:46:31, 7, 12, -11.1270219018, -36.3182160954, 501.2951875
874, 43963, 1.5, 70.0, 1590364173, 2020-05-24 23:49:33, 78, 10, 0.321677043708, -38.5637637281, 497.4943125
