# ordinar image ID, original image ID, acquisition time [s], bias [V], UTC time [s], human-readable time, no. of nonzero pixels, heatsink temperature [deg C]latitude [deg], longitude [deg], altitude (WGS84) [km]
1, 39195, 0.002, 70.0, 1576876861, 2019-12-20 21:21:01, 0, 6, 75.8744814419, -30.7029502398, 511.5768125
2, 39196, 0.002, 70.0, 1576877041, 2019-12-20 21:24:01, 0, 5, 82.6330902285, -85.3950957851, 512.9945
3, 39200, 0.002, 70.0, 1576877761, 2019-12-20 21:36:01, 0, 2, 44.5219836272, -176.410959143, 507.03928125
4, 39205, 1.5, 70.0, 1576878663, 2019-12-20 21:51:03, 4, 10, -12.1138245811, 170.973554829, 501.54203125
5, 39206, 1.5, 70.0, 1576878843, 2019-12-20 21:54:03, 17, 11, -23.4221598308, 168.609899565, 503.7554375
6, 39207, 1.5, 70.0, 1576879023, 2019-12-20 21:57:03, 10, 13, -34.7098089989, 165.940702619, 506.7663125
7, 39208, 0.002, 70.0, 1576879201, 2019-12-20 22:00:01, 2, 14, -45.8324339664, 162.699081179, 510.0665625
8, 39209, 0.002, 70.0, 1576880195, 2019-12-20 22:16:35, 62, 22, -69.3623400314, 6.16147266833, 513.57628125
9, 39210, 0.002, 70.0, 1576880375, 2019-12-20 22:19:35, 11, 23, -58.457908872, -2.46956972665, 510.0879375
10, 39211, 0.002, 70.0, 1576880555, 2019-12-20 22:22:35, 37, 23, -47.2986809207, -7.307238609, 505.93709375
11, 39212, 0.002, 70.0, 1576880735, 2019-12-20 22:25:35, 70, 23, -36.0419315284, -10.7013081637, 501.68596875
12, 39213, 0.002, 70.0, 1576880915, 2019-12-20 22:28:35, 21, 22, -24.7385678026, -13.4259030667, 497.9165625
13, 39214, 1.5, 70.0, 1576881097, 2019-12-20 22:31:37, 75, 21, -13.2849330849, -15.8430660325, 495.11890625
14, 39215, 1.5, 70.0, 1576881277, 2019-12-20 22:34:37, 23, 20, -1.94535612302, -18.0844284669, 493.72509375
15, 39216, 1.5, 70.0, 1576881457, 2019-12-20 22:37:37, 78, 18, 9.39688119755, -20.3057921073, 493.8633125
16, 39217, 1.5, 70.0, 1576881637, 2019-12-20 22:40:37, 38, 17, 20.7331143549, -22.6282271795, 495.4743125
17, 39218, 1.5, 70.0, 1576881817, 2019-12-20 22:43:37, 0, 15, 32.0523736385, -25.208595808, 498.2846875
18, 39219, 1.5, 70.0, 1576881997, 2019-12-20 22:46:37, 25, 13, 43.3367272403, -28.3122064457, 501.85015625
19, 39220, 0.002, 70.0, 1576882175, 2019-12-20 22:49:35, 0, 11, 54.4249212242, -32.4457071573, 505.584125
20, 39221, 0.002, 70.0, 1576882355, 2019-12-20 22:52:35, 9, 9, 65.4658946954, -39.2092097744, 509.0135
21, 39222, 0.002, 70.0, 1576882535, 2019-12-20 22:55:35, 0, 7, 75.9232763133, -54.4684022085, 511.6045625
22, 39223, 0.002, 70.0, 1576882715, 2019-12-20 22:58:35, 0, 5, 82.6381035874, -109.482092569, 513.011625
23, 39224, 0.002, 70.0, 1576882895, 2019-12-20 23:01:35, 263, 3, 76.9646615955, -171.292538323, 513.0876875
24, 39225, 0.002, 70.0, 1576883075, 2019-12-20 23:04:35, 22, 3, 66.6514037992, 171.524710113, 511.9045
25, 39226, 0.002, 70.0, 1576883255, 2019-12-20 23:07:35, 0, 4, 55.6530131425, 164.282196085, 509.73759375
26, 39227, 0.002, 70.0, 1576883435, 2019-12-20 23:10:35, 1, 5, 44.4657575099, 159.932513056, 507.01834375
27, 39228, 1.5, 70.0, 1576883617, 2019-12-20 23:13:37, 679, 6, 33.078278297, 156.72497426, 504.23334375
28, 39229, 1.5, 70.0, 1576883797, 2019-12-20 23:16:37, 87, 8, 21.7809968546, 154.113547053, 501.9629375
29, 39230, 1.5, 70.0, 1576883977, 2019-12-20 23:19:37, 12, 9, 10.4671983073, 151.777649678, 500.6048125
30, 39231, 1.5, 70.0, 1576884157, 2019-12-20 23:22:37, 5, 11, -0.852657390459, 149.554983179, 500.43365625
31, 39232, 1.5, 70.0, 1576884337, 2019-12-20 23:25:37, 10, 13, -12.1707414012, 147.323683321, 501.52509375
32, 39233, 1.5, 70.0, 1576884517, 2019-12-20 23:28:37, 63, 14, -23.4790894576, 144.958976208, 503.74228125
33, 39234, 0.002, 70.0, 1576885135, 2019-12-20 23:38:55, 15, 20, -61.9590843306, 131.602350043, 514.36753125
34, 39235, 0.002, 70.0, 1576885315, 2019-12-20 23:41:55, 0, 23, -72.6835058545, 120.451492488, 516.2869375
35, 39236, 0.002, 70.0, 1576885495, 2019-12-20 23:44:55, 0, 25, -81.494026411, 84.6828641491, 516.9046875
36, 39237, 0.002, 70.0, 1576885675, 2019-12-20 23:47:55, 1, 27, -79.8067647805, 9.06393935763, 516.05275
37, 39238, 0.002, 70.0, 1576885855, 2019-12-20 23:50:55, 22, 29, -70.1338303886, -16.537496488, 513.78434375
38, 39239, 0.002, 70.0, 1576886035, 2019-12-20 23:53:55, 10, 31, -59.2624778353, -25.6569328402, 510.3689375
39, 39240, 0.002, 70.0, 1576886215, 2019-12-20 23:56:55, 58, 32, -48.1141337905, -30.6568908592, 506.25334375
40, 39241, 0.002, 70.0, 1576886395, 2019-12-20 23:59:55, 68, 33, -36.862216757, -34.1211935416, 501.99465625
41, 39242, 0.002, 70.0, 1576886575, 2019-12-21 00:02:55, 88, 33, -25.5613426352, -36.8802518715, 498.17625
42, 39243, 0.002, 70.0, 1576886755, 2019-12-21 00:05:55, 3, 32, -14.2349867851, -39.288880516, 495.31946875
43, 39244, 1.5, 70.0, 1576886937, 2019-12-21 00:08:57, 209, 30, -2.77006304537, -41.5619333205, 493.79665625
44, 39245, 1.5, 70.0, 1576887117, 2019-12-21 00:11:57, 1, 28, 8.57218878934, -43.7808022344, 493.82521875
45, 39246, 1.5, 70.0, 1576887297, 2019-12-21 00:14:57, 25, 26, 19.909099843, -46.0913152114, 495.33746875
46, 39247, 1.5, 70.0, 1576887477, 2019-12-21 00:17:57, 2, 23, 31.2299881267, -48.6459152437, 498.07434375
47, 39248, 1.5, 70.0, 1576887657, 2019-12-21 00:20:57, 24, 21, 42.5176953513, -51.6979613683, 501.60196875
48, 39249, 0.002, 70.0, 1576887835, 2019-12-21 00:23:55, 0, 18, 53.6130849396, -55.7218682795, 505.338125
49, 39250, 0.002, 70.0, 1576888015, 2019-12-21 00:26:55, 0, 16, 64.6733400347, -62.1952722721, 508.80809375
50, 39251, 0.002, 70.0, 1576888195, 2019-12-21 00:29:55, 0, 14, 75.2092415074, -76.3421171735, 511.47053125
51, 39252, 0.002, 70.0, 1576888375, 2019-12-21 00:32:55, 0, 11, 82.5226802206, -126.686580935, 512.9671875
52, 39253, 0.002, 70.0, 1576888555, 2019-12-21 00:35:55, 26, 10, 77.6411167007, 167.322750416, 513.13565625
53, 39254, 0.002, 70.0, 1576888735, 2019-12-21 00:38:55, 17, 9, 67.4367594405, 148.638740623, 512.03203125
54, 39255, 0.002, 70.0, 1576889095, 2019-12-21 00:44:55, 3, 11, 45.2830886818, 136.559933568, 507.21734375
55, 39256, 1.5, 70.0, 1576889277, 2019-12-21 00:47:57, 37, 12, 33.8992841106, 133.293641485, 504.41175
56, 39257, 1.5, 70.0, 1576889457, 2019-12-21 00:50:57, 3, 13, 22.6037221684, 130.653404541, 502.0856875
57, 39258, 1.5, 70.0, 1576889637, 2019-12-21 00:53:57, 15, 15, 11.2906604277, 128.303751164, 500.6458125
58, 39259, 1.5, 70.0, 1576889817, 2019-12-21 00:56:57, 10, 16, -0.0291027156781, 126.077150476, 500.3800625
59, 39261, 0.002, 70.0, 1576890175, 2019-12-21 01:02:55, 0, 17, -22.5315253613, 121.527657094, 503.4934375
60, 39262, 0.002, 70.0, 1576890355, 2019-12-21 01:05:55, 2, 17, -33.821525822, 118.891067471, 506.45665625
61, 39263, 0.002, 70.0, 1576890535, 2019-12-21 01:08:55, 0, 18, -45.0732447799, 115.673365353, 509.78896875
62, 39264, 0.002, 70.0, 1576890715, 2019-12-21 01:11:55, 10, 20, -56.2451495623, 111.232437827, 512.9521875
63, 39265, 0.002, 70.0, 1576890895, 2019-12-21 01:14:55, 0, 21, -67.2162194624, 103.740580912, 515.4165
64, 39266, 0.002, 70.0, 1576891075, 2019-12-21 01:17:55, 0, 23, -77.4432597808, 85.5293294928, 516.745125
65, 39267, 0.002, 70.0, 1576891255, 2019-12-21 01:20:55, 0, 25, -82.5681419597, 20.8200268046, 516.665125
66, 39268, 0.002, 70.0, 1576891435, 2019-12-21 01:23:55, 53, 26, -75.4422807316, -30.9424952193, 515.1135
67, 39269, 0.002, 70.0, 1576891615, 2019-12-21 01:26:55, 8, 27, -64.9418416012, -45.4278989374, 512.2505
68, 39270, 0.002, 70.0, 1576891795, 2019-12-21 01:29:55, 25, 28, -53.8983170544, -51.9929504083, 508.43778125
69, 39271, 0.002, 70.0, 1576891975, 2019-12-21 01:32:55, 97, 28, -42.6893858165, -56.0908111928, 504.18496875
70, 39272, 0.002, 70.0, 1576892155, 2019-12-21 01:35:55, 99, 28, -31.4097552905, -59.1521361293, 500.07275
71, 39273, 0.002, 70.0, 1576892335, 2019-12-21 01:38:55, 28, 27, -20.0945787525, -61.7114763129, 496.66503125
72, 39274, 0.002, 70.0, 1576892515, 2019-12-21 01:41:55, 7, 26, -8.76093679816, -64.0241920259, 494.42378125
73, 39275, 1.5, 70.0, 1576892697, 2019-12-21 01:44:57, 2, 24, 2.70659778139, -66.2680730925, 493.63971875
74, 39276, 1.5, 70.0, 1576892877, 2019-12-21 01:47:57, 11, 22, 14.0473256301, -68.515273631, 494.4059375
75, 39277, 1.5, 70.0, 1576893057, 2019-12-21 01:50:57, 0, 20, 25.3780066975, -70.920599879, 496.5549375
76, 39278, 0.002, 70.0, 1576893235, 2019-12-21 01:53:55, 0, 18, 36.5601755467, -73.6395479231, 499.696875
77, 39279, 0.002, 70.0, 1576893595, 2019-12-21 01:59:55, 3, 14, 58.9837651361, -82.0250804491, 507.107625
78, 39280, 0.002, 70.0, 1576893775, 2019-12-21 02:02:55, 0, 12, 69.8772133514, -90.9819104877, 510.24
79, 39281, 0.002, 70.0, 1576893955, 2019-12-21 02:05:55, 0, 10, 79.6217417861, -115.825200458, 512.36940625
80, 39282, 0.002, 70.0, 1576894135, 2019-12-21 02:08:55, 1, 8, 81.6186568727, 168.991051441, 513.2273125
81, 39284, 0.002, 70.0, 1576894495, 2019-12-21 02:14:55, 2, 5, 62.1794057427, 120.709386771, 511.11590625
82, 39285, 0.002, 70.0, 1576894675, 2019-12-21 02:17:55, 2, 4, 51.0794570031, 115.012694815, 508.65328125
83, 39286, 1.5, 70.0, 1576894857, 2019-12-21 02:20:57, 40, 4, 39.7289154532, 111.222342807, 505.81325
84, 39287, 1.5, 70.0, 1576895037, 2019-12-21 02:23:57, 6, 4, 28.4489297574, 108.330119694, 503.1890625
85, 39288, 1.5, 70.0, 1576895217, 2019-12-21 02:26:57, 1, 5, 17.143180588, 105.856307139, 501.23975
86, 39289, 1.5, 70.0, 1576895397, 2019-12-21 02:29:57, 5, 6, 5.82572703576, 103.583001618, 500.33865625
87, 39290, 1.5, 70.0, 1576895577, 2019-12-21 02:32:57, 24, 8, -5.49445261577, 101.370819459, 500.6828125
88, 39291, 0.002, 70.0, 1576895755, 2019-12-21 02:35:55, 0, 10, -16.6840979608, 99.1273891851, 502.23696875
89, 39292, 0.002, 70.0, 1576895935, 2019-12-21 02:38:55, 0, 11, -27.9859675827, 96.665911952, 504.81928125
90, 39293, 0.002, 70.0, 1576896115, 2019-12-21 02:41:55, 0, 13, -39.2607640423, 93.7985234067, 508.0253125
91, 39294, 0.002, 70.0, 1576896295, 2019-12-21 02:44:55, 19, 15, -50.4818052056, 90.1096338591, 511.34603125
92, 39295, 0.002, 70.0, 1576897168, 2019-12-21 02:59:28, 4, 24, -72.066862716, -61.1083296281, 514.284875
93, 39296, 0.002, 70.0, 1576897348, 2019-12-21 03:02:28, 4, 25, -61.2959071133, -71.7009968029, 511.0620625
94, 39297, 0.002, 70.0, 1576897528, 2019-12-21 03:05:28, 6, 26, -50.1787702027, -77.1668898365, 507.04628125
95, 39298, 0.002, 70.0, 1576897708, 2019-12-21 03:08:28, 3, 26, -38.9402847363, -80.8277619481, 502.779875
96, 39299, 0.002, 70.0, 1576898068, 2019-12-21 03:14:28, 0, 26, -16.3235220292, -86.1382750082, 495.7883125
97, 39300, 0.002, 70.0, 1576898248, 2019-12-21 03:17:28, 0, 25, -4.98630959348, -88.4054743406, 494.0133125
98, 39301, 1.5, 70.0, 1576898430, 2019-12-21 03:20:30, 1, 23, 6.481836288, -90.6454758598, 493.75078125
99, 39302, 1.5, 70.0, 1576898610, 2019-12-21 03:23:30, 3, 22, 17.8202709007, -92.9292179104, 495.00628125
100, 39303, 0.002, 70.0, 1576898788, 2019-12-21 03:26:28, 0, 19, 29.0192471379, -95.3945337098, 497.51296875
101, 39304, 0.002, 70.0, 1576898968, 2019-12-21 03:29:28, 1, 17, 40.3151949858, -98.3204911272, 500.9255625
102, 39305, 0.002, 70.0, 1576899148, 2019-12-21 03:32:28, 4, 15, 51.5522666031, -102.130910231, 504.696125
103, 39306, 0.002, 70.0, 1576899328, 2019-12-21 03:35:28, 24, 13, 62.6549986447, -107.964431366, 508.2586875
104, 39307, 0.002, 70.0, 1576899508, 2019-12-21 03:38:28, 0, 11, 73.3517510723, -119.799960743, 511.09553125
105, 39308, 0.002, 70.0, 1576899688, 2019-12-21 03:41:28, 0, 9, 81.8508423233, -159.081403183, 512.81765625
106, 39309, 0.002, 70.0, 1576899868, 2019-12-21 03:44:28, 120, 7, 79.2592636469, 126.942098312, 513.2241875
107, 39310, 0.002, 70.0, 1576900048, 2019-12-21 03:47:28, 96, 6, 69.4118110916, 103.493478328, 512.331125
108, 39311, 0.002, 70.0, 1576900228, 2019-12-21 03:50:28, 0, 5, 58.507810234, 94.8317944242, 510.3655
109, 39312, 0.002, 70.0, 1576900408, 2019-12-21 03:53:28, 0, 4, 47.3525881887, 89.9853380766, 507.725375
110, 39313, 1.5, 70.0, 1576900590, 2019-12-21 03:56:30, 8, 5, 35.979093788, 86.555258057, 504.88275
111, 39314, 1.5, 70.0, 1576900770, 2019-12-21 03:59:30, 3, 5, 24.6883607896, 83.8352376732, 502.42846875
112, 39315, 1.5, 70.0, 1576900950, 2019-12-21 04:02:30, 26, 6, 13.3774539736, 81.446836634, 500.79021875
113, 39316, 1.5, 70.0, 1576901130, 2019-12-21 04:05:30, 10, 7, 2.0581515745, 79.2074293413, 500.28834375
114, 39317, 1.5, 70.0, 1576901310, 2019-12-21 04:08:30, 21, 8, -9.26133523971, 76.989448352, 501.05259375
115, 39318, 0.002, 70.0, 1576902216, 2019-12-21 04:23:36, 57, 14, -65.7043365992, 57.8474060735, 515.08790625
116, 39319, 0.002, 70.0, 1576902396, 2019-12-21 04:26:36, 1, 17, -76.1205458369, 42.2669795975, 516.603125
117, 39320, 0.002, 70.0, 1576902576, 2019-12-21 04:29:36, 9, 19, -82.6531641545, -13.9365160562, 516.737375
118, 39321, 0.002, 70.0, 1576902756, 2019-12-21 04:32:36, 90, 21, -76.792814036, -74.5635632346, 515.39634375
119, 39322, 0.002, 70.0, 1576902936, 2019-12-21 04:35:36, 6, 22, -66.4595437855, -91.3947134607, 512.70925
120, 39323, 0.002, 70.0, 1576903116, 2019-12-21 04:38:36, 9, 23, -55.4559177887, -98.5545685402, 509.01178125
121, 39324, 0.002, 70.0, 1576903296, 2019-12-21 04:41:36, 4, 24, -44.2620163821, -102.875236926, 504.79665625
122, 39325, 0.002, 70.0, 1576903476, 2019-12-21 04:44:36, 3, 25, -32.9895404793, -106.0390147, 500.639375
123, 39326, 1.5, 70.0, 1576903658, 2019-12-21 04:47:38, 19, 25, -21.5523409043, -108.67660153, 497.07740625
124, 39327, 1.5, 70.0, 1576903838, 2019-12-21 04:50:38, 49, 24, -10.2205174878, -111.011194339, 494.6731875
125, 39328, 1.5, 70.0, 1576904018, 2019-12-21 04:53:38, 1, 23, 1.12033351785, -113.235500084, 493.6985625
126, 39329, 0.002, 70.0, 1576904196, 2019-12-21 04:56:36, 0, 21, 12.335549597, -115.446220582, 494.2441875
127, 39330, 0.002, 70.0, 1576904376, 2019-12-21 04:59:36, 1, 19, 23.6682754523, -117.817744224, 496.20465625
128, 39331, 0.002, 70.0, 1576904556, 2019-12-21 05:02:36, 0, 17, 34.9803288862, -120.501093322, 499.25915625
129, 39332, 0.002, 70.0, 1576904736, 2019-12-21 05:05:36, 2, 15, 46.2505405813, -123.811863597, 502.92971875
130, 39333, 0.002, 70.0, 1576904916, 2019-12-21 05:08:36, 8, 13, 57.4318846852, -128.460695251, 506.658125
131, 39334, 0.002, 70.0, 1576905096, 2019-12-21 05:11:36, 17, 11, 68.3842159613, -136.542366321, 509.89315625
132, 39335, 0.002, 70.0, 1576905276, 2019-12-21 05:14:36, 0, 9, 78.438534456, -157.332888416, 512.1761875
133, 39336, 0.002, 70.0, 1576905456, 2019-12-21 05:17:36, 1, 7, 82.2629622774, 132.280259978, 513.211875
134, 39337, 0.002, 70.0, 1576905636, 2019-12-21 05:20:36, 127, 6, 74.3256062742, 87.4761451419, 512.91240625
135, 39338, 0.002, 70.0, 1576905816, 2019-12-21 05:23:36, 10, 5, 63.7136164942, 74.5249863262, 511.40825
136, 39339, 1.5, 70.0, 1576905998, 2019-12-21 05:26:38, 132, 5, 52.5191789177, 68.3238917305, 508.99396875
137, 39340, 1.5, 70.0, 1576906178, 2019-12-21 05:29:38, 60, 5, 41.30429517, 64.4036022041, 506.19015625
138, 39341, 1.5, 70.0, 1576906358, 2019-12-21 05:32:38, 12, 5, 30.0295653047, 61.4262202924, 503.4991875
139, 39342, 1.5, 70.0, 1576906538, 2019-12-21 05:35:38, 2, 7, 18.7262886638, 58.9097941874, 501.4209375
140, 39343, 1.5, 70.0, 1576906718, 2019-12-21 05:38:38, 3, 8, 7.40973840408, 56.6178217589, 500.34953125
141, 39344, 1.5, 70.0, 1576906898, 2019-12-21 05:41:38, 3, 10, -3.9106696319, 54.4042325812, 500.50959375
142, 39345, 1.5, 70.0, 1576907078, 2019-12-21 05:44:38, 16, 11, -15.2273022808, 52.1501984384, 501.9198125
143, 39346, 0.002, 70.0, 1576907256, 2019-12-21 05:47:36, 0, 14, -26.4061994694, 49.7516955494, 504.35625
144, 39347, 0.002, 70.0, 1576907436, 2019-12-21 05:50:36, 2, 16, -37.6861151558, 46.959186368, 507.50415625
145, 39348, 0.002, 70.0, 1576909136, 2019-12-21 06:18:56, 2, 26, -33.8104506702, -129.470688984, 500.937625
146, 39349, 1.5, 70.0, 1576909318, 2019-12-21 06:21:58, 268, 27, -22.3753735765, -132.137099213, 497.3158125
147, 39350, 1.5, 70.0, 1576909498, 2019-12-21 06:24:58, 39, 26, -11.0446472591, -134.485181646, 494.8215
148, 39351, 1.5, 70.0, 1576909678, 2019-12-21 06:27:58, 19, 25, 0.295783369681, -136.713189353, 493.73978125
149, 39352, 0.002, 70.0, 1576909856, 2019-12-21 06:30:56, 0, 24, 11.5111756464, -138.91917653, 494.1785
150, 39353, 0.002, 70.0, 1576910036, 2019-12-21 06:33:56, 0, 22, 22.8447868649, -141.275810359, 496.04571875
151, 39354, 0.002, 70.0, 1576910216, 2019-12-21 06:36:56, 0, 20, 34.1588108084, -143.928341644, 499.0354375
152, 39355, 0.002, 70.0, 1576910396, 2019-12-21 06:39:56, 1, 18, 45.4330762208, -147.176916216, 502.67859375
153, 39356, 0.002, 70.0, 1576910576, 2019-12-21 06:42:56, 2, 16, 56.6236103442, -151.686056842, 506.4200625
154, 39357, 0.002, 70.0, 1576910756, 2019-12-21 06:45:56, 48, 13, 67.6025964335, -159.369937695, 509.7051875
155, 39358, 0.002, 70.0, 1576910936, 2019-12-21 06:48:56, 0, 11, 77.7864631262, -178.412655362, 512.0660625
156, 39359, 0.002, 70.0, 1576911116, 2019-12-21 06:51:56, 1, 9, 82.4851893122, 114.735047625, 513.19378125
157, 39360, 0.002, 70.0, 1576911476, 2019-12-21 06:57:56, 14, 6, 64.5082202116, 51.4977753539, 511.5543125
158, 39361, 0.002, 70.0, 1576911656, 2019-12-21 07:00:56, 0, 6, 53.4550958339, 45.0858533091, 509.21425
159, 39362, 1.5, 70.0, 1576911838, 2019-12-21 07:03:58, 47, 6, 42.122753323, 41.010101847, 506.3883125
160, 39363, 1.5, 70.0, 1576912018, 2019-12-21 07:06:58, 8, 6, 30.8509809297, 37.9850383847, 503.66665625
161, 39364, 1.5, 70.0, 1576912198, 2019-12-21 07:09:58, 10, 6, 19.5491061851, 35.4447407686, 501.52453125
162, 39365, 1.5, 70.0, 1576912378, 2019-12-21 07:12:58, 10, 7, 8.23310063295, 33.1419800563, 500.36628125
163, 39366, 1.5, 70.0, 1576912558, 2019-12-21 07:15:58, 10, 8, -3.08736396554, 30.9267652936, 500.43075
164, 39367, 0.002, 70.0, 1576912736, 2019-12-21 07:18:56, 1, 9, -14.2789117317, 28.7053145682, 501.73103125
165, 39368, 0.002, 70.0, 1576913276, 2019-12-21 07:27:56, 6, 14, -48.1034377142, 20.0824688271, 510.581125
166, 39369, 0.002, 70.0, 1576914064, 2019-12-21 07:41:04, 29, 17, -78.720020212, -114.750948306, 515.7801875
167, 39370, 0.002, 70.0, 1576914244, 2019-12-21 07:44:04, 28, 18, -68.7401985906, -136.378004649, 513.3669375
168, 39371, 0.002, 70.0, 1576914424, 2019-12-21 07:47:04, 5, 19, -57.8113699954, -144.648871959, 509.85728125
169, 39372, 0.002, 70.0, 1576914604, 2019-12-21 07:50:04, 0, 19, -46.6439731379, -149.36401109, 505.71578125
170, 39373, 0.002, 70.0, 1576914784, 2019-12-21 07:53:04, 0, 20, -35.383699368, -152.704410726, 501.50696875
171, 39374, 1.5, 70.0, 1576914966, 2019-12-21 07:56:06, 49, 21, -23.9529201708, -155.430298242, 497.773875
172, 39375, 1.5, 70.0, 1576915146, 2019-12-21 07:59:06, 2, 21, -12.6244034196, -157.806643997, 495.1085
173, 39376, 1.5, 70.0, 1576915326, 2019-12-21 08:02:06, 20, 20, -1.28484182564, -160.04353095, 493.82075
174, 39377, 1.5, 70.0, 1576915506, 2019-12-21 08:05:06, 19, 18, 10.0568345656, -162.267276619, 494.06240625
175, 39378, 1.5, 70.0, 1576915686, 2019-12-21 08:08:06, 12, 16, 21.3919253739, -164.599745239, 495.76053125
176, 39379, 0.002, 70.0, 1576915864, 2019-12-21 08:11:04, 0, 14, 32.5836496577, -167.170355235, 498.59321875
177, 39380, 0.002, 70.0, 1576916044, 2019-12-21 08:14:04, 0, 12, 43.8651823914, -170.308594932, 502.17671875
178, 39381, 0.002, 70.0, 1576916224, 2019-12-21 08:17:04, 1, 10, 55.0718084404, -174.573979766, 505.936875
179, 39382, 0.002, 70.0, 1576916404, 2019-12-21 08:20:04, 4, 8, 66.0957132688, 178.413857475, 509.31378125
180, 39383, 0.002, 70.0, 1576916584, 2019-12-21 08:23:04, 0, 6, 76.4825390327, 162.170096688, 511.82271875
181, 39384, 0.002, 70.0, 1576916764, 2019-12-21 08:26:04, 0, 4, 82.6640036647, 103.472256931, 513.12925
182, 39385, 0.002, 70.0, 1576916944, 2019-12-21 08:29:04, 8, 3, 76.4143259334, 45.2391705654, 513.09984375
183, 39386, 0.002, 70.0, 1576917124, 2019-12-21 08:32:04, 2, 2, 66.0245290373, 29.1264469569, 511.819875
184, 39387, 0.002, 70.0, 1576917302, 2019-12-21 08:35:02, 1, 2, 55.1324468599, 22.2050371964, 509.605375
185, 39388, 1.5, 70.0, 1576917486, 2019-12-21 08:38:06, 17, 2, 43.6902851524, 17.8551987806, 506.77803125
186, 39389, 1.5, 70.0, 1576917846, 2019-12-21 08:44:06, 12, 5, 21.125771685, 12.1420332624, 501.75478125
187, 39390, 1.5, 70.0, 1576918026, 2019-12-21 08:47:06, 21, 6, 9.81100922725, 9.81643837387, 500.437
188, 39391, 1.5, 70.0, 1576918206, 2019-12-21 08:50:06, 9, 8, -1.50938248031, 7.59639808257, 500.321125
189, 39392, 0.002, 70.0, 1576918384, 2019-12-21 08:53:04, 0, 10, -12.7018995997, 5.38628248301, 501.45184375
190, 39393, 0.002, 70.0, 1576918564, 2019-12-21 08:56:04, 3, 12, -24.0100751938, 3.01159454265, 503.70871875
191, 39394, 0.002, 70.0, 1576918744, 2019-12-21 08:59:04, 55, 13, -35.2968398523, 0.319736816417, 506.74884375
192, 39395, 0.002, 70.0, 1576919620, 2019-12-21 09:13:40, 204, 18, -82.5723015449, -97.1692900635, 516.59984375
193, 39396, 0.002, 70.0, 1576919800, 2019-12-21 09:16:40, 74, 21, -75.4647725446, -149.079752277, 515.07546875
194, 39397, 0.002, 70.0, 1576919980, 2019-12-21 09:19:40, 2035, 23, -64.9666625086, -163.599491356, 512.24071875
195, 39398, 0.002, 70.0, 1576920160, 2019-12-21 09:22:40, 0, 25, -53.9237253581, -170.17350745, 508.4558125
196, 39399, 0.002, 70.0, 1576920340, 2019-12-21 09:25:40, 0, 25, -42.7150980636, -174.274776499, 504.22909375
197, 39400, 1.5, 70.0, 1576920522, 2019-12-21 09:28:42, 168, 26, -31.3101643022, -177.368251136, 500.0976875
198, 39401, 1.5, 70.0, 1576920702, 2019-12-21 09:31:42, 0, 25, -19.9950014246, -179.924490414, 496.72025
199, 39402, 1.5, 70.0, 1576920882, 2019-12-21 09:34:42, 14, 24, -8.66154815424, 177.764238184, 494.5093125
200, 39403, 1.5, 70.0, 1576921062, 2019-12-21 09:37:42, 5, 22, 2.67963347521, 175.545259987, 493.75309375
201, 39404, 0.002, 70.0, 1576921240, 2019-12-21 09:40:40, 0, 20, 13.894011789, 173.323891224, 494.50884375
202, 39405, 0.002, 70.0, 1576921420, 2019-12-21 09:43:40, 0, 18, 25.2244845356, 170.921822976, 496.64575
203, 39406, 0.002, 70.0, 1576921600, 2019-12-21 09:46:40, 1, 16, 36.5321068843, 168.175936666, 499.81553125
204, 39407, 0.002, 70.0, 1576921780, 2019-12-21 09:49:40, 0, 14, 47.7936135033, 164.738179513, 503.52440625
205, 39408, 0.002, 70.0, 1576921960, 2019-12-21 09:52:40, 1, 12, 58.9554471718, 159.798818933, 507.21003125
206, 39409, 0.002, 70.0, 1576922140, 2019-12-21 09:55:40, 50, 9, 69.8497491607, 150.859822518, 510.3293125
207, 39410, 0.002, 70.0, 1576922320, 2019-12-21 09:58:40, 0, 7, 79.6006569921, 126.101916742, 512.4426875
208, 39411, 0.002, 70.0, 1576922680, 2019-12-21 10:04:40, 391, 4, 72.9275894947, 13.9322898766, 512.78978125
209, 39412, 0.002, 70.0, 1576922862, 2019-12-21 10:07:42, 2, 4, 62.0864536983, 2.45444939538, 511.10234375
210, 39413, 0.002, 70.0, 1576923040, 2019-12-21 10:10:40, 0, 5, 51.1090727034, -3.16765881563, 508.63903125
211, 39414, 0.002, 70.0, 1576923220, 2019-12-21 10:13:40, 0, 6, 39.8837285209, -6.92549378681, 505.8049375
212, 39415, 1.5, 70.0, 1576923402, 2019-12-21 10:16:42, 5, 7, 28.4785454576, -9.8550733389, 503.12440625
213, 39416, 1.5, 70.0, 1576923582, 2019-12-21 10:19:42, 11, 8, 17.1725743071, -12.3296824645, 501.15175
214, 39417, 1.5, 70.0, 1576923762, 2019-12-21 10:22:42, 33, 9, 5.85480827369, -14.6033542549, 500.23009375
215, 39418, 1.5, 70.0, 1576923942, 2019-12-21 10:25:42, 7, 10, -5.4657547222, -16.8155910551, 500.55775
216, 39419, 0.002, 70.0, 1576924120, 2019-12-21 10:28:40, 2, 10, -16.6558329304, -19.058780565, 502.100625
217, 39420, 0.002, 70.0, 1576924480, 2019-12-21 10:34:40, 47, 12, -39.2335115875, -24.3857304754, 507.88434375
218, 39421, 0.002, 70.0, 1576924660, 2019-12-21 10:37:40, 57, 13, -50.4551572225, -28.0719340511, 511.2124375
219, 39422, 0.002, 70.0, 1576925513, 2019-12-21 10:51:53, 0, 23, -73.2364369885, -177.353853098, 514.542875
220, 39423, 0.002, 70.0, 1576925693, 2019-12-21 10:54:53, 37, 26, -62.5420546366, 170.938652562, 511.46521875
221, 39424, 0.002, 70.0, 1576925873, 2019-12-21 10:57:53, 9, 28, -51.4471636522, 165.140614259, 507.539875
222, 39425, 0.002, 70.0, 1576926053, 2019-12-21 11:00:53, 0, 30, -40.2179877336, 161.343944327, 503.298
223, 39426, 1.5, 70.0, 1576926235, 2019-12-21 11:03:55, 20, 31, -28.8030374998, 158.394859889, 499.2824375
224, 39427, 1.5, 70.0, 1576926415, 2019-12-21 11:06:55, 0, 31, -17.4827314897, 155.909736541, 496.13328125
225, 39428, 1.5, 70.0, 1576926595, 2019-12-21 11:09:55, 6, 29, -6.14683386539, 153.630229207, 494.23065625
226, 39429, 1.5, 70.0, 1576926775, 2019-12-21 11:12:55, 16, 27, 5.19481264381, 151.415171539, 493.817625
227, 39430, 1.5, 70.0, 1576926955, 2019-12-21 11:15:55, 19, 25, 16.5337176858, 149.14558164, 494.91790625
228, 39431, 1.5, 70.0, 1576927135, 2019-12-21 11:18:55, 2, 23, 27.860167451, 146.683803879, 497.33353125
229, 39432, 0.002, 70.0, 1576927313, 2019-12-21 11:21:53, 0, 20, 39.0343432713, 143.852690468, 500.636
230, 39433, 0.002, 70.0, 1576927493, 2019-12-21 11:24:53, 0, 18, 50.2801267949, 140.179701601, 504.3875
231, 39434, 0.002, 70.0, 1576927853, 2019-12-21 11:30:53, 54, 14, 72.1795061957, 123.985568968, 510.91540625
232, 39435, 0.002, 70.0, 1576928033, 2019-12-21 11:33:53, 0, 11, 81.208859183, 90.4919673582, 512.75840625
233, 39436, 0.002, 70.0, 1576928213, 2019-12-21 11:36:53, 0, 9, 80.1657595232, 14.053855291, 513.295
234, 39437, 0.002, 70.0, 1576928393, 2019-12-21 11:39:53, 94, 8, 70.616799895, -13.1919289603, 512.51709375
235, 39438, 0.002, 70.0, 1576928573, 2019-12-21 11:42:53, 3, 9, 59.7659105884, -22.6444779071, 510.63009375
236, 39439, 1.5, 70.0, 1576928755, 2019-12-21 11:45:55, 29, 10, 48.5030106108, -27.7964776446, 507.98521875
237, 39440, 1.5, 70.0, 1576928935, 2019-12-21 11:48:55, 17, 11, 37.2610519932, -31.2941338483, 505.14090625
238, 39441, 1.5, 70.0, 1576929115, 2019-12-21 11:51:55, 49, 12, 25.9734847874, -34.0686591416, 502.5978125
239, 39442, 1.5, 70.0, 1576929475, 2019-12-21 11:57:55, 3, 13, 3.34474705121, -38.7333607403, 500.16925
240, 39443, 0.002, 70.0, 1576929653, 2019-12-21 12:00:53, 14, 14, -7.84972638375, -40.9231296332, 500.76396875
241, 39444, 0.002, 70.0, 1576929833, 2019-12-21 12:03:53, 32, 15, -19.163521516, -43.220419364, 502.568625
242, 39445, 0.002, 70.0, 1576930013, 2019-12-21 12:06:53, 74, 17, -30.4614108451, -45.7485694887, 505.32384375
243, 39446, 0.002, 70.0, 1576930193, 2019-12-21 12:09:53, 64, 19, -41.7279718041, -48.7491706285, 508.6048125
244, 39447, 0.002, 70.0, 1576930373, 2019-12-21 12:12:53, 20, 21, -52.9312476454, -52.7182823471, 511.88715625
245, 39448, 0.002, 70.0, 1576930553, 2019-12-21 12:15:53, 6, 23, -63.986175193, -58.9514993225, 514.6289375
246, 39449, 0.002, 70.0, 1576930733, 2019-12-21 12:18:53, 15, 24, -74.5664182537, -72.2017999332, 516.35665625
247, 39451, 0.002, 70.0, 1576931273, 2019-12-21 12:27:53, 0, 26, -68.1596393414, 152.080145096, 513.187
248, 39452, 0.002, 70.0, 1576931453, 2019-12-21 12:30:53, 1, 26, -57.2097430277, 144.121253506, 509.64559375
249, 39453, 0.002, 70.0, 1576931633, 2019-12-21 12:33:53, 2, 26, -46.0351266602, 139.514263591, 505.501
250, 39454, 0.002, 70.0, 1576931813, 2019-12-21 12:36:53, 0, 26, -34.7716529467, 136.2217026, 501.32021875
251, 39455, 0.002, 70.0, 1576931993, 2019-12-21 12:39:53, 0, 25, -23.4650875698, 133.547246408, 497.68003125
252, 39456, 1.5, 70.0, 1576932175, 2019-12-21 12:42:55, 18, 24, -12.0100970595, 131.154713105, 495.05809375
253, 39457, 1.5, 70.0, 1576932355, 2019-12-21 12:45:55, 1, 23, -0.67041065451, 128.921596416, 493.8605625
254, 39458, 1.5, 70.0, 1576932535, 2019-12-21 12:48:55, 18, 21, 10.6709095531, 126.695255276, 494.1915
255, 39459, 1.5, 70.0, 1576932715, 2019-12-21 12:51:55, 22, 19, 22.0051141443, 124.352937523, 495.965625
256, 39460, 0.002, 70.0, 1576932893, 2019-12-21 12:54:53, 0, 17, 33.1952179657, 121.76185062, 498.85003125
257, 39461, 0.002, 70.0, 1576933073, 2019-12-21 12:57:53, 0, 15, 44.4737351709, 118.582165335, 502.45490625
258, 39462, 0.002, 70.0, 1576933253, 2019-12-21 13:00:53, 3, 13, 55.6740876912, 114.225829702, 506.20265625
259, 39463, 0.002, 70.0, 1576933433, 2019-12-21 13:03:53, 31, 11, 66.6812312353, 106.966349483, 509.53546875
260, 39464, 0.002, 70.0, 1576933613, 2019-12-21 13:06:53, 2, 9, 76.9954179374, 89.7153338685, 511.97540625
261, 39465, 0.002, 70.0, 1576933793, 2019-12-21 13:09:53, 1, 7, 82.6347499645, 27.6965929582, 513.1983125
262, 39466, 0.002, 70.0, 1576934153, 2019-12-21 13:15:53, 407, 4, 65.4382324292, -42.2955878448, 511.72646875
263, 39467, 0.002, 70.0, 1576934333, 2019-12-21 13:18:53, 5, 3, 54.4072617701, -49.0444089704, 509.4269375
264, 39468, 1.5, 70.0, 1576934515, 2019-12-21 13:21:55, 59, 2, 43.0831598825, -53.2496574041, 506.598875
265, 39469, 1.5, 70.0, 1576934695, 2019-12-21 13:24:55, 97, 3, 31.8149699233, -56.3339351913, 503.830875
266, 39470, 1.5, 70.0, 1576934875, 2019-12-21 13:27:55, 3, 4, 20.5147053959, -58.9038724134, 501.604125
267, 39471, 1.5, 70.0, 1576935055, 2019-12-21 13:30:55, 5, 5, 9.1992249145, -61.2203037493, 500.33515625
268, 39472, 0.002, 70.0, 1576935233, 2019-12-21 13:33:53, 3, 6, -1.99567796861, -63.4136823972, 500.273
269, 39473, 0.002, 70.0, 1576935413, 2019-12-21 13:36:53, 9, 7, -13.3138973558, -65.6525022936, 501.46984375
270, 39474, 0.002, 70.0, 1576935593, 2019-12-21 13:39:53, 35, 7, -24.6215103131, -68.0391069931, 503.77646875
271, 39475, 0.002, 70.0, 1576935773, 2019-12-21 13:42:53, 35, 8, -35.9069225942, -70.7553297917, 506.8466875
272, 39476, 0.002, 70.0, 1576935953, 2019-12-21 13:45:53, 11, 9, -47.1488265703, -74.1338145623, 510.1980625
273, 39477, 0.002, 70.0, 1576936313, 2019-12-21 13:51:53, 1, 12, -69.2000888877, -87.4672727262, 515.59390625
274, 39478, 0.002, 70.0, 1576936493, 2019-12-21 13:54:53, 144, 14, -79.0844176344, -110.285548212, 516.7066875
275, 39479, 0.002, 70.0, 1576937290, 2019-12-21 14:08:10, 4, 19, -47.0379282038, 116.218305166, 505.8868125
276, 39480, 0.002, 70.0, 1576937470, 2019-12-21 14:11:10, 1, 21, -35.7799493775, 112.845940244, 501.69028125
277, 39481, 0.002, 70.0, 1576937650, 2019-12-21 14:14:10, 0, 23, -24.476233897, 110.132053371, 497.9843125
278, 39482, 1.5, 70.0, 1576937832, 2019-12-21 14:17:12, 23, 22, -13.0227596887, 107.720211122, 495.25525
279, 39483, 1.5, 70.0, 1576938012, 2019-12-21 14:20:12, 0, 21, -1.68369680531, 105.480742358, 493.9278125
280, 39484, 1.5, 70.0, 1576938192, 2019-12-21 14:23:12, 12, 19, 9.65774063607, 103.258560802, 494.1245625
281, 39485, 1.5, 70.0, 1576938372, 2019-12-21 14:26:12, 9, 17, 20.9928988924, 100.932314484, 495.780125
282, 39486, 0.002, 70.0, 1576938550, 2019-12-21 14:29:10, 0, 15, 32.1851491008, 98.374715999, 498.579625
283, 39487, 0.002, 70.0, 1576938730, 2019-12-21 14:32:10, 1, 13, 43.4680956837, 95.2627383796, 502.14325
284, 39488, 0.002, 70.0, 1576938910, 2019-12-21 14:35:10, 1, 11, 54.678198299, 91.0546178514, 505.899625
285, 39489, 0.002, 70.0, 1576939090, 2019-12-21 14:38:10, 17, 9, 65.712088864, 84.1961585293, 509.2879375
286, 39490, 0.002, 70.0, 1576939450, 2019-12-21 14:44:10, 0, 5, 82.6552200414, 12.1082673684, 513.15553125
287, 39491, 0.002, 70.0, 1576939630, 2019-12-21 14:47:10, 0, 4, 76.7518397312, -48.3290661832, 513.15409375
288, 39492, 0.002, 70.0, 1576939810, 2019-12-21 14:50:10, 30, 3, 66.4079758573, -65.0832743283, 511.89415625
289, 39493, 0.002, 70.0, 1576939990, 2019-12-21 14:53:10, 28, 4, 55.4026935396, -72.221327444, 509.65728125
290, 39494, 0.002, 70.0, 1576940170, 2019-12-21 14:56:10, 0, 6, 44.2128219446, -76.5327682438, 506.8796875
291, 39495, 1.5, 70.0, 1576940352, 2019-12-21 14:59:12, 8, 7, 32.8239083919, -79.7228012651, 504.05053125
292, 39496, 1.5, 70.0, 1576940532, 2019-12-21 15:02:12, 13, 9, 21.5256177891, -82.3256839046, 501.75215625
293, 39497, 1.5, 70.0, 1576940712, 2019-12-21 15:05:12, 40, 10, 10.2247231767, -84.6559053925, 500.3129375
294, 39498, 1.5, 70.0, 1576940892, 2019-12-21 15:08:12, 45, 12, -1.09613618534, -86.8776293254, 500.13775
295, 39499, 1.5, 70.0, 1576941072, 2019-12-21 15:11:12, 37, 13, -12.4151460603, -89.1105274478, 501.2368125
296, 39500, 0.002, 70.0, 1576941250, 2019-12-21 15:14:10, 0, 15, -23.5986997303, -91.4522509742, 503.4395625
297, 39501, 0.002, 70.0, 1576941430, 2019-12-21 15:17:10, 2, 16, -34.8870728984, -94.1283327511, 506.46659375
298, 39503, 0.002, 70.0, 1576942217, 2019-12-21 15:30:17, 2, 20, -81.1917290685, -148.43861608, 516.7516875
299, 39504, 0.002, 70.0, 1576942397, 2019-12-21 15:33:17, 0, 23, -80.1939750347, 135.138297994, 516.03496875
300, 39505, 0.002, 70.0, 1576942577, 2019-12-21 15:36:17, 0, 25, -70.6623026152, 107.763569163, 513.8975
301, 39506, 0.002, 70.0, 1576942757, 2019-12-21 15:39:17, 0, 27, -59.8156958373, 98.2798241809, 510.59615625
302, 39507, 0.002, 70.0, 1576942937, 2019-12-21 15:42:17, 19, 29, -48.6755002081, 93.1615672855, 506.56765625
303, 39508, 0.002, 70.0, 1576943945, 2019-12-21 15:59:05, 0, 21, 14.6775779206, 78.6100131852, 494.79515625
304, 39509, 0.002, 70.0, 1576944125, 2019-12-21 16:02:05, 0, 19, 26.0063704407, 76.1914022193, 497.014375
305, 39510, 0.002, 70.0, 1576944305, 2019-12-21 16:05:05, 0, 17, 37.3111753364, 73.4119182087, 500.22928125
306, 39511, 0.002, 70.0, 1576944485, 2019-12-21 16:08:05, 0, 15, 48.567576389, 69.9053810515, 503.939125
307, 39512, 0.002, 70.0, 1576944665, 2019-12-21 16:11:05, 0, 13, 59.7182973397, 64.8056886103, 507.58071875
308, 39513, 0.002, 70.0, 1576944845, 2019-12-21 16:14:05, 22, 11, 70.5789743074, 55.3759294434, 510.61646875
309, 39514, 0.002, 70.0, 1576945802, 2019-12-21 16:30:02, 2, 17, 46.7907402427, -99.3182724818, 507.48653125
310, 39515, 0.002, 70.0, 1576945982, 2019-12-21 16:33:02, 2, 14, 35.5391681339, -102.668903741, 504.6295625
311, 39516, 1.5, 70.0, 1576946164, 2019-12-21 16:36:04, 22, 12, 24.1211682206, -105.399053295, 502.13171875
312, 39517, 1.5, 70.0, 1576946344, 2019-12-21 16:39:04, 2, 12, 12.8089073196, -107.776416749, 500.50809375
313, 39518, 1.5, 70.0, 1576946524, 2019-12-21 16:42:04, 39, 13, 1.48861176832, -110.012005966, 500.0414375
314, 39519, 1.5, 70.0, 1576946704, 2019-12-21 16:45:04, 22, 13, -9.83156212023, -112.232076993, 500.85228125
315, 39520, 0.002, 70.0, 1576946882, 2019-12-21 16:48:02, 0, 13, -21.0182201112, -114.530667875, 502.8203125
316, 39521, 0.002, 70.0, 1576947785, 2019-12-21 17:03:05, 30, 18, -76.3424108717, -147.450396991, 516.47096875
317, 39522, 0.002, 70.0, 1576947965, 2019-12-21 17:06:05, 0, 19, -82.6629176646, 154.879142957, 516.62078125
318, 39523, 0.002, 70.0, 1576948145, 2019-12-21 17:09:05, 0, 21, -76.5734693411, 95.6763814659, 515.2998125
319, 39524, 0.002, 70.0, 1576948325, 2019-12-21 17:12:05, 0, 23, -66.2095178808, 79.2708271572, 512.64034375
320, 39525, 0.002, 70.0, 1576948505, 2019-12-21 17:15:05, 9, 24, -55.1989421665, 72.2160272172, 508.9801875
321, 39526, 0.002, 70.0, 1576948685, 2019-12-21 17:18:05, 0, 26, -44.0027253258, 67.934140646, 504.81275
322, 39527, 0.002, 70.0, 1576948865, 2019-12-21 17:21:05, 0, 26, -32.7294844418, 64.7881008732, 500.71228125
323, 39528, 1.5, 70.0, 1576949047, 2019-12-21 17:24:07, 34, 26, -21.2922592535, 62.1594615903, 497.2138125
324, 39529, 1.5, 70.0, 1576949227, 2019-12-21 17:27:07, 36, 26, -9.96085418611, 59.829083008, 494.8735625
325, 39530, 1.5, 70.0, 1576949407, 2019-12-21 17:30:07, 4, 24, 1.37926897746, 57.6059383958, 493.95815625
326, 39532, 0.002, 70.0, 1576951112, 2019-12-21 17:58:32, 11, 5, 69.0617707268, -109.659636507, 512.2976875
327, 39533, 0.002, 70.0, 1576951292, 2019-12-21 18:01:32, 15, 5, 58.1438431136, -118.113723641, 510.2420625
328, 39534, 0.002, 70.0, 1576951472, 2019-12-21 18:04:32, 4, 5, 46.9838262754, -122.890074927, 507.5289375
329, 39535, 0.002, 70.0, 1576951652, 2019-12-21 18:07:32, 0, 5, 35.7332240534, -126.256442942, 504.665
330, 39536, 0.002, 70.0, 1576951832, 2019-12-21 18:10:32, 0, 6, 24.4412684511, -128.966566382, 502.17546875
331, 39537, 1.5, 70.0, 1576952014, 2019-12-21 18:13:34, 34, 7, 13.0035660034, -131.375560441, 500.50665625
332, 39538, 1.5, 70.0, 1576952194, 2019-12-21 18:16:34, 18, 9, 1.68326351518, -133.612461055, 500.01546875
333, 39539, 1.5, 70.0, 1576952374, 2019-12-21 18:19:34, 5, 11, -9.63705540817, -135.831821742, 500.80240625
334, 39541, 0.002, 70.0, 1576953487, 2019-12-21 18:38:07, 17, 17, -77.8447587907, -175.921876617, 516.5765625
335, 39542, 0.002, 70.0, 1576953667, 2019-12-21 18:41:07, 0, 19, -82.4720480283, 116.986619485, 516.494875
336, 39543, 0.002, 70.0, 1576953847, 2019-12-21 18:44:07, 0, 21, -75.008331493, 68.0165537085, 514.949125
337, 39544, 0.002, 70.0, 1576954027, 2019-12-21 18:47:07, 7, 22, -64.4631682838, 54.1651383943, 512.1064375
338, 39545, 0.002, 70.0, 1576954207, 2019-12-21 18:50:07, 0, 23, -53.4084797928, 47.7685979355, 508.33365625
339, 39546, 0.002, 70.0, 1576954387, 2019-12-21 18:53:07, 2, 24, -42.1955460641, 43.7355693066, 504.14240625
340, 39547, 0.002, 70.0, 1576955279, 2019-12-21 19:07:59, 0, 19, 13.9105348703, 31.4891699, 494.74065625
341, 39548, 0.002, 70.0, 1576955459, 2019-12-21 19:10:59, 0, 17, 25.2402315367, 29.0869001616, 496.87896875
342, 39549, 0.002, 70.0, 1576955819, 2019-12-21 19:16:59, 0, 14, 47.8078100515, 22.901711369, 503.73165625
343, 39550, 0.002, 70.0, 1576955999, 2019-12-21 19:19:59, 0, 12, 58.968848003, 17.9598714296, 507.391
344, 39551, 0.002, 70.0, 1576956179, 2019-12-21 19:22:59, 3, 10, 69.8621118031, 9.01330033513, 510.4765625
345, 39552, 0.002, 70.0, 1576956359, 2019-12-21 19:25:59, 0, 8, 79.6098094456, -15.7805988299, 512.550375
346, 39553, 0.002, 70.0, 1576956539, 2019-12-21 19:28:59, 0, 6, 81.6271741186, -90.926606446, 513.34578125
347, 39554, 0.002, 70.0, 1576956719, 2019-12-21 19:31:59, 0, 5, 72.9164357958, -127.918910986, 512.80759375
348, 39555, 0.002, 70.0, 1576956899, 2019-12-21 19:34:59, 16, 5, 62.1965768382, -139.302964859, 511.097625
349, 39556, 0.002, 70.0, 1576957079, 2019-12-21 19:37:59, 11, 6, 51.0967407968, -145.004355985, 508.56559375
350, 39557, 0.002, 70.0, 1576957259, 2019-12-21 19:40:59, 0, 7, 39.8710038785, -148.760864405, 505.69009375
351, 39558, 1.5, 70.0, 1576957441, 2019-12-21 19:44:01, 560, 8, 28.4653358718, -151.689827106, 502.97296875
352, 39559, 1.5, 70.0, 1576957621, 2019-12-21 19:47:01, 113, 9, 17.158796108, -154.164145095, 500.9706875
353, 39560, 1.5, 70.0, 1576957801, 2019-12-21 19:50:01, 6, 10, 5.84038590238, -156.437723824, 500.02709375
354, 39561, 1.5, 70.0, 1576957981, 2019-12-21 19:53:01, 50, 11, -5.48087590725, -158.650035756, 500.34125
355, 39562, 1.5, 70.0, 1576958161, 2019-12-21 19:56:01, 14, 12, -16.7973527425, -160.91944807, 501.90296875
356, 39563, 0.002, 70.0, 1576959055, 2019-12-21 20:10:55, 47, 17, -72.0923120008, 174.104650148, 515.94171875
357, 39564, 0.002, 70.0, 1576959235, 2019-12-21 20:13:55, 0, 19, -81.1475104238, 141.083076081, 516.70734375
358, 39565, 0.002, 70.0, 1576959415, 2019-12-21 20:16:55, 0, 21, -80.2464377177, 64.5804221413, 516.0148125
359, 39566, 0.002, 70.0, 1576959595, 2019-12-21 20:19:55, 7, 23, -70.735624696, 36.9465525178, 513.90159375
360, 39567, 0.002, 70.0, 1576959775, 2019-12-21 20:22:55, 7, 25, -59.8925764466, 27.4101501923, 510.62259375
361, 39568, 0.002, 70.0, 1576959955, 2019-12-21 20:25:55, 14, 26, -48.7535385344, 22.2749783335, 506.61284375
362, 39569, 0.002, 70.0, 1576960135, 2019-12-21 20:28:55, 46, 26, -37.5060713693, 18.7529332318, 502.4221875
363, 39570, 0.002, 70.0, 1576960315, 2019-12-21 20:31:55, 16, 25, -26.207944691, 15.9657311074, 498.63178125
364, 39571, 0.002, 70.0, 1576960495, 2019-12-21 20:34:55, 0, 24, -14.8835900864, 13.5432610846, 495.7659375
365, 39572, 0.002, 70.0, 1576962193, 2019-12-21 21:03:13, 0, 3, 82.1382020421, -106.691987614, 513.3359375
366, 39573, 0.002, 70.0, 1576962553, 2019-12-21 21:09:13, 19, 3, 63.3601337141, -162.122080458, 511.3258125
367, 39574, 0.002, 70.0, 1576962733, 2019-12-21 21:12:13, 9, 4, 52.2823489385, -168.1605824, 508.85475
368, 39575, 0.002, 70.0, 1576962913, 2019-12-21 21:15:13, 0, 6, 41.0652624547, -172.052437849, 505.98575
369, 39576, 0.002, 70.0, 1576963093, 2019-12-21 21:18:13, 5, 8, 29.7891153252, -175.01642576, 503.2465
370, 39577, 0.002, 70.0, 1576963273, 2019-12-21 21:21:13, 2, 10, 18.4846826748, -177.52616511, 501.13778125
371, 39578, 1.5, 70.0, 1576963455, 2019-12-21 21:24:15, 32, 12, 7.04128683756, -179.840000974, 500.04734375
372, 39579, 1.5, 70.0, 1576963635, 2019-12-21 21:27:15, 7, 14, -4.28011371028, 177.946836461, 500.22225
373, 39580, 1.5, 70.0, 1576963815, 2019-12-21 21:30:15, 12, 16, -15.5975565904, 175.689308676, 501.657
374, 39581, 0.002, 70.0, 1576964434, 2019-12-21 21:40:34, 2, 22, -54.3108468198, 164.844785106, 512.08540625
375, 39582, 0.002, 70.0, 1576964614, 2019-12-21 21:43:34, 226, 24, -65.3351102331, 158.138632172, 514.75525
376, 39583, 0.002, 70.0, 1576964794, 2019-12-21 21:46:34, 0, 26, -75.7911736246, 143.109825434, 516.36709375
377, 39584, 0.002, 70.0, 1576964974, 2019-12-21 21:49:34, 0, 28, -82.6221414353, 89.0755773698, 516.61296875
378, 39585, 0.002, 70.0, 1576965154, 2019-12-21 21:52:34, 0, 30, -77.1116745872, 26.407106177, 515.38871875
379, 39586, 1.5, 70.0, 1576966291, 2019-12-21 22:11:31, 13, 32, -7.14262550049, -11.6436761936, 494.56809375
380, 39587, 1.5, 70.0, 1576966471, 2019-12-21 22:14:31, 2, 30, 4.19807630817, -13.8594792063, 494.03853125
381, 39588, 1.5, 70.0, 1576966651, 2019-12-21 22:17:31, 8, 28, 15.5367491238, -16.1191815523, 495.0194375
382, 39589, 1.5, 70.0, 1576966831, 2019-12-21 22:20:31, 0, 26, 26.8639331343, -18.5570229159, 497.331125
383, 39590, 1.5, 70.0, 1576967011, 2019-12-21 22:23:31, 5, 24, 38.1658095864, -21.3753536274, 500.6004375
384, 39591, 1.5, 70.0, 1576967191, 2019-12-21 22:26:31, 137, 21, 49.4165723178, -24.9617800922, 504.31896875
385, 39592, 0.002, 70.0, 1576967369, 2019-12-21 22:29:29, 0, 19, 60.4317925607, -30.1751610322, 507.88540625
386, 39593, 0.002, 70.0, 1576967549, 2019-12-21 22:32:29, 1, 17, 71.2580453749, -40.1078236125, 510.8525
387, 39594, 0.002, 70.0, 1576968089, 2019-12-21 22:41:29, 119, 10, 71.5444966785, -177.36945325, 512.65128125
388, 39595, 0.002, 70.0, 1576968269, 2019-12-21 22:44:29, 2, 9, 60.7410293753, 172.475021653, 510.79865625
389, 39596, 0.002, 70.0, 1576968449, 2019-12-21 22:47:29, 0, 8, 49.6169017662, 167.145657271, 508.1814375
390, 39597, 0.002, 70.0, 1576968629, 2019-12-21 22:50:29, 0, 7, 38.3812986396, 163.54258222, 505.29009375
391, 39598, 1.5, 70.0, 1576968811, 2019-12-21 22:53:31, 260, 7, 26.9708768212, 160.6880276, 502.628
392, 39599, 1.5, 70.0, 1576968991, 2019-12-21 22:56:31, 20, 8, 15.6620062554, 158.250223803, 500.73965625
393, 39600, 1.5, 70.0, 1576969171, 2019-12-21 22:59:31, 7, 9, 4.34261975958, 155.991835414, 499.949
394, 39602, 1.5, 70.0, 1576969531, 2019-12-21 23:05:31, 76, 12, -18.2940128215, 151.492366337, 502.14096875
395, 39603, 1.5, 70.0, 1576969711, 2019-12-21 23:08:31, 26, 12, -29.5943832169, 148.988637554, 504.8403125
396, 39604, 0.002, 70.0, 1576969889, 2019-12-21 23:11:29, 0, 13, -40.7399781106, 146.073444514, 508.074875
397, 39606, 0.002, 70.0, 1576970249, 2019-12-21 23:17:29, 5, 20, -63.0269365959, 136.287436341, 514.24346875
398, 39607, 0.002, 70.0, 1576970429, 2019-12-21 23:20:29, 0, 21, -73.6815672469, 124.103676599, 516.11446875
399, 39608, 0.002, 70.0, 1576970609, 2019-12-21 23:23:29, 0, 22, -81.9986066358, 83.1125558478, 516.669625
400, 39609, 0.002, 70.0, 1576970789, 2019-12-21 23:26:29, 0, 23, -79.0062802703, 10.1948974482, 515.75871875
401, 39610, 0.002, 70.0, 1576970969, 2019-12-21 23:29:29, 1, 23, -69.0967891067, -12.3614300375, 513.45359375
402, 39611, 0.002, 70.0, 1576971149, 2019-12-21 23:32:29, 13, 23, -58.1817165125, -20.8351607962, 510.03978125
403, 39612, 0.002, 70.0, 1576971329, 2019-12-21 23:35:29, 75, 23, -47.0192408063, -25.6195221865, 505.97459375
404, 39613, 0.002, 70.0, 1576971509, 2019-12-21 23:38:29, 129, 22, -35.7615249423, -28.9902427396, 501.818
405, 39614, 0.002, 70.0, 1576971689, 2019-12-21 23:41:29, 65, 22, -24.4582517165, -31.703279255, 498.14771875
406, 39615, 0.002, 70.0, 1576971869, 2019-12-21 23:44:29, 12, 20, -13.131293956, -34.0892385016, 495.47134375
407, 39616, 1.5, 70.0, 1576972051, 2019-12-21 23:47:31, 35, 19, -1.66696273512, -36.353910664, 494.1435625
408, 39617, 1.5, 70.0, 1576972231, 2019-12-21 23:50:31, 13, 17, 9.6737403542, -38.576034163, 494.35403125
409, 39618, 1.5, 70.0, 1576972411, 2019-12-21 23:53:31, 7, 16, 21.0081302143, -40.9023897638, 496.014
410, 39619, 1.5, 70.0, 1576972591, 2019-12-21 23:56:31, 11, 14, 32.3252055448, -43.4913354023, 498.84465625
411, 39620, 0.002, 70.0, 1576972949, 2019-12-22 00:02:29, 0, 10, 54.691124432, -50.7827877366, 506.09003125
412, 39621, 0.002, 70.0, 1576973129, 2019-12-22 00:05:29, 0, 8, 65.7241578082, -57.6456764364, 509.44696875
413, 39622, 0.002, 70.0, 1576973309, 2019-12-22 00:08:29, 0, 6, 76.1527501788, -73.2947394833, 511.94125
414, 39625, 0.002, 70.0, 1576973849, 2019-12-22 00:17:29, 7, 1, 66.3969587621, 153.074729922, 511.88096875
415, 39626, 0.002, 70.0, 1576974029, 2019-12-22 00:20:29, 2, 0, 55.3912461426, 145.941375977, 509.5985625
416, 39627, 0.002, 70.0, 1576974209, 2019-12-22 00:23:29, 1, 0, 44.2009954721, 141.631649554, 506.77825
417, 39628, 1.5, 70.0, 1576974391, 2019-12-22 00:26:31, 87, 1, 32.811634542, 138.442402005, 503.9105625
418, 39629, 1.5, 70.0, 1576974571, 2019-12-22 00:29:31, 27, 2, 21.5128043543, 135.839881365, 501.5801875
419, 39630, 1.5, 70.0, 1576974751, 2019-12-22 00:32:31, 31, 3, 10.1975339012, 133.508136745, 500.184125
420, 39631, 1.5, 70.0, 1576974931, 2019-12-22 00:35:31, 5, 4, -1.12377465253, 131.286467454, 499.99534375
421, 39632, 0.002, 70.0, 1576975754, 2019-12-22 00:49:14, 41, 13, -52.6903605338, 118.276104558, 511.58715625
422, 39633, 0.002, 70.0, 1576975934, 2019-12-22 00:52:14, 1, 15, -63.7510049497, 112.1185934, 514.38078125
423, 39635, 0.002, 70.0, 1576976775, 2019-12-22 01:06:15, 10, 18, -61.0720271727, -42.7821773514, 511.016625
424, 39636, 0.002, 70.0, 1576976955, 2019-12-22 01:09:15, 49, 19, -49.9514000355, -48.19228823, 507.07565625
425, 39637, 0.002, 70.0, 1576977135, 2019-12-22 01:12:15, 134, 20, -38.7118593048, -51.8299411136, 502.89128125
426, 39638, 0.002, 70.0, 1576977315, 2019-12-22 01:15:15, 53, 20, -27.4177948816, -54.6732190911, 499.04496875
427, 39639, 0.002, 70.0, 1576977495, 2019-12-22 01:18:15, 13, 20, -16.0956635035, -57.1235187197, 496.0705625
428, 39640, 0.002, 70.0, 1576977675, 2019-12-22 01:21:15, 12, 19, -4.75944443334, -59.3882830896, 494.3735
429, 39641, 1.5, 70.0, 1576977857, 2019-12-22 01:24:17, 33, 17, 6.7073810872, -61.6282709484, 494.17634375
430, 39642, 1.5, 70.0, 1576978037, 2019-12-22 01:27:17, 87, 15, 18.0442498791, -63.9144513765, 495.47721875
431, 39643, 1.5, 70.0, 1576978217, 2019-12-22 01:30:17, 23, 13, 29.3671052572, -66.4151065748, 498.0393125
432, 39644, 1.5, 70.0, 1576978397, 2019-12-22 01:33:17, 111, 12, 40.660413237, -69.3594167105, 501.4535
433, 39645, 0.002, 70.0, 1576978575, 2019-12-22 01:36:15, 0, 10, 51.7693026941, -73.1577532093, 505.15071875
434, 39646, 0.002, 70.0, 1576978755, 2019-12-22 01:39:15, 0, 8, 62.8668028108, -79.0520357075, 508.65471875
435, 39647, 0.002, 70.0, 1576978935, 2019-12-22 01:42:15, 0, 6, 73.5479892373, -91.0984061941, 511.41103125
436, 39648, 0.002, 70.0, 1576979115, 2019-12-22 01:45:15, 0, 4, 81.9434938394, -131.439914484, 513.03625
437, 39649, 0.002, 70.0, 1576979295, 2019-12-22 01:48:15, 7, 2, 79.0994645411, 155.198194754, 513.3363125
438, 39650, 0.002, 70.0, 1576979475, 2019-12-22 01:51:15, 17, 2, 69.2087700581, 132.317061037, 512.334625
439, 39651, 0.002, 70.0, 1576979655, 2019-12-22 01:54:15, 12, 2, 58.2966002944, 123.77694767, 510.26521875
440, 39652, 0.002, 70.0, 1576979835, 2019-12-22 01:57:15, 2, 3, 47.1384002865, 118.971417816, 507.532125
441, 39653, 1.5, 70.0, 1576980017, 2019-12-22 02:00:17, 33, 4, 35.7631641877, 115.559287533, 504.61128125
442, 39654, 1.5, 70.0, 1576980197, 2019-12-22 02:03:17, 19, 4, 24.4710463683, 112.847920999, 502.09803125
443, 39655, 1.5, 70.0, 1576980377, 2019-12-22 02:06:17, 14, 5, 13.1588255947, 110.463706866, 500.42003125
444, 39656, 1.5, 70.0, 1576980557, 2019-12-22 02:09:17, 35, 7, 1.83821734882, 108.225699762, 499.8968125
445, 39657, 1.5, 70.0, 1576980737, 2019-12-22 02:12:17, 14, 9, -9.48255311407, 106.006824018, 500.6560625
446, 39658, 0.002, 70.0, 1576980915, 2019-12-22 02:15:15, 0, 11, -20.6700870768, 103.713369439, 502.58484375
447, 39659, 0.002, 70.0, 1576981095, 2019-12-22 02:18:15, 0, 13, -31.9658931983, 101.139276046, 505.44359375
448, 39660, 0.002, 70.0, 1576981275, 2019-12-22 02:21:15, 0, 15, -43.2273998173, 98.0469215604, 508.77421875
449, 39661, 0.002, 70.0, 1576981455, 2019-12-22 02:24:15, 34, 16, -54.4187159974, 93.8807793748, 512.04415625
450, 39662, 0.002, 70.0, 1576982152, 2019-12-22 02:35:52, 28, 22, -78.1917460609, -40.6477261606, 515.58246875
451, 39663, 0.002, 70.0, 1576982332, 2019-12-22 02:38:52, 2, 23, -68.0962415255, -60.7329560917, 513.16865625
452, 39664, 0.002, 70.0, 1576982512, 2019-12-22 02:41:52, 38, 23, -57.144221023, -68.6589534904, 509.68275
453, 39665, 0.002, 70.0, 1576982692, 2019-12-22 02:44:52, 20, 23, -45.9691231272, -73.2543594049, 505.59459375
454, 39666, 0.002, 70.0, 1576982872, 2019-12-22 02:47:52, 13, 24, -34.7057757722, -76.5417157916, 501.46909375
455, 39667, 0.002, 70.0, 1576983052, 2019-12-22 02:50:52, 0, 23, -23.3996731405, -79.213556021, 497.88065625
456, 39668, 1.5, 70.0, 1576983234, 2019-12-22 02:53:54, 301, 23, -11.945385286, -81.6047574378, 495.30471875
457, 39669, 1.5, 70.0, 1576983414, 2019-12-22 02:56:54, 25, 21, -0.606561512549, -83.8373755224, 494.14371875
458, 39670, 1.5, 70.0, 1576983774, 2019-12-22 03:02:54, 1, 18, 22.0669085733, -88.4070247936, 496.285875
459, 39671, 0.002, 70.0, 1576983952, 2019-12-22 03:05:52, 0, 16, 33.2558837059, -91.0000241494, 499.167875
460, 39672, 0.002, 70.0, 1576984132, 2019-12-22 03:08:52, 0, 14, 44.5331748921, -94.1836367928, 502.75565625
461, 39673, 0.002, 70.0, 1576984312, 2019-12-22 03:11:52, 25, 12, 55.7320623368, -98.5486945776, 506.47228125
462, 39674, 0.002, 70.0, 1576984492, 2019-12-22 03:14:52, 0, 10, 66.7368358054, -105.83212827, 509.76140625
463, 39675, 0.002, 70.0, 1576984672, 2019-12-22 03:17:52, 0, 8, 77.0432702427, -123.182051854, 512.147375
464, 39676, 0.002, 70.0, 1576984852, 2019-12-22 03:20:52, 0, 6, 82.629497549, 174.498328591, 513.3089375
465, 39677, 0.002, 70.0, 1576985032, 2019-12-22 03:23:52, 83, 4, 75.8437114397, 120.033430269, 513.127875
466, 39678, 0.002, 70.0, 1576985928, 2019-12-22 03:38:48, 0, 7, 20.8333251829, 88.4172632471, 501.43015625
467, 39679, 0.002, 70.0, 1576986108, 2019-12-22 03:41:48, 0, 9, 9.51730938543, 86.0960097976, 500.09375
468, 39680, 0.002, 70.0, 1576986288, 2019-12-22 03:44:48, 0, 10, -1.80425231219, 83.8769154875, 499.97665625
469, 39681, 0.002, 70.0, 1576986468, 2019-12-22 03:47:48, 0, 12, -13.1235510828, 81.639318195, 501.13884375
470, 39682, 0.002, 70.0, 1576986648, 2019-12-22 03:50:48, 0, 14, -24.4324250637, 79.2563266656, 503.4273125
471, 39683, 0.002, 70.0, 1576987474, 2019-12-22 04:04:34, 3, 22, -75.1179765197, 50.1914811847, 516.22865625
472, 39684, 0.002, 70.0, 1576987654, 2019-12-22 04:07:34, 0, 24, -82.4988360302, 0.538566552483, 516.59115625
473, 39685, 0.002, 70.0, 1576987834, 2019-12-22 04:10:34, 45, 25, -77.7446623685, -65.9862868081, 515.48553125
474, 39686, 0.002, 70.0, 1576988014, 2019-12-22 04:13:34, 3, 25, -67.5637804685, -84.9159375243, 513.0149375
475, 39687, 0.002, 70.0, 1576988194, 2019-12-22 04:16:34, 16, 25, -56.593888776, -92.5764249794, 509.49225
476, 39688, 0.002, 70.0, 1576988374, 2019-12-22 04:19:34, 5, 25, -45.4125241816, -97.0780387362, 505.39359375
477, 39689, 0.002, 70.0, 1576988554, 2019-12-22 04:22:34, 1, 25, -34.1463457132, -100.323512403, 501.28628125
478, 39690, 1.5, 70.0, 1576988736, 2019-12-22 04:25:36, 219, 25, -22.7130273932, -103.001991576, 497.70840625
479, 39691, 1.5, 70.0, 1576988916, 2019-12-22 04:28:36, 36, 24, -11.3838267693, -105.355688424, 495.2328125
480, 39692, 1.5, 70.0, 1576989096, 2019-12-22 04:31:36, 16, 23, -0.0448032428397, -107.585226094, 494.1483125
481, 39693, 1.5, 70.0, 1576989276, 2019-12-22 04:34:36, 34, 21, 11.2953109328, -109.814442744, 494.581
482, 39694, 1.5, 70.0, 1576989456, 2019-12-22 04:37:36, 143, 19, 22.6277456512, -112.167080913, 496.4325625
483, 39695, 0.002, 70.0, 1576989634, 2019-12-22 04:40:34, 2, 18, 33.8153376706, -114.779594119, 499.3591875
484, 39696, 0.002, 70.0, 1576989814, 2019-12-22 04:43:34, 6, 16, 45.0899138566, -118.002760388, 502.9655
485, 39697, 0.002, 70.0, 1576990174, 2019-12-22 04:49:34, 10, 11, 67.2714142211, -129.980945096, 509.923
486, 39698, 0.002, 70.0, 1576990354, 2019-12-22 04:52:34, 0, 9, 77.5040211437, -148.346026036, 512.2505625
487, 39699, 0.002, 70.0, 1576990534, 2019-12-22 04:55:34, 0, 7, 82.5536687888, 146.476862808, 513.3421875
488, 39700, 0.002, 70.0, 1576990714, 2019-12-22 04:58:34, 39, 6, 75.3587270275, 95.1903930159, 513.090625
489, 39701, 0.002, 70.0, 1576990894, 2019-12-22 05:01:34, 9, 5, 64.8452422357, 80.8281307783, 511.60771875
490, 39702, 0.002, 70.0, 1576991074, 2019-12-22 05:04:34, 2, 4, 53.7997198586, 74.2979508382, 509.20321875
491, 39703, 0.002, 70.0, 1576992079, 2019-12-22 05:21:19, 0, 20, -9.219832449, 58.7821857632, 500.57309375
492, 39704, 0.002, 70.0, 1576992259, 2019-12-22 05:24:19, 0, 17, -20.5334388972, 56.465747597, 502.5020625
493, 39705, 0.002, 70.0, 1576992619, 2019-12-22 05:30:19, 0, 14, -43.0919571661, 50.8122053613, 508.68225
494, 39706, 0.002, 70.0, 1576992799, 2019-12-22 05:33:19, 1, 15, -54.2846496293, 46.6647061771, 511.9603125
495, 39707, 0.002, 70.0, 1576993681, 2019-12-22 05:48:01, 1, 19, -67.9268801549, -108.185606552, 513.114875
496, 39708, 0.002, 70.0, 1576993861, 2019-12-22 05:51:01, 12, 20, -56.9690471614, -116.025325001, 509.625875
497, 39709, 0.002, 70.0, 1576994041, 2019-12-22 05:54:01, 2, 22, -45.7919514352, -120.590404875, 505.54278125
498, 39710, 0.002, 70.0, 1576994221, 2019-12-22 05:57:01, 0, 24, -34.5277434764, -123.864251148, 501.43103125
499, 39711, 1.5, 70.0, 1576994403, 2019-12-22 06:00:03, 55, 24, -23.0954855432, -126.556902964, 497.829375
500, 39712, 1.5, 70.0, 1576994583, 2019-12-22 06:03:03, 26, 23, -11.7668526788, -128.917320718, 495.315125
501, 39713, 1.5, 70.0, 1576994763, 2019-12-22 06:06:03, 19, 22, -0.428082613103, -131.148907444, 494.183125
502, 39714, 1.5, 70.0, 1576994943, 2019-12-22 06:09:03, 20, 20, 10.912051943, -133.376204811, 494.56675
503, 39715, 0.002, 70.0, 1576995121, 2019-12-22 06:12:01, 1, 18, 22.118983643, -135.695067695, 496.34809375
504, 39716, 0.002, 70.0, 1576995301, 2019-12-22 06:15:01, 4, 16, 33.4332261526, -138.321412034, 499.2710625
505, 39717, 0.002, 70.0, 1576995481, 2019-12-22 06:18:01, 12, 14, 44.7095303765, -141.51738049, 502.862875
506, 39718, 0.002, 70.0, 1576995661, 2019-12-22 06:21:01, 0, 12, 55.9064541418, -145.909697559, 506.57259375
507, 39719, 0.002, 70.0, 1576995841, 2019-12-22 06:24:01, 10, 10, 66.9060742326, -153.268147219, 509.84475
508, 39720, 0.002, 70.0, 1576996021, 2019-12-22 06:27:01, 0, 8, 77.1898119513, -170.929745995, 512.20590625
509, 39721, 0.002, 70.0, 1576996201, 2019-12-22 06:30:01, 0, 6, 82.6100998118, 125.827233855, 513.337875
510, 39722, 0.002, 70.0, 1576996381, 2019-12-22 06:33:01, 13, 5, 75.6911250136, 72.3676847375, 513.12625
511, 39723, 0.002, 70.0, 1576996561, 2019-12-22 06:36:01, 10, 4, 65.2137582622, 57.4921269536, 511.67578125
512, 39724, 0.002, 70.0, 1576996741, 2019-12-22 06:39:01, 0, 5, 54.1770673197, 50.8277167209, 509.2905
513, 39725, 1.5, 70.0, 1576996923, 2019-12-22 06:42:03, 38, 6, 42.8505031488, 46.6546009122, 506.38946875
514, 39726, 1.5, 70.0, 1576997103, 2019-12-22 06:45:03, 24, 8, 31.5807900575, 43.5849192392, 503.56628125
515, 39727, 1.5, 70.0, 1576997283, 2019-12-22 06:48:03, 56, 10, 20.2792858507, 41.0222527535, 501.302625
516, 39728, 1.5, 70.0, 1576997463, 2019-12-22 06:51:03, 25, 11, 8.96266131263, 38.7091443046, 500.0145625
517, 39729, 1.5, 70.0, 1576997643, 2019-12-22 06:54:03, 15, 13, -2.35911724349, 36.4918292588, 499.95534375
518, 39731, 0.002, 70.0, 1576998481, 2019-12-22 07:08:01, 0, 19, -54.8361191028, 22.7744649448, 512.08828125
519, 39732, 0.002, 70.0, 1576998661, 2019-12-22 07:11:01, 35, 21, -65.8476886095, 15.8699428269, 514.73540625
520, 39733, 0.002, 70.0, 1576998841, 2019-12-22 07:14:01, 433, 23, -76.249014865, 0.0637440277514, 516.31071875
521, 39734, 0.002, 70.0, 1576999021, 2019-12-22 07:17:01, 331, 24, -82.6600148342, -56.9944930312, 516.51403125
522, 39735, 0.002, 70.0, 1576999201, 2019-12-22 07:20:01, 276, 25, -76.665355876, -116.799021509, 515.2505625
523, 39736, 0.002, 70.0, 1576999381, 2019-12-22 07:23:01, 1, 26, -66.3138900015, -133.380548812, 512.6488125
524, 39737, 0.002, 70.0, 1576999561, 2019-12-22 07:26:01, 6, 27, -55.3062410233, -140.478795585, 509.043
525, 39738, 0.002, 70.0, 1576999741, 2019-12-22 07:29:01, 11, 28, -44.1112570317, -144.776678459, 504.9235
526, 39739, 1.5, 70.0, 1576999923, 2019-12-22 07:32:03, 227, 28, -32.713317384, -147.96128148, 500.81984375
527, 39740, 1.5, 70.0, 1577000103, 2019-12-22 07:35:03, 66, 28, -21.4023140916, -150.562272157, 497.39378125
528, 39741, 1.5, 70.0, 1577000283, 2019-12-22 07:38:03, 17, 27, -10.0715971658, -152.894303645, 495.07278125
529, 39742, 1.5, 70.0, 1577000463, 2019-12-22 07:41:03, 35, 26, 1.26783326723, -155.117803427, 494.167
530, 39743, 1.5, 70.0, 1577000643, 2019-12-22 07:44:03, 0, 24, 12.6073723429, -157.354553776, 494.7765625
531, 39744, 1.5, 70.0, 1577000823, 2019-12-22 07:47:03, 317, 22, 23.9380901226, -159.730885871, 496.7775
532, 39745, 0.002, 70.0, 1577001181, 2019-12-22 07:53:01, 1, 18, 46.3901735536, -165.713079734, 503.4478125
533, 39746, 0.002, 70.0, 1577001361, 2019-12-22 07:56:01, 1, 15, 57.5684269969, -170.386008296, 507.12403125
534, 39747, 0.002, 70.0, 1577001541, 2019-12-22 07:59:01, 71, 13, 68.5147886876, -178.537183371, 510.2838125
535, 39748, 0.002, 70.0, 1577001721, 2019-12-22 08:02:01, 2, 11, 78.5447370674, 160.361066445, 512.47290625
536, 39749, 0.002, 70.0, 1577001901, 2019-12-22 08:05:01, 1, 9, 82.2184431044, 89.4546460385, 513.40140625
537, 39750, 0.002, 70.0, 1577002081, 2019-12-22 08:08:01, 188, 7, 74.2049168316, 45.3749000846, 512.98775
538, 39751, 0.002, 70.0, 1577002260, 2019-12-22 08:11:00, 7, 6, 63.6434841118, 32.618070396, 511.3805
539, 39752, 0.002, 70.0, 1577002441, 2019-12-22 08:14:01, 0, 7, 52.5093946717, 26.4653386623, 508.87459375
540, 39753, 1.5, 70.0, 1577002623, 2019-12-22 08:17:03, 30, 7, 41.1688456886, 22.5091769823, 505.94084375
541, 39754, 1.5, 70.0, 1577002803, 2019-12-22 08:20:03, 3, 9, 29.8927805213, 19.5393321844, 503.165625
542, 39755, 1.5, 70.0, 1577003163, 2019-12-22 08:26:03, 17, 11, 7.27013104501, 14.7362338777, 499.9015625
543, 39756, 0.002, 70.0, 1577003341, 2019-12-22 08:29:01, 0, 13, -3.92601877451, 12.5472871688, 500.02459375
544, 39757, 0.002, 70.0, 1577003521, 2019-12-22 08:32:01, 7, 15, -15.2442889613, 10.2929106628, 501.411375
545, 39758, 0.002, 70.0, 1577003701, 2019-12-22 08:35:01, 2, 16, -26.5503540269, 7.86523518204, 503.8764375
546, 39759, 0.002, 70.0, 1577003881, 2019-12-22 08:38:01, 53, 17, -37.8315128077, 5.06586806381, 507.04584375
547, 39760, 0.002, 70.0, 1577004061, 2019-12-22 08:41:01, 22, 18, -49.0635164246, 1.51762278338, 510.42021875
548, 39761, 0.002, 70.0, 1577004241, 2019-12-22 08:44:01, 2, 19, -60.1876269583, -3.68040645265, 513.45253125
549, 39763, 0.002, 70.0, 1577005200, 2019-12-22 09:00:00, 0, 26, -57.4104174006, -163.074700602, 509.78384375
550, 39764, 0.002, 70.0, 1577005380, 2019-12-22 09:03:00, 0, 27, -46.2385262786, -167.717016255, 505.72415625
551, 39765, 1.5, 70.0, 1577005742, 2019-12-22 09:09:02, 5, 26, -23.5457828397, -173.734945668, 497.986625
552, 39766, 1.5, 70.0, 1577005922, 2019-12-22 09:12:02, 1, 25, -12.2178833669, -176.103505008, 495.43040625
553, 39767, 1.5, 70.0, 1577006102, 2019-12-22 09:15:02, 107, 23, -0.879483918916, -178.337673545, 494.245
554, 39768, 0.002, 70.0, 1577006280, 2019-12-22 09:18:00, 0, 21, 10.3346175054, 179.462209551, 494.56040625
555, 39769, 0.002, 70.0, 1577006460, 2019-12-22 09:21:00, 0, 19, 21.6678394031, 177.125588176, 496.3035625
556, 39770, 0.002, 70.0, 1577006640, 2019-12-22 09:24:00, 0, 17, 32.9829459316, 174.514789347, 499.189125
557, 39771, 0.002, 70.0, 1577006820, 2019-12-22 09:27:00, 0, 15, 44.2611591934, 171.350062176, 502.7620625
558, 39772, 0.002, 70.0, 1577007000, 2019-12-22 09:30:00, 0, 13, 55.4624884307, 167.026552432, 506.47359375
559, 39773, 0.002, 70.0, 1577007180, 2019-12-22 09:33:00, 4, 11, 66.4745906922, 159.856738937, 509.7669375
560, 39774, 0.002, 70.0, 1577007360, 2019-12-22 09:36:00, 2, 9, 76.8145272074, 142.974410103, 512.1640625
561, 39775, 0.002, 70.0, 1577007540, 2019-12-22 09:39:00, 0, 7, 82.6511560789, 82.1208943427, 513.33978125
562, 39776, 0.002, 70.0, 1577007720, 2019-12-22 09:42:00, 44, 5, 76.0795168905, 26.0998501172, 513.1714375
563, 39777, 0.002, 70.0, 1577007900, 2019-12-22 09:45:00, 8, 5, 65.6475845574, 10.5819335325, 511.75546875
564, 39778, 0.002, 70.0, 1577008082, 2019-12-22 09:48:02, 0, 6, 54.4979837578, 3.69604758584, 509.35915625
565, 39779, 0.002, 70.0, 1577008260, 2019-12-22 09:51:00, 0, 7, 43.4241024352, -0.444255300436, 506.52015625
566, 39780, 1.5, 70.0, 1577008442, 2019-12-22 09:54:02, 5, 9, 32.0312034672, -3.58142420498, 503.64275
567, 39781, 1.5, 70.0, 1577008622, 2019-12-22 09:57:02, 5, 11, 20.7304727793, -6.15835169877, 501.33965625
568, 39782, 1.5, 70.0, 1577008802, 2019-12-22 10:00:02, 8, 12, 9.41410266577, -8.47809524958, 499.99971875
569, 39783, 1.5, 70.0, 1577008982, 2019-12-22 10:03:02, 11, 14, -1.90777663565, -10.6968745172, 499.884
570, 39784, 0.002, 70.0, 1577009160, 2019-12-22 10:06:00, 0, 15, -13.1016193453, -12.9098173882, 501.03134375
571, 39785, 0.002, 70.0, 1577009340, 2019-12-22 10:09:00, 2, 17, -24.4108672791, -15.2924332572, 503.31540625
572, 39786, 0.002, 70.0, 1577009520, 2019-12-22 10:12:00, 27, 19, -35.6981749377, -18.0004103099, 506.38734375
573, 39787, 0.002, 70.0, 1577009700, 2019-12-22 10:15:00, 70, 20, -46.9424626498, -21.3621201359, 509.76609375
574, 39788, 0.002, 70.0, 1577009880, 2019-12-22 10:18:00, 14, 23, -58.0950345818, -26.1269864588, 512.907
575, 39789, 0.002, 70.0, 1577010060, 2019-12-22 10:21:00, 1, 25, -69.0059612511, -34.544518421, 515.28759375
576, 39790, 0.002, 70.0, 1577010240, 2019-12-22 10:24:00, 60, 27, -78.930629095, -56.843778077, 516.4908125
577, 39791, 0.002, 70.0, 1577010420, 2019-12-22 10:27:00, 7, 29, -82.0387339972, -129.439174491, 516.2725625
578, 39792, 0.002, 70.0, 1577010600, 2019-12-22 10:30:00, 1, 31, -73.769635706, -170.945906223, 514.603
579, 39793, 0.002, 70.0, 1577010780, 2019-12-22 10:33:00, 8, 32, -63.1152782626, 176.766798338, 511.674
580, 39794, 0.002, 70.0, 1577010960, 2019-12-22 10:36:00, 0, 33, -52.031752713, 170.802171722, 507.87165625
581, 39795, 0.002, 70.0, 1577011140, 2019-12-22 10:39:00, 0, 34, -40.8076140589, 166.938757181, 503.7185
582, 39796, 1.5, 70.0, 1577011502, 2019-12-22 10:45:02, 3, 34, -18.07758974, 161.456983957, 496.61696875
583, 39797, 1.5, 70.0, 1577011682, 2019-12-22 10:48:02, 8, 32, -6.7434773563, 159.170769378, 494.69446875
584, 39798, 1.5, 70.0, 1577011862, 2019-12-22 10:51:02, 11, 30, 4.59669425893, 156.955506804, 494.237875
585, 39799, 1.5, 70.0, 1577012042, 2019-12-22 10:54:02, 6, 28, 15.9344846995, 154.692118717, 495.28121875
586, 39800, 1.5, 70.0, 1577012222, 2019-12-22 10:57:02, 6, 25, 27.2603795118, 152.245080504, 497.63696875
587, 39801, 0.002, 70.0, 1577012400, 2019-12-22 11:00:00, 0, 23, 38.435004417, 149.443022718, 500.8860625
588, 39802, 0.002, 70.0, 1577012580, 2019-12-22 11:03:00, 0, 20, 49.6833936577, 145.830603969, 504.5953125
589, 39803, 0.002, 70.0, 1577012940, 2019-12-22 11:09:00, 60, 16, 71.6225384199, 130.257212588, 511.07771875
590, 39804, 0.002, 70.0, 1577013120, 2019-12-22 11:12:00, 0, 13, 80.858559271, 99.1737388488, 512.90984375
591, 39805, 0.002, 70.0, 1577013300, 2019-12-22 11:15:00, 0, 11, 80.5614665328, 22.3082311094, 513.4336875
592, 39806, 0.002, 70.0, 1577013480, 2019-12-22 11:18:00, 42, 10, 71.180707143, -6.99904425199, 512.632625
593, 39807, 0.002, 70.0, 1577013660, 2019-12-22 11:21:00, 0, 10, 60.3578830837, -16.8679547004, 510.70471875
594, 39808, 1.5, 70.0, 1577013845, 2019-12-22 11:24:05, 29, 11, 48.9166571122, -22.2227086033, 507.94759375
595, 39809, 1.5, 70.0, 1577014022, 2019-12-22 11:27:02, 2, 12, 37.8643352817, -25.7072457211, 505.0654375
596, 39810, 1.5, 70.0, 1577014202, 2019-12-22 11:30:02, 9, 13, 26.5775911137, -28.5090302994, 502.41753125
597, 39811, 1.5, 70.0, 1577014382, 2019-12-22 11:33:02, 10, 14, 15.2676977271, -30.9378575208, 500.531625
598, 39812, 1.5, 70.0, 1577014562, 2019-12-22 11:36:02, 5, 15, 3.94754710388, -33.1926907957, 499.7590625
599, 39813, 0.002, 70.0, 1577014740, 2019-12-22 11:39:00, 0, 16, -7.2484614161, -35.3815854244, 500.253875
600, 39814, 0.002, 70.0, 1577014920, 2019-12-22 11:42:00, 77, 16, -18.5643107277, -37.6713995132, 501.98371875
601, 39815, 0.002, 70.0, 1577015100, 2019-12-22 11:45:00, 132, 17, -29.8648723684, -40.182726882, 504.70103125
602, 39816, 0.002, 70.0, 1577015280, 2019-12-22 11:48:00, 48, 19, -41.1351421201, -43.1496620193, 507.98803125
603, 39817, 0.002, 70.0, 1577015460, 2019-12-22 11:51:00, 55, 21, -52.3444865844, -47.0472787328, 511.3225625
604, 39818, 0.002, 70.0, 1577015640, 2019-12-22 11:54:00, 7, 23, -63.4126305481, -53.0989219593, 514.15975
605, 39819, 0.002, 70.0, 1577016000, 2019-12-22 12:00:00, 13, 26, -82.1504963826, -108.729788213, 516.557125
606, 39820, 0.002, 70.0, 1577016180, 2019-12-22 12:03:00, 0, 27, -78.7033545504, 179.682087, 515.6326875
607, 39821, 0.002, 70.0, 1577016360, 2019-12-22 12:06:00, 0, 28, -68.7192845513, 158.107035717, 513.3230625
608, 39822, 0.002, 70.0, 1577016540, 2019-12-22 12:09:00, 1, 28, -57.7897046354, 149.847929993, 509.91921875
609, 39823, 0.002, 70.0, 1577016720, 2019-12-22 12:12:00, 0, 29, -46.6224375514, 145.136943617, 505.8818125
610, 39824, 0.002, 70.0, 1577016900, 2019-12-22 12:15:00, 0, 29, -35.3627750835, 141.798456434, 501.7713125
611, 39825, 1.5, 70.0, 1577017082, 2019-12-22 12:18:02, 34, 29, -23.9329948014, 139.073579786, 498.12753125
612, 39826, 1.5, 70.0, 1577017262, 2019-12-22 12:21:02, 5, 28, -12.6057587107, 136.697807767, 495.53675
613, 39827, 1.5, 70.0, 1577017442, 2019-12-22 12:24:02, 53, 26, -1.26770733562, 134.461262323, 494.30640625
614, 39828, 1.5, 70.0, 1577017622, 2019-12-22 12:27:02, 4, 25, 10.0722955526, 132.237694239, 494.5856875
615, 39829, 1.5, 70.0, 1577017802, 2019-12-22 12:30:02, 10, 23, 21.4056199032, 129.9052666, 496.29990625
616, 39830, 0.002, 70.0, 1577017980, 2019-12-22 12:33:00, 0, 21, 32.5955717529, 127.334547321, 499.1266875
617, 39831, 0.002, 70.0, 1577018160, 2019-12-22 12:36:00, 0, 19, 43.8753559582, 124.195966115, 502.68240625
618, 39832, 0.002, 70.0, 1577018340, 2019-12-22 12:39:00, 2, 16, 55.0803291014, 119.929775319, 506.39421875
619, 39833, 0.002, 70.0, 1577018520, 2019-12-22 12:42:00, 2, 14, 66.1026800618, 112.915389608, 509.70434375
620, 39834, 0.002, 70.0, 1577018700, 2019-12-22 12:45:00, 0, 12, 76.4877368066, 96.663097914, 512.1309375
621, 39835, 0.002, 70.0, 1577018880, 2019-12-22 12:48:00, 0, 10, 82.6640719666, 37.9379749663, 513.34296875
622, 39836, 0.002, 70.0, 1577019060, 2019-12-22 12:51:00, 0, 9, 76.410412235, -20.2651200384, 513.21059375
623, 39837, 0.002, 70.0, 1577019240, 2019-12-22 12:54:00, 8, 8, 66.0202533389, -36.3702757972, 511.8233125
624, 39838, 0.002, 70.0, 1577019420, 2019-12-22 12:57:00, 0, 9, 55.0041929828, -43.3476828637, 509.4725
625, 39839, 1.5, 70.0, 1577019602, 2019-12-22 13:00:02, 41, 10, 43.6851659256, -47.6391692658, 506.56928125
626, 39840, 1.5, 70.0, 1577019782, 2019-12-22 13:03:02, 23, 11, 32.4187005893, -50.7625430559, 503.70553125
627, 39841, 1.5, 70.0, 1577019962, 2019-12-22 13:06:02, 5, 13, 21.11863926, -53.3520624303, 501.36784375
628, 39842, 1.5, 70.0, 1577020142, 2019-12-22 13:09:02, 9, 14, 9.80248258985, -55.6777076914, 499.98259375
629, 39843, 0.002, 70.0, 1577020320, 2019-12-22 13:12:00, 0, 15, -1.39369156222, -57.8733607923, 499.81225
630, 39844, 0.002, 70.0, 1577020500, 2019-12-22 13:15:00, 41, 16, -12.7137021666, -60.1082874809, 500.91953125
631, 39845, 0.002, 70.0, 1577020680, 2019-12-22 13:18:00, 55, 17, -24.023641657, -62.4834516135, 503.1683125
632, 39846, 0.002, 70.0, 1577020860, 2019-12-22 13:21:00, 94, 19, -35.3121394761, -65.1761580708, 506.2215625
633, 39847, 0.002, 70.0, 1577021040, 2019-12-22 13:24:00, 21, 21, -46.558623094, -68.5069203097, 509.60159375
634, 39848, 0.002, 70.0, 1577021220, 2019-12-22 13:27:00, 4, 23, -57.7159522527, -73.2014049483, 512.7645
635, 39849, 0.002, 70.0, 1577021400, 2019-12-22 13:30:00, 2, 25, -68.6407646966, -81.4135599524, 515.185375
636, 39850, 0.002, 70.0, 1577021580, 2019-12-22 13:33:00, 16, 27, -78.6362069607, -102.777346654, 516.44203125
637, 39851, 0.002, 70.0, 1577021760, 2019-12-22 13:36:00, 0, 29, -82.1817308376, -174.044298596, 516.283375
638, 39852, 0.002, 70.0, 1577021940, 2019-12-22 13:39:00, 0, 31, -74.1158716554, 142.454537085, 514.6714375
639, 39853, 0.002, 70.0, 1577022120, 2019-12-22 13:42:00, 0, 33, -63.4895726291, 129.762706892, 511.7904375
640, 39854, 0.002, 70.0, 1577022300, 2019-12-22 13:45:00, 10, 34, -52.4136900611, 123.683988795, 508.02028125
641, 39855, 0.002, 70.0, 1577022480, 2019-12-22 13:48:00, 0, 34, -41.1926523129, 119.77527644, 503.8795625
642, 39856, 0.002, 70.0, 1577022660, 2019-12-22 13:51:00, 1, 35, -29.9079230507, 116.802586868, 499.94678125
643, 39857, 1.5, 70.0, 1577022842, 2019-12-22 13:54:02, 50, 34, -18.4650851545, 114.261305704, 496.74290625
644, 39858, 1.5, 70.0, 1577023022, 2019-12-22 13:57:02, 17, 33, -7.13147180158, 111.970412446, 494.77996875
645, 39859, 1.5, 70.0, 1577023202, 2019-12-22 14:00:02, 4, 31, 4.20848167448, 109.75471957, 494.27603125
646, 39860, 1.5, 70.0, 1577023382, 2019-12-22 14:03:02, 0, 28, 15.5463335867, 107.495033446, 495.272625
647, 39861, 1.5, 70.0, 1577023562, 2019-12-22 14:06:02, 0, 26, 26.8726604085, 105.057106705, 497.589375
648, 39862, 0.002, 70.0, 1577023740, 2019-12-22 14:09:00, 0, 23, 38.0483166723, 102.273080618, 500.8131875
649, 39863, 0.002, 70.0, 1577023920, 2019-12-22 14:12:00, 0, 21, 49.2990350075, 98.6981732675, 504.51359375
650, 39864, 0.002, 70.0, 1577024100, 2019-12-22 14:15:00, 1, 18, 60.4379943725, 93.4370219845, 508.09571875
651, 39865, 0.002, 70.0, 1577024280, 2019-12-22 14:18:00, 14, 16, 71.2633387715, 83.5005788945, 511.02809375
652, 39866, 0.002, 70.0, 1577024640, 2019-12-22 14:24:00, 0, 12, 80.8025448897, -23.0320382085, 513.4546875
653, 39867, 0.002, 70.0, 1577024820, 2019-12-22 14:27:00, 3, 11, 71.5402209801, -53.7598657048, 512.68690625
654, 39868, 0.002, 70.0, 1577025000, 2019-12-22 14:30:00, 4, 11, 60.7365556014, -63.9119173764, 510.78190625
655, 39869, 0.002, 70.0, 1577025180, 2019-12-22 14:33:00, 0, 11, 49.6122299168, -69.2402504, 508.112875
656, 39870, 1.5, 70.0, 1577025362, 2019-12-22 14:36:02, 21, 13, 38.2511084038, -72.8775788496, 505.1401875
657, 39871, 1.5, 70.0, 1577025542, 2019-12-22 14:39:02, 6, 14, 26.965400717, -75.6973199952, 502.46525
658, 39872, 1.5, 70.0, 1577025722, 2019-12-22 14:42:02, 6, 15, 15.6559290946, -78.1350759814, 500.53884375
659, 39873, 1.5, 70.0, 1577025902, 2019-12-22 14:45:02, 8, 16, 4.33583097843, -80.3934916905, 499.71815625
660, 39874, 1.5, 70.0, 1577026082, 2019-12-22 14:48:02, 50, 18, -6.98618642088, -82.606677887, 500.177125
661, 39875, 0.002, 70.0, 1577027152, 2019-12-22 15:05:52, 17, 35, -73.2457123854, -111.478010448, 515.86115625
662, 39876, 0.002, 70.0, 1577027332, 2019-12-22 15:08:52, 23, 34, -81.7926354512, -150.105523747, 516.53115625
663, 39877, 0.002, 70.0, 1577027512, 2019-12-22 15:11:52, 0, 34, -79.3632122959, 135.609594707, 515.7423125
664, 39878, 0.002, 70.0, 1577027692, 2019-12-22 15:14:52, 0, 35, -69.5508464223, 111.785546546, 513.55465625
665, 39879, 0.002, 70.0, 1577027872, 2019-12-22 15:17:52, 0, 36, -58.6541743577, 103.039994749, 510.24284375
666, 39880, 0.002, 70.0, 1577028052, 2019-12-22 15:20:52, 5, 36, -47.4980541425, 98.164107116, 506.255625
667, 39881, 0.002, 70.0, 1577028232, 2019-12-22 15:23:52, 0, 36, -36.2434904108, 94.7535409469, 502.147875
668, 39882, 1.5, 70.0, 1577028414, 2019-12-22 15:26:54, 49, 36, -24.816481478, 91.9929219187, 498.46
669, 39883, 1.5, 70.0, 1577028594, 2019-12-22 15:29:54, 8, 35, -13.4908180383, 89.599992464, 495.7873125
670, 39884, 1.5, 70.0, 1577028774, 2019-12-22 15:32:54, 10, 33, -2.15359429007, 87.3575184164, 494.45046875
671, 39885, 1.5, 70.0, 1577029134, 2019-12-22 15:38:54, 1, 28, 20.5200602642, 82.8183591097, 496.22453125
672, 39886, 1.5, 70.0, 1577029314, 2019-12-22 15:41:54, 14, 25, 31.8371680381, 80.2453175667, 499.0075625
673, 39887, 1.5, 70.0, 1577029494, 2019-12-22 15:44:54, 29, 23, 43.1199233757, 77.1561664395, 502.5235
674, 39888, 1.5, 70.0, 1577029674, 2019-12-22 15:47:54, 218, 20, 54.3317369534, 72.9974623299, 506.2298125
675, 39889, 0.002, 70.0, 1577029852, 2019-12-22 15:50:52, 2, 18, 65.2521302649, 66.3715572886, 509.53403125
676, 39890, 0.002, 70.0, 1577030032, 2019-12-22 15:53:52, 1, 15, 75.7303029787, 51.4298286321, 512.0254375
677, 39891, 0.002, 70.0, 1577030212, 2019-12-22 15:56:52, 0, 13, 82.6158781518, -2.30168858607, 513.3195625
678, 39892, 0.002, 70.0, 1577030392, 2019-12-22 15:59:52, 0, 11, 77.1524781373, -65.2970319285, 513.2705
679, 39893, 0.002, 70.0, 1577030752, 2019-12-22 16:05:52, 64, 11, 55.8755407056, -90.2109870362, 509.6405625
680, 39894, 0.002, 70.0, 1577030932, 2019-12-22 16:08:52, 2, 11, 44.6897706392, -94.5953879167, 506.77284375
681, 39895, 0.002, 70.0, 1577031112, 2019-12-22 16:11:52, 0, 12, 33.4274239069, -97.7872787494, 503.86903125
682, 39896, 1.5, 70.0, 1577031294, 2019-12-22 16:14:54, 105, 13, 22.0035432008, -100.438150298, 501.42821875
683, 39897, 1.5, 70.0, 1577031474, 2019-12-22 16:17:54, 19, 14, 10.687894526, -102.77789307, 499.9455
684, 39898, 1.5, 70.0, 1577031654, 2019-12-22 16:20:54, 12, 16, -0.634278847084, -105.001782172, 499.673
685, 39899, 1.5, 70.0, 1577031834, 2019-12-22 16:23:54, 18, 18, -11.9550303669, -107.232084823, 500.6935625
686, 39900, 0.002, 70.0, 1577032192, 2019-12-22 16:29:52, 2, 21, -34.4318202997, -112.224843823, 505.8588125
687, 39901, 0.002, 70.0, 1577032372, 2019-12-22 16:32:52, 0, 22, -45.6830782199, -115.487830094, 509.242625
688, 39902, 0.002, 70.0, 1577032552, 2019-12-22 16:35:52, 6, 24, -56.8506970586, -120.029687326, 512.45584375
689, 39903, 0.002, 70.0, 1577032732, 2019-12-22 16:38:52, 0, 25, -67.8049407876, -127.804764865, 514.968375
690, 39904, 0.002, 70.0, 1577032912, 2019-12-22 16:41:52, 26, 27, -77.944711779, -147.231544069, 516.346625
691, 39905, 0.002, 70.0, 1577033092, 2019-12-22 16:44:52, 0, 29, -82.4429241017, 145.103571313, 516.3234375
692, 39906, 0.002, 70.0, 1577033272, 2019-12-22 16:47:52, 0, 31, -74.8979009945, 96.8303214354, 514.84271875
693, 39907, 0.002, 70.0, 1577033452, 2019-12-22 16:50:52, 0, 33, -64.3418026525, 83.1327185662, 512.071
694, 39908, 0.002, 70.0, 1577033632, 2019-12-22 16:53:52, 18, 34, -53.2844777085, 76.7777671293, 508.37375
695, 39909, 0.002, 70.0, 1577033812, 2019-12-22 16:56:52, 3, 35, -42.0708712061, 72.7609260488, 504.2605625
696, 39910, 0.002, 70.0, 1577033992, 2019-12-22 16:59:52, 0, 35, -30.7898712272, 69.7374745112, 500.30765625
697, 39911, 1.5, 70.0, 1577034174, 2019-12-22 17:02:54, 63, 35, -19.3491523972, 67.1706347799, 497.0396875
698, 39912, 1.5, 70.0, 1577034354, 2019-12-22 17:05:54, 0, 33, -8.01672109384, 64.8684921997, 494.9810625
699, 39913, 1.5, 70.0, 1577034714, 2019-12-22 17:11:54, 6, 28, 14.660693693, 60.399595049, 495.24928125
700, 39914, 1.5, 70.0, 1577034894, 2019-12-22 17:14:54, 21, 26, 25.9879886941, 57.9816466114, 497.47128125
701, 39915, 1.5, 70.0, 1577035074, 2019-12-22 17:17:54, 0, 23, 37.2913472973, 55.2033373933, 500.6706875
702, 39916, 1.5, 70.0, 1577035254, 2019-12-22 17:20:54, 9, 21, 48.546454029, 51.6990985948, 504.34765625
703, 39917, 0.002, 70.0, 1577035436, 2019-12-22 17:23:56, 0, 18, 59.8190631205, 46.5324634695, 507.97796875
704, 39918, 0.002, 70.0, 1577035612, 2019-12-22 17:26:52, 13, 16, 70.4395769766, 37.3451623577, 510.8859375
705, 39919, 0.002, 70.0, 1577035792, 2019-12-22 17:29:52, 0, 14, 80.0397630236, 10.6941253661, 512.8266875
706, 39920, 0.002, 70.0, 1577035972, 2019-12-22 17:32:52, 0, 12, 81.3115442469, -65.516069265, 513.47228125
707, 39921, 0.002, 70.0, 1577036152, 2019-12-22 17:35:52, 0, 10, 72.3550557178, -99.7886744401, 512.7825
708, 39922, 0.002, 70.0, 1577036332, 2019-12-22 17:38:52, 11, 10, 61.5987645312, -110.639194916, 510.9335
709, 39923, 0.002, 70.0, 1577036512, 2019-12-22 17:41:52, 4, 11, 50.4882597343, -116.181545088, 508.28703125
710, 39924, 0.002, 70.0, 1577036692, 2019-12-22 17:44:52, 2, 12, 39.2578134006, -119.873030107, 505.32990625
711, 39925, 0.002, 70.0, 1577036872, 2019-12-22 17:47:52, 0, 13, 27.9749146291, -122.741518313, 502.59425
712, 39926, 1.5, 70.0, 1577037054, 2019-12-22 17:50:54, 10, 15, 16.5408876769, -125.229524001, 500.55440625
713, 39927, 1.5, 70.0, 1577037234, 2019-12-22 17:53:54, 12, 16, 5.22093171408, -127.496655031, 499.62940625
714, 39928, 1.5, 70.0, 1577037414, 2019-12-22 17:56:54, 10, 18, -6.10157660507, -129.709144548, 499.982125
715, 39929, 0.002, 70.0, 1577038161, 2019-12-22 18:09:21, 2, 25, -52.8898327934, -141.830011908, 511.342875
716, 39930, 0.002, 70.0, 1577038341, 2019-12-22 18:12:21, 4, 27, -63.9472362845, -148.050879902, 514.16425
717, 39931, 0.002, 70.0, 1577038521, 2019-12-22 18:15:21, 54, 29, -74.5319531192, -161.256914056, 515.99053125
718, 39932, 0.002, 70.0, 1577038701, 2019-12-22 18:18:21, 0, 31, -82.3312983201, 152.762521975, 516.4885625
719, 39933, 0.002, 70.0, 1577038881, 2019-12-22 18:21:21, 0, 34, -78.2738790857, 83.2981184271, 515.5238125
720, 39934, 0.002, 70.0, 1577039061, 2019-12-22 18:24:21, 0, 35, -68.1949992307, 62.9870824421, 513.18428125
721, 39935, 0.002, 70.0, 1577040009, 2019-12-22 18:40:09, 0, 35, -9.15508652455, 41.4553857846, 495.14684375
722, 39936, 0.002, 70.0, 1577040189, 2019-12-22 18:43:09, 0, 33, 2.18395896324, 39.2352908518, 494.3815625
723, 39937, 0.002, 70.0, 1577040369, 2019-12-22 18:46:09, 0, 31, 13.5223888802, 36.9924274834, 495.1206875
724, 39938, 0.002, 70.0, 1577040549, 2019-12-22 18:49:09, 0, 28, 24.8511703012, 34.5983676324, 497.22215625
725, 39939, 0.002, 70.0, 1577040729, 2019-12-22 18:52:09, 0, 26, 36.1576759141, 31.8685527574, 500.3435625
726, 39940, 0.002, 70.0, 1577040909, 2019-12-22 18:55:09, 0, 23, 47.4192713255, 28.4633551169, 503.9959375
727, 39941, 0.002, 70.0, 1577041090, 2019-12-22 18:58:10, 10, 21, 58.6457663949, 23.5649807939, 507.6390625
728, 39942, 0.002, 70.0, 1577041269, 2019-12-22 19:01:09, 10, 18, 69.4921341162, 14.8852908035, 510.67384375
729, 39943, 0.002, 70.0, 1577041449, 2019-12-22 19:04:09, 0, 16, 79.3246831988, -8.80564124005, 512.71678125
730, 39944, 0.002, 70.0, 1577041629, 2019-12-22 19:07:09, 0, 14, 81.8118487734, -83.0183675392, 513.47834375
731, 39945, 0.002, 70.0, 1577041809, 2019-12-22 19:10:09, 0, 12, 73.2754305385, -121.865901722, 512.89875
732, 39946, 0.002, 70.0, 1577041989, 2019-12-22 19:13:09, 13, 12, 62.580631545, -133.615657583, 511.13584375
733, 39947, 0.002, 70.0, 1577042169, 2019-12-22 19:16:09, 8, 12, 51.4875198249, -139.424050453, 508.53703125
734, 39948, 0.002, 70.0, 1577042349, 2019-12-22 19:19:09, 0, 13, 40.2640061331, -143.223903253, 505.5811875
735, 39949, 0.002, 70.0, 1577042529, 2019-12-22 19:22:09, 2, 15, 28.9843380411, -146.144273576, 502.80009375
736, 39950, 1.5, 70.0, 1577042711, 2019-12-22 19:25:11, 9, 16, 17.5518564192, -148.658384247, 500.67425
737, 39952, 0.002, 70.0, 1577043529, 2019-12-22 19:38:49, 0, 22, -33.8584156737, -159.355211807, 505.63984375
738, 39953, 0.002, 70.0, 1577043709, 2019-12-22 19:41:49, 0, 24, -45.1125969148, -162.576151434, 509.0205
739, 39954, 0.002, 70.0, 1577044807, 2019-12-22 20:00:07, 8, 43, -63.8042804252, 35.443743561, 511.907125
740, 39955, 0.002, 70.0, 1577044987, 2019-12-22 20:03:07, 8, 41, -52.7351324238, 29.26592625, 508.18690625
741, 39956, 0.002, 70.0, 1577045167, 2019-12-22 20:06:07, 3, 40, -41.5169326192, 25.3182083913, 504.07784375
742, 39957, 0.002, 70.0, 1577045347, 2019-12-22 20:09:07, 24, 39, -30.2337811307, 22.3271814693, 500.1566875
743, 39958, 0.002, 70.0, 1577045527, 2019-12-22 20:12:07, 1, 38, -18.9178481493, 19.8031397033, 496.97459375
