# ordinar image ID, original image ID, exposure [s], dacs, bias [V], detector type, UTC time, human readable time, chip-board id, adrenalin mode, anomaly mode, latitude [deg], longitude [deg], 
1, 41454, 0.002, [1 100 255 127 127 0 385 7 130 128 80 85 128 128], 70.0, TPX, 1583436936, 2020-03-05 19:35:36, I07-W0167, 0, 0, -52.4580658001, -163.8660873 
2, 41455, 0.002, [1 100 255 127 127 0 385 7 130 128 80 85 128 128], 70.0, TPX, 1583437116, 2020-03-05 19:38:36, I07-W0167, 0, 0, -63.4914645915, -169.921254904 
3, 41456, 0.002, [1 100 255 127 127 0 385 7 130 128 80 85 128 128], 70.0, TPX, 1583437296, 2020-03-05 19:41:36, I07-W0167, 0, 0, -74.0829159926, 177.47416005 
4, 41459, 0.002, [1 100 255 127 127 0 385 7 130 128 80 85 128 128], 70.0, TPX, 1583437836, 2020-03-05 19:50:36, I07-W0167, 0, 0, -68.7744246685, 41.3358779647 
5, 41460, 0.002, [1 100 255 127 127 0 385 7 130 128 80 85 128 128], 70.0, TPX, 1583438016, 2020-03-05 19:53:36, I07-W0167, 0, 0, -57.8693651316, 33.0699318058 
6, 41461, 0.002, [1 100 255 127 127 0 385 7 130 128 80 85 128 128], 70.0, TPX, 1583438196, 2020-03-05 19:56:36, I07-W0167, 0, 0, -46.7209459547, 28.3559435621 
7, 41462, 0.002, [1 100 255 127 127 0 385 7 130 128 80 85 128 128], 70.0, TPX, 1583438376, 2020-03-05 19:59:36, I07-W0167, 0, 0, -35.4735539216, 25.0161825489 
8, 41463, 0.002, [1 100 255 127 127 0 385 7 130 128 80 85 128 128], 70.0, TPX, 1583438556, 2020-03-05 20:02:36, I07-W0167, 0, 0, -24.1746229886, 22.3186864215 
9, 41464, 1.5, [1 100 255 127 127 0 385 7 130 128 80 85 128 128], 70.0, TPX, 1583438738, 2020-03-05 20:05:38, I07-W0167, 0, 0, -12.7191757094, 19.915293117 
10, 41471, 0.002, [1 100 255 127 127 0 385 7 130 128 80 85 128 128], 70.0, TPX, 1583439996, 2020-03-05 20:26:36, I07-W0167, 0, 0, 66.1769037275, -3.91187644095 
11, 41473, 0.002, [1 100 255 127 127 0 385 7 130 128 80 85 128 128], 70.0, TPX, 1583440356, 2020-03-05 20:32:36, I07-W0167, 0, 0, 82.6735386088, -80.0506776659 
12, 41474, 0.002, [1 100 255 127 127 0 385 7 130 128 80 85 128 128], 70.0, TPX, 1583440536, 2020-03-05 20:35:36, I07-W0167, 0, 0, 76.2586864128, -137.531486996 
13, 41475, 0.002, [1 100 255 127 127 0 385 7 130 128 80 85 128 128], 70.0, TPX, 1583440716, 2020-03-05 20:38:36, I07-W0167, 0, 0, 65.8151086072, -153.359425867 
14, 41477, 0.002, [1 100 255 127 127 0 385 7 130 128 80 85 128 128], 70.0, TPX, 1583441076, 2020-03-05 20:44:36, I07-W0167, 0, 0, 43.5487772932, -164.471419645 
15, 41478, 0.002, [1 100 255 127 127 0 385 7 130 128 80 85 128 128], 70.0, TPX, 1583441256, 2020-03-05 20:47:36, I07-W0167, 0, 0, 32.2675963143, -167.584428623 
16, 41481, 0.002, [1 100 255 127 127 0 385 7 130 128 80 85 128 128], 70.0, TPX, 1583441660, 2020-03-05 20:54:20, I07-W0167, 0, 0, 6.87865917967, -173.033990675 
17, 41482, 0.002, [1 100 255 127 127 0 385 7 130 128 80 85 128 128], 70.0, TPX, 1583441840, 2020-03-05 20:57:20, I07-W0167, 0, 0, -4.43378656328, -175.243392946 
18, 41483, 0.002, [1 100 255 127 127 0 385 7 130 128 80 85 128 128], 70.0, TPX, 1583442020, 2020-03-05 21:00:20, I07-W0167, 0, 0, -15.7354854305, -177.497696881 
19, 41488, 0.002, [1 100 255 127 127 0 385 7 130 128 80 85 128 128], 70.0, TPX, 1583443515, 2020-03-05 21:25:15, I07-W0167, 0, 0, -68.3750430172, 17.2655844081 
20, 41489, 0.002, [1 100 255 127 127 0 385 7 130 128 80 85 128 128], 70.0, TPX, 1583443695, 2020-03-05 21:28:15, I07-W0167, 0, 0, -57.455059517, 9.21675715633 
21, 41490, 0.002, [1 100 255 127 127 0 385 7 130 128 80 85 128 128], 70.0, TPX, 1583443875, 2020-03-05 21:31:15, I07-W0167, 0, 0, -46.3012820567, 4.57789160192 
22, 41491, 0.002, [1 100 255 127 127 0 385 7 130 128 80 85 128 128], 70.0, TPX, 1583444055, 2020-03-05 21:34:15, I07-W0167, 0, 0, -35.0512638158, 1.27132231996 
23, 41492, 0.002, [1 100 255 127 127 0 385 7 130 128 80 85 128 128], 70.0, TPX, 1583444235, 2020-03-05 21:37:15, I07-W0167, 0, 0, -23.7507960902, -1.40976555866 
24, 41494, 1.5, [1 100 255 127 127 0 385 7 130 128 80 85 128 128], 70.0, TPX, 1583444597, 2020-03-05 21:43:17, I07-W0167, 0, 0, -0.94580521583, -6.03862061706 
25, 41495, 1.5, [1 100 255 127 127 0 385 7 130 128 80 85 128 128], 70.0, TPX, 1583444777, 2020-03-05 21:46:17, I07-W0167, 0, 0, 10.4115322656, -8.26340020588 
26, 41497, 1.5, [1 100 255 127 127 0 385 7 130 128 80 85 128 128], 70.0, TPX, 1583445137, 2020-03-05 21:52:17, I07-W0167, 0, 0, 33.112473639, -13.218653783 
27, 41500, 0.002, [1 100 255 127 127 0 385 7 130 128 80 85 128 128], 70.0, TPX, 1583446276, 2020-03-05 22:11:16, I07-W0167, 0, 0, 72.4704107826, -169.14626066 
28, 41501, 0.002, [1 100 255 127 127 0 385 7 130 128 80 85 128 128], 70.0, TPX, 1583446456, 2020-03-05 22:14:16, I07-W0167, 0, 0, 61.6902822359, 179.897647771 
29, 41502, 0.002, [1 100 255 127 127 0 385 7 130 128 80 85 128 128], 70.0, TPX, 1583446816, 2020-03-05 22:20:16, I07-W0167, 0, 0, 39.3083568004, 170.634012465 
30, 41503, 1.5, [1 100 255 127 127 0 385 7 130 128 80 85 128 128], 70.0, TPX, 1583446998, 2020-03-05 22:23:18, I07-W0167, 0, 0, 27.8889788965, 167.73558071 
31, 41504, 1.5, [1 100 255 127 127 0 385 7 130 128 80 85 128 128], 70.0, TPX, 1583447178, 2020-03-05 22:26:18, I07-W0167, 0, 0, 16.577085972, 165.277969364 
32, 41505, 1.5, [1 100 255 127 127 0 385 7 130 128 80 85 128 128], 70.0, TPX, 1583447358, 2020-03-05 22:29:18, I07-W0167, 0, 0, 5.26117220046, 163.013461126 
33, 41506, 1.5, [1 100 255 127 127 0 385 7 130 128 80 85 128 128], 70.0, TPX, 1583447538, 2020-03-05 22:32:18, I07-W0167, 0, 0, -6.05010259195, 160.804810175 
34, 41507, 1.5, [1 100 255 127 127 0 385 7 130 128 80 85 128 128], 70.0, TPX, 1583447718, 2020-03-05 22:35:18, I07-W0167, 0, 0, -17.3496298859, 158.534086465 
35, 41508, 1.5, [1 100 255 127 127 0 385 7 130 128 80 85 128 128], 70.0, TPX, 1583447898, 2020-03-05 22:38:18, I07-W0167, 0, 0, -28.6292621194, 156.062159042 
36, 41514, 0.002, [1 100 255 127 127 0 385 7 130 128 80 85 128 128], 70.0, TPX, 1583449156, 2020-03-05 22:59:16, I07-W0167, 0, 0, -70.2201913005, -4.21676669394 
37, 41516, 0.002, [1 100 255 127 127 0 385 7 130 128 80 85 128 128], 70.0, TPX, 1583449516, 2020-03-05 23:05:16, I07-W0167, 0, 0, -48.2473532151, -18.3779729219 
38, 41517, 0.002, [1 100 255 127 127 0 385 7 130 128 80 85 128 128], 70.0, TPX, 1583449696, 2020-03-05 23:08:16, I07-W0167, 0, 0, -37.0094517299, -21.8468381707 
39, 41518, 0.002, [1 100 255 127 127 0 385 7 130 128 80 85 128 128], 70.0, TPX, 1583449876, 2020-03-05 23:11:16, I07-W0167, 0, 0, -25.7157834576, -24.6078123687 
40, 41520, 1.5, [1 100 255 127 127 0 385 7 130 128 80 85 128 128], 70.0, TPX, 1583450238, 2020-03-05 23:17:18, I07-W0167, 0, 0, -2.91728414438, -29.2896953083 
41, 41521, 1.5, [1 100 255 127 127 0 385 7 130 128 80 85 128 128], 70.0, TPX, 1583450418, 2020-03-05 23:20:18, I07-W0167, 0, 0, 8.43922208169, -31.5076114107 
42, 41522, 1.5, [1 100 255 127 127 0 385 7 130 128 80 85 128 128], 70.0, TPX, 1583450598, 2020-03-05 23:23:18, I07-W0167, 0, 0, 19.7969225237, -33.8166763877 
43, 41523, 1.5, [1 100 255 127 127 0 385 7 130 128 80 85 128 128], 70.0, TPX, 1583450778, 2020-03-05 23:26:18, I07-W0167, 0, 0, 31.144392196, -36.3694937406 
44, 41526, 0.002, [1 100 255 127 127 0 385 7 130 128 80 85 128 128], 70.0, TPX, 1583451316, 2020-03-05 23:35:16, I07-W0167, 0, 0, 64.6905589416, -49.9269650337 
45, 41529, 0.002, [1 100 255 127 127 0 385 7 130 128 80 85 128 128], 70.0, TPX, 1583452036, 2020-03-05 23:47:16, I07-W0167, 0, 0, 67.2928132037, 160.730115226 
46, 41530, 0.002, [1 100 255 127 127 0 385 7 130 128 80 85 128 128], 70.0, TPX, 1583452216, 2020-03-05 23:50:16, I07-W0167, 0, 0, 56.2854408482, 153.198206082 
47, 41531, 0.002, [1 100 255 127 127 0 385 7 130 128 80 85 128 128], 70.0, TPX, 1583452396, 2020-03-05 23:53:16, I07-W0167, 0, 0, 45.0823425919, 148.748856933 
48, 41533, 1.5, [1 100 255 127 127 0 385 7 130 128 80 85 128 128], 70.0, TPX, 1583452758, 2020-03-05 23:59:18, I07-W0167, 0, 0, 22.3766696049, 142.867859152 
49, 41534, 1.5, [1 100 255 127 127 0 385 7 130 128 80 85 128 128], 70.0, TPX, 1583452938, 2020-03-06 00:02:18, I07-W0167, 0, 0, 11.0616074726, 140.524516871 
50, 41535, 1.5, [1 100 255 127 127 0 385 7 130 128 80 85 128 128], 70.0, TPX, 1583453118, 2020-03-06 00:05:18, I07-W0167, 0, 0, -0.252898186033, 138.302219202 
51, 41536, 1.5, [1 100 255 127 127 0 385 7 130 128 80 85 128 128], 70.0, TPX, 1583453298, 2020-03-06 00:08:18, I07-W0167, 0, 0, -11.5592849375, 136.078391571 
52, 41537, 1.5, [1 100 255 127 127 0 385 7 130 128 80 85 128 128], 70.0, TPX, 1583453478, 2020-03-06 00:11:18, I07-W0167, 0, 0, -22.850278337, 133.730049591 
53, 41538, 1.5, [1 100 255 127 127 0 385 7 130 128 80 85 128 128], 70.0, TPX, 1583453658, 2020-03-06 00:14:18, I07-W0167, 0, 0, -34.116046994, 131.089580421 
54, 41540, 0.002, [1 100 255 127 127 0 385 7 130 128 80 85 128 128], 70.0, TPX, 1583454016, 2020-03-06 00:20:16, I07-W0167, 0, 0, -56.3547638532, 123.458387647 
55, 41544, 0.002, [1 100 255 127 127 0 385 7 130 128 80 85 128 128], 70.0, TPX, 1583454736, 2020-03-06 00:32:16, I07-W0167, 0, 0, -75.467169941, -18.6848823496 
56, 41545, 0.002, [1 100 255 127 127 0 385 7 130 128 80 85 128 128], 70.0, TPX, 1583454916, 2020-03-06 00:35:16, I07-W0167, 0, 0, -64.9922825482, -33.1638298314 
57, 41546, 0.002, [1 100 255 127 127 0 385 7 130 128 80 85 128 128], 70.0, TPX, 1583455096, 2020-03-06 00:38:16, I07-W0167, 0, 0, -53.9709083049, -39.7289564344 
58, 41547, 0.002, [1 100 255 127 127 0 385 7 130 128 80 85 128 128], 70.0, TPX, 1583455276, 2020-03-06 00:41:16, I07-W0167, 0, 0, -42.7787246908, -43.8270255396 
59, 41548, 0.002, [1 100 255 127 127 0 385 7 130 128 80 85 128 128], 70.0, TPX, 1583455456, 2020-03-06 00:44:16, I07-W0167, 0, 0, -31.5094897128, -46.8882172875 
60, 41549, 0.002, [1 100 255 127 127 0 385 7 130 128 80 85 128 128], 70.0, TPX, 1583455636, 2020-03-06 00:47:16, I07-W0167, 0, 0, -20.1978034015, -49.4471305842 
61, 41550, 0.002, [1 100 255 127 127 0 385 7 130 128 80 85 128 128], 70.0, TPX, 1583455816, 2020-03-06 00:50:16, I07-W0167, 0, 0, -8.86049107417, -51.7592008444 
62, 41551, 1.5, [1 100 255 127 127 0 385 7 130 128 80 85 128 128], 70.0, TPX, 1583455998, 2020-03-06 00:53:18, I07-W0167, 0, 0, 2.61798269366, -54.0022964392 
63, 41555, 0.002, [1 100 255 127 127 0 385 7 130 128 80 85 128 128], 70.0, TPX, 1583456896, 2020-03-06 01:08:16, I07-W0167, 0, 0, 59.0337143095, -69.7751430044 
64, 41563, 0.002, [1 100 255 127 127 0 385 7 130 128 80 85 128 128], 70.0, TPX, 1583459721, 2020-03-06 01:55:21, I07-W0167, 0, 0, -58.3648748653, 98.7796027828 
65, 41567, 0.002, [1 100 255 127 127 0 385 7 130 128 80 85 128 128], 70.0, TPX, 1583460441, 2020-03-06 02:07:21, I07-W0167, 0, 0, -73.6501415465, -46.1955643887 
66, 41568, 0.002, [1 100 255 127 127 0 385 7 130 128 80 85 128 128], 70.0, TPX, 1583460621, 2020-03-06 02:10:21, I07-W0167, 0, 0, -63.0095196135, -58.3121184842 
67, 41569, 0.002, [1 100 255 127 127 0 385 7 130 128 80 85 128 128], 70.0, TPX, 1583460801, 2020-03-06 02:13:21, I07-W0167, 0, 0, -51.9437491406, -64.229493852 
68, 41570, 0.002, [1 100 255 127 127 0 385 7 130 128 80 85 128 128], 70.0, TPX, 1583460981, 2020-03-06 02:16:21, I07-W0167, 0, 0, -40.733240129, -68.0742005051 
69, 41571, 0.002, [1 100 255 127 127 0 385 7 130 128 80 85 128 128], 70.0, TPX, 1583461161, 2020-03-06 02:19:21, I07-W0167, 0, 0, -29.4543882446, -71.0164137727 
70, 41572, 0.002, [1 100 255 127 127 0 385 7 130 128 80 85 128 128], 70.0, TPX, 1583461341, 2020-03-06 02:22:21, I07-W0167, 0, 0, -18.136966282, -73.5157917255 
71, 41574, 1.5, [1 100 255 127 127 0 385 7 130 128 80 85 128 128], 70.0, TPX, 1583461703, 2020-03-06 02:28:23, I07-W0167, 0, 0, 4.68416294209, -78.0404232199 
72, 41575, 1.5, [1 100 255 127 127 0 385 7 130 128 80 85 128 128], 70.0, TPX, 1583461883, 2020-03-06 02:31:23, I07-W0167, 0, 0, 16.0426509902, -80.3050407408 
73, 41576, 1.5, [1 100 255 127 127 0 385 7 130 128 80 85 128 128], 70.0, TPX, 1583462063, 2020-03-06 02:34:23, I07-W0167, 0, 0, 27.3951049931, -82.7561975581 
74, 41578, 0.002, [1 100 255 127 127 0 385 7 130 128 80 85 128 128], 70.0, TPX, 1583462421, 2020-03-06 02:40:21, I07-W0167, 0, 0, 49.8833337853, -89.2028033035 
75, 41579, 0.002, [1 100 255 127 127 0 385 7 130 128 80 85 128 128], 70.0, TPX, 1583462601, 2020-03-06 02:43:21, I07-W0167, 0, 0, 61.0509833598, -94.6143758425 
76, 41582, 0.002, [1 100 255 127 127 0 385 7 130 128 80 85 128 128], 70.0, TPX, 1583463141, 2020-03-06 02:52:21, I07-W0167, 0, 0, 80.3443211587, 145.633061238 
77, 41583, 0.002, [1 100 255 127 127 0 385 7 130 128 80 85 128 128], 70.0, TPX, 1583463321, 2020-03-06 02:55:21, I07-W0167, 0, 0, 70.8285767404, 117.516150391 
78, 41584, 0.002, [1 100 255 127 127 0 385 7 130 128 80 85 128 128], 70.0, TPX, 1583463501, 2020-03-06 02:58:21, I07-W0167, 0, 0, 59.9580779607, 107.911476909 
79, 41585, 1.5, [1 100 255 127 127 0 385 7 130 128 80 85 128 128], 70.0, TPX, 1583463683, 2020-03-06 03:01:23, I07-W0167, 0, 0, 48.6737106985, 102.717281971 
80, 41586, 1.5, [1 100 255 127 127 0 385 7 130 128 80 85 128 128], 70.0, TPX, 1583463863, 2020-03-06 03:04:23, I07-W0167, 0, 0, 37.4151513061, 99.2050757567 
81, 41587, 1.5, [1 100 255 127 127 0 385 7 130 128 80 85 128 128], 70.0, TPX, 1583464043, 2020-03-06 03:07:23, I07-W0167, 0, 0, 26.1172841751, 96.4254073309 
82, 41588, 1.5, [1 100 255 127 127 0 385 7 130 128 80 85 128 128], 70.0, TPX, 1583464223, 2020-03-06 03:10:23, I07-W0167, 0, 0, 14.8043052505, 94.0092893841 
83, 41590, 0.002, [1 100 255 127 127 0 385 7 130 128 80 85 128 128], 70.0, TPX, 1583465617, 2020-03-06 03:33:37, I07-W0167, 0, 0, -71.787583111, 63.2608432542 
84, 41591, 0.002, [1 100 255 127 127 0 385 7 130 128 80 85 128 128], 70.0, TPX, 1583465797, 2020-03-06 03:36:37, I07-W0167, 0, 0, -80.9430692016, 31.769501354 
85, 41592, 0.002, [1 100 255 127 127 0 385 7 130 128 80 85 128 128], 70.0, TPX, 1583465977, 2020-03-06 03:39:37, I07-W0167, 0, 0, -80.518292907, -44.9330517321 
86, 41593, 0.002, [1 100 255 127 127 0 385 7 130 128 80 85 128 128], 70.0, TPX, 1583466157, 2020-03-06 03:42:37, I07-W0167, 0, 0, -71.1422395176, -73.8914862808 
87, 41594, 0.002, [1 100 255 127 127 0 385 7 130 128 80 85 128 128], 70.0, TPX, 1583466337, 2020-03-06 03:45:37, I07-W0167, 0, 0, -60.3422214599, -83.7009971353 
88, 41595, 0.002, [1 100 255 127 127 0 385 7 130 128 80 85 128 128], 70.0, TPX, 1583466517, 2020-03-06 03:48:37, I07-W0167, 0, 0, -49.2286020968, -88.9241520759 
89, 41596, 0.002, [1 100 255 127 127 0 385 7 130 128 80 85 128 128], 70.0, TPX, 1583466697, 2020-03-06 03:51:37, I07-W0167, 0, 0, -37.9971004988, -92.483472935 
90, 41597, 0.002, [1 100 255 127 127 0 385 7 130 128 80 85 128 128], 70.0, TPX, 1583466877, 2020-03-06 03:54:37, I07-W0167, 0, 0, -26.7068541513, -95.2885701551 
91, 41603, 0.002, [1 100 255 127 127 0 385 7 130 128 80 85 128 128], 70.0, TPX, 1583467957, 2020-03-06 04:12:37, I07-W0167, 0, 0, 41.3488963053, -109.990443059 
92, 41604, 0.002, [1 100 255 127 127 0 385 7 130 128 80 85 128 128], 70.0, TPX, 1583468137, 2020-03-06 04:15:37, I07-W0167, 0, 0, 52.6122914716, -113.927965152 
93, 41607, 0.002, [1 100 255 127 127 0 385 7 130 128 80 85 128 128], 70.0, TPX, 1583468857, 2020-03-06 04:27:37, I07-W0167, 0, 0, 78.3426864114, 111.286396321 
94, 41608, 0.002, [1 100 255 127 127 0 385 7 130 128 80 85 128 128], 70.0, TPX, 1583469037, 2020-03-06 04:30:37, I07-W0167, 0, 0, 68.2378040262, 90.7847570773 
95, 41609, 0.002, [1 100 255 127 127 0 385 7 130 128 80 85 128 128], 70.0, TPX, 1583469217, 2020-03-06 04:33:37, I07-W0167, 0, 0, 57.2613246163, 82.7849799752 
96, 41610, 1.5, [1 100 255 127 127 0 385 7 130 128 80 85 128 128], 70.0, TPX, 1583469399, 2020-03-06 04:36:39, I07-W0167, 0, 0, 45.943731899, 78.1286146224 
97, 41611, 1.5, [1 100 255 127 127 0 385 7 130 128 80 85 128 128], 70.0, TPX, 1583469579, 2020-03-06 04:39:39, I07-W0167, 0, 0, 34.672335166, 74.8459437455 
98, 41612, 1.5, [1 100 255 127 127 0 385 7 130 128 80 85 128 128], 70.0, TPX, 1583469759, 2020-03-06 04:42:39, I07-W0167, 0, 0, 23.3692975818, 72.1790349127 
99, 41613, 1.5, [1 100 255 127 127 0 385 7 130 128 80 85 128 128], 70.0, TPX, 1583469939, 2020-03-06 04:45:39, I07-W0167, 0, 0, 12.0548809023, 69.8182278377 
100, 41614, 1.5, [1 100 255 127 127 0 385 7 130 128 80 85 128 128], 70.0, TPX, 1583470119, 2020-03-06 04:48:39, I07-W0167, 0, 0, 0.740212946663, 67.5905343194 
101, 41615, 0.002, [1 100 255 127 127 0 385 7 130 128 80 85 128 128], 70.0, TPX, 1583470993, 2020-03-06 05:03:13, I07-W0167, 0, 0, -53.9021282999, 53.7013480591 
102, 41616, 0.002, [1 100 255 127 127 0 385 7 130 128 80 85 128 128], 70.0, TPX, 1583471173, 2020-03-06 05:06:13, I07-W0167, 0, 0, -64.90461024, 47.1756692137 
103, 41617, 0.002, [1 100 255 127 127 0 385 7 130 128 80 85 128 128], 70.0, TPX, 1583471353, 2020-03-06 05:09:13, I07-W0167, 0, 0, -75.3762396326, 32.8435451858 
104, 41618, 0.002, [1 100 255 127 127 0 385 7 130 128 80 85 128 128], 70.0, TPX, 1583471533, 2020-03-06 05:12:13, I07-W0167, 0, 0, -82.560027695, -18.2007124375 
105, 41619, 0.002, [1 100 255 127 127 0 385 7 130 128 80 85 128 128], 70.0, TPX, 1583471713, 2020-03-06 05:15:13, I07-W0167, 0, 0, -77.5707999032, -83.4743031568 
106, 41620, 0.002, [1 100 255 127 127 0 385 7 130 128 80 85 128 128], 70.0, TPX, 1583471893, 2020-03-06 05:18:13, I07-W0167, 0, 0, -67.3815305309, -101.928798103 
107, 41621, 0.002, [1 100 255 127 127 0 385 7 130 128 80 85 128 128], 70.0, TPX, 1583472073, 2020-03-06 05:21:13, I07-W0167, 0, 0, -56.4271365376, -109.480965588 
108, 41622, 0.002, [1 100 255 127 127 0 385 7 130 128 80 85 128 128], 70.0, TPX, 1583472253, 2020-03-06 05:24:13, I07-W0167, 0, 0, -45.2604978311, -113.944323455 
109, 41626, 1.5, [1 100 255 127 127 0 385 7 130 128 80 85 128 128], 70.0, TPX, 1583472975, 2020-03-06 05:36:15, I07-W0167, 0, 0, 0.109560603193, -124.418999112 
110, 41627, 1.5, [1 100 255 127 127 0 385 7 130 128 80 85 128 128], 70.0, TPX, 1583473155, 2020-03-06 05:39:15, I07-W0167, 0, 0, 11.4675384215, -126.648960253 
111, 41629, 0.002, [1 100 255 127 127 0 385 7 130 128 80 85 128 128], 70.0, TPX, 1583473873, 2020-03-06 05:51:13, I07-W0167, 0, 0, 56.5742622274, -139.375487808 
112, 41630, 0.002, [1 100 255 127 127 0 385 7 130 128 80 85 128 128], 70.0, TPX, 1583474053, 2020-03-06 05:54:13, I07-W0167, 0, 0, 67.5914632252, -147.057947981 
113, 41633, 0.002, [1 100 255 127 127 0 385 7 130 128 80 85 128 128], 70.0, TPX, 1583474593, 2020-03-06 06:03:13, I07-W0167, 0, 0, 74.9781420568, 77.468756877 
114, 41634, 0.002, [1 100 255 127 127 0 385 7 130 128 80 85 128 128], 70.0, TPX, 1583474773, 2020-03-06 06:06:13, I07-W0167, 0, 0, 64.3938486939, 63.6590842639 
115, 41635, 0.002, [1 100 255 127 127 0 385 7 130 128 80 85 128 128], 70.0, TPX, 1583474953, 2020-03-06 06:09:13, I07-W0167, 0, 0, 53.3119487293, 57.2866475427 
116, 41636, 1.5, [1 100 255 127 127 0 385 7 130 128 80 85 128 128], 70.0, TPX, 1583475135, 2020-03-06 06:12:15, I07-W0167, 0, 0, 41.9580842923, 53.2304270065 
117, 41637, 1.5, [1 100 255 127 127 0 385 7 130 128 80 85 128 128], 70.0, TPX, 1583475315, 2020-03-06 06:15:15, I07-W0167, 0, 0, 30.6722485395, 50.2166231111 
118, 41638, 1.5, [1 100 255 127 127 0 385 7 130 128 80 85 128 128], 70.0, TPX, 1583475855, 2020-03-06 06:24:15, I07-W0167, 0, 0, -3.26460225183, 43.1747322287 
119, 41639, 0.002, [1 100 255 127 127 0 385 7 130 128 80 85 128 128], 70.0, TPX, 1583476626, 2020-03-06 06:37:06, I07-W0167, 0, 0, -51.4755772391, 31.0919158526 
120, 41640, 0.002, [1 100 255 127 127 0 385 7 130 128 80 85 128 128], 70.0, TPX, 1583476806, 2020-03-06 06:40:06, I07-W0167, 0, 0, -62.5280937299, 25.3209131463 
121, 41641, 0.002, [1 100 255 127 127 0 385 7 130 128 80 85 128 128], 70.0, TPX, 1583476986, 2020-03-06 06:43:06, I07-W0167, 0, 0, -73.1881885322, 13.7076108039 
122, 41642, 0.002, [1 100 255 127 127 0 385 7 130 128 80 85 128 128], 70.0, TPX, 1583477166, 2020-03-06 06:46:06, I07-W0167, 0, 0, -81.7557660901, -24.3724508801 
123, 41643, 0.002, [1 100 255 127 127 0 385 7 130 128 80 85 128 128], 70.0, TPX, 1583477346, 2020-03-06 06:49:06, I07-W0167, 0, 0, -79.470200379, -98.8729236574 
124, 41644, 0.002, [1 100 255 127 127 0 385 7 130 128 80 85 128 128], 70.0, TPX, 1583477526, 2020-03-06 06:52:06, I07-W0167, 0, 0, -69.7100239809, -123.02523071 
125, 41645, 0.002, [1 100 255 127 127 0 385 7 130 128 80 85 128 128], 70.0, TPX, 1583477706, 2020-03-06 06:55:06, I07-W0167, 0, 0, -58.8420113901, -131.844862739 
126, 41646, 0.002, [1 100 255 127 127 0 385 7 130 128 80 85 128 128], 70.0, TPX, 1583477886, 2020-03-06 06:58:06, I07-W0167, 0, 0, -47.7058763084, -136.746261128 
127, 41648, 1.5, [1 100 255 127 127 0 385 7 130 128 80 85 128 128], 70.0, TPX, 1583478248, 2020-03-06 07:04:08, I07-W0167, 0, 0, -25.0420245697, -142.933811459 
128, 41649, 1.5, [1 100 255 127 127 0 385 7 130 128 80 85 128 128], 70.0, TPX, 1583478428, 2020-03-06 07:07:08, I07-W0167, 0, 0, -13.7137972477, -145.329035857 
129, 41653, 0.002, [1 100 255 127 127 0 385 7 130 128 80 85 128 128], 70.0, TPX, 1583479146, 2020-03-06 07:19:06, I07-W0167, 0, 0, 31.5690113963, -154.647626865 
130, 41655, 0.002, [1 100 255 127 127 0 385 7 130 128 80 85 128 128], 70.0, TPX, 1583479506, 2020-03-06 07:25:06, I07-W0167, 0, 0, 54.1371482791, -161.859323081 
131, 41659, 0.002, [1 100 255 127 127 0 385 7 130 128 80 85 128 128], 70.0, TPX, 1583480406, 2020-03-06 07:40:06, I07-W0167, 0, 0, 66.7690947888, 42.0548100163 
132, 41663, 1.5, [1 100 255 127 127 0 385 7 130 128 80 85 128 128], 70.0, TPX, 1583481128, 2020-03-06 07:52:08, I07-W0167, 0, 0, 21.8313387639, 24.5747064418 
133, 41664, 1.5, [1 100 255 127 127 0 385 7 130 128 80 85 128 128], 70.0, TPX, 1583481308, 2020-03-06 07:55:08, I07-W0167, 0, 0, 10.5165148345, 22.2404995385 
134, 41665, 0.002, [1 100 255 127 127 0 385 7 130 128 80 85 128 128], 70.0, TPX, 1583482191, 2020-03-06 08:09:51, I07-W0167, 0, 0, -44.8201111391, 9.85622593332 
135, 41666, 0.002, [1 100 255 127 127 0 385 7 130 128 80 85 128 128], 70.0, TPX, 1583482371, 2020-03-06 08:12:51, I07-W0167, 0, 0, -55.9647327309, 5.47419683602 
136, 41667, 0.002, [1 100 255 127 127 0 385 7 130 128 80 85 128 128], 70.0, TPX, 1583482551, 2020-03-06 08:15:51, I07-W0167, 0, 0, -66.9139289502, -1.85516454225 
137, 41668, 0.002, [1 100 255 127 127 0 385 7 130 128 80 85 128 128], 70.0, TPX, 1583482731, 2020-03-06 08:18:51, I07-W0167, 0, 0, -77.1588916849, -19.3770981162 
138, 41670, 0.002, [1 100 255 127 127 0 385 7 130 128 80 85 128 128], 70.0, TPX, 1583483091, 2020-03-06 08:24:51, I07-W0167, 0, 0, -75.8098610221, -136.005854962 
139, 41671, 0.002, [1 100 255 127 127 0 385 7 130 128 80 85 128 128], 70.0, TPX, 1583483271, 2020-03-06 08:27:51, I07-W0167, 0, 0, -65.372655783, -151.02382902 
140, 41672, 0.002, [1 100 255 127 127 0 385 7 130 128 80 85 128 128], 70.0, TPX, 1583483451, 2020-03-06 08:30:51, I07-W0167, 0, 0, -54.3603212951, -157.729449199 
141, 41674, 1.5, [1 100 255 127 127 0 385 7 130 128 80 85 128 128], 70.0, TPX, 1583483813, 2020-03-06 08:36:53, I07-W0167, 0, 0, -31.7781005622, -164.9976584 
142, 41676, 1.5, [1 100 255 127 127 0 385 7 130 128 80 85 128 128], 70.0, TPX, 1583484173, 2020-03-06 08:42:53, I07-W0167, 0, 0, -9.12944855573, -169.880984109 
143, 41677, 1.5, [1 100 255 127 127 0 385 7 130 128 80 85 128 128], 70.0, TPX, 1583484353, 2020-03-06 08:45:53, I07-W0167, 0, 0, 2.22293244953, -172.100317475 
144, 41681, 0.002, [1 100 255 127 127 0 385 7 130 128 80 85 128 128], 70.0, TPX, 1583485071, 2020-03-06 08:57:51, I07-W0167, 0, 0, 47.4450518746, 177.146502215 
145, 41682, 0.002, [1 100 255 127 127 0 385 7 130 128 80 85 128 128], 70.0, TPX, 1583485251, 2020-03-06 09:00:51, I07-W0167, 0, 0, 58.6472895271, 172.265826619 
146, 41683, 0.002, [1 100 255 127 127 0 385 7 130 128 80 85 128 128], 70.0, TPX, 1583485431, 2020-03-06 09:03:51, I07-W0167, 0, 0, 69.5908303497, 163.486123877 
147, 41686, 0.002, [1 100 255 127 127 0 385 7 130 128 80 85 128 128], 70.0, TPX, 1583486725, 2020-03-06 09:25:25, I07-W0167, 0, 0, 26.553174895, 1.98432213878 
148, 41689, 0.002, [1 100 255 127 127 0 385 7 130 128 80 85 128 128], 70.0, TPX, 1583487265, 2020-03-06 09:34:25, I07-W0167, 0, 0, -7.3850421476, -4.90268587993 
149, 41691, 0.002, [1 100 255 127 127 0 385 7 130 128 80 85 128 128], 70.0, TPX, 1583487625, 2020-03-06 09:40:25, I07-W0167, 0, 0, -29.9593577903, -9.69662661056 
150, 41692, 0.002, [1 100 255 127 127 0 385 7 130 128 80 85 128 128], 70.0, TPX, 1583487805, 2020-03-06 09:43:25, I07-W0167, 0, 0, -41.2012037098, -12.6586713324 
151, 41693, 0.002, [1 100 255 127 127 0 385 7 130 128 80 85 128 128], 70.0, TPX, 1583487985, 2020-03-06 09:46:25, I07-W0167, 0, 0, -52.3789927001, -16.5478681302 
152, 41694, 0.002, [1 100 255 127 127 0 385 7 130 128 80 85 128 128], 70.0, TPX, 1583488165, 2020-03-06 09:49:25, I07-W0167, 0, 0, -63.4144815294, -22.5793298553 
153, 41695, 0.002, [1 100 255 127 127 0 385 7 130 128 80 85 128 128], 70.0, TPX, 1583488345, 2020-03-06 09:52:25, I07-W0167, 0, 0, -74.0123533083, -35.1003694609 
154, 41696, 0.002, [1 100 255 127 127 0 385 7 130 128 80 85 128 128], 70.0, TPX, 1583488525, 2020-03-06 09:55:25, I07-W0167, 0, 0, -82.1363647212, -77.7173211212 
155, 41698, 0.002, [1 100 255 127 127 0 385 7 130 128 80 85 128 128], 70.0, TPX, 1583489065, 2020-03-06 10:04:25, I07-W0167, 0, 0, -57.9438824955, -179.605506919 
156, 41701, 1.5, [1 100 255 127 127 0 385 7 130 128 80 85 128 128], 70.0, TPX, 1583489607, 2020-03-06 10:13:27, I07-W0167, 0, 0, -24.1228330792, 169.592490579 
157, 41702, 1.5, [1 100 255 127 127 0 385 7 130 128 80 85 128 128], 70.0, TPX, 1583489787, 2020-03-06 10:16:27, I07-W0167, 0, 0, -12.7927248939, 167.215420823 
158, 41703, 1.5, [1 100 255 127 127 0 385 7 130 128 80 85 128 128], 70.0, TPX, 1583489967, 2020-03-06 10:19:27, I07-W0167, 0, 0, -1.44439472447, 164.978834399 
159, 41704, 1.5, [1 100 255 127 127 0 385 7 130 128 80 85 128 128], 70.0, TPX, 1583490147, 2020-03-06 10:22:27, I07-W0167, 0, 0, 9.91295919211, 162.756140579 
160, 41705, 1.5, [1 100 255 127 127 0 385 7 130 128 80 85 128 128], 70.0, TPX, 1583490327, 2020-03-06 10:25:27, I07-W0167, 0, 0, 21.2701004123, 160.425352185 
161, 41708, 0.002, [1 100 255 127 127 0 385 7 130 128 80 85 128 128], 70.0, TPX, 1583490865, 2020-03-06 10:34:25, I07-W0167, 0, 0, 55.0449623819, 150.457073584 
162, 41709, 0.002, [1 100 255 127 127 0 385 7 130 128 80 85 128 128], 70.0, TPX, 1583491045, 2020-03-06 10:37:25, I07-W0167, 0, 0, 66.106081496, 143.437005156 
163, 41713, 0.002, [1 100 255 127 127 0 385 7 130 128 80 85 128 128], 70.0, TPX, 1583491765, 2020-03-06 10:49:25, I07-W0167, 0, 0, 65.8887721974, -6.01062111034 
164, 41714, 1.5, [1 100 255 127 127 0 385 7 130 128 80 85 128 128], 70.0, TPX, 1583492127, 2020-03-06 10:55:27, I07-W0167, 0, 0, 43.5014031011, -17.2013908752 
165, 41715, 1.5, [1 100 255 127 127 0 385 7 130 128 80 85 128 128], 70.0, TPX, 1583492307, 2020-03-06 10:58:27, I07-W0167, 0, 0, 32.2207275562, -20.3111094096 
166, 41716, 1.5, [1 100 255 127 127 0 385 7 130 128 80 85 128 128], 70.0, TPX, 1583492487, 2020-03-06 11:01:27, I07-W0167, 0, 0, 20.9140597264, -22.8919851796 
167, 41717, 1.5, [1 100 255 127 127 0 385 7 130 128 80 85 128 128], 70.0, TPX, 1583492667, 2020-03-06 11:04:27, I07-W0167, 0, 0, 9.59886952807, -25.2117086667 
168, 41718, 1.5, [1 100 255 127 127 0 385 7 130 128 80 85 128 128], 70.0, TPX, 1583492847, 2020-03-06 11:07:27, I07-W0167, 0, 0, -1.71478889363, -27.4276064483 
169, 41724, 0.002, [1 100 255 127 127 0 385 7 130 128 80 85 128 128], 70.0, TPX, 1583525826, 2020-03-06 20:17:06, I07-W0167, 0, 0, 64.2207853608, -149.190606247 
170, 41725, 0.002, [1 100 255 127 127 0 385 7 130 128 80 85 128 128], 70.0, TPX, 1583526006, 2020-03-06 20:20:06, I07-W0167, 0, 0, 53.1358869431, -155.504159908 
171, 41728, 1.5, [1 100 255 127 127 0 385 7 130 128 80 85 128 128], 70.0, TPX, 1583526548, 2020-03-06 20:29:08, I07-W0167, 0, 0, 19.1873793667, -165.068282556 
172, 41729, 1.5, [1 100 255 127 127 0 385 7 130 128 80 85 128 128], 70.0, TPX, 1583526728, 2020-03-06 20:32:08, I07-W0167, 0, 0, 7.87234370141, -167.363417362 
173, 41730, 1.5, [1 100 255 127 127 0 385 7 130 128 80 85 128 128], 70.0, TPX, 1583526908, 2020-03-06 20:35:08, I07-W0167, 0, 0, -3.44003523375, -169.574322275 
174, 41731, 1.5, [1 100 255 127 127 0 385 7 130 128 80 85 128 128], 70.0, TPX, 1583527088, 2020-03-06 20:38:08, I07-W0167, 0, 0, -14.7425500951, -171.819733304 
175, 41732, 1.5, [1 100 255 127 127 0 385 7 130 128 80 85 128 128], 70.0, TPX, 1583527268, 2020-03-06 20:41:08, I07-W0167, 0, 0, -26.0275576875, -174.229970458 
176, 41735, 0.002, [1 100 255 127 127 0 385 7 130 128 80 85 128 128], 70.0, TPX, 1583527806, 2020-03-06 20:50:06, I07-W0167, 0, 0, -59.4675815859, 174.540648443 
177, 41736, 0.002, [1 100 255 127 127 0 385 7 130 128 80 85 128 128], 70.0, TPX, 1583527986, 2020-03-06 20:53:06, I07-W0167, 0, 0, -70.2927962114, 165.349850274 
178, 41739, 0.002, [1 100 255 127 127 0 385 7 130 128 80 85 128 128], 70.0, TPX, 1583528526, 2020-03-06 21:02:06, I07-W0167, 0, 0, -72.6236733974, 28.3756589031 
179, 41741, 0.002, [1 100 255 127 127 0 385 7 130 128 80 85 128 128], 70.0, TPX, 1583528886, 2020-03-06 21:08:06, I07-W0167, 0, 0, -50.8210265507, 11.6998988957 
180, 41742, 0.002, [1 100 255 127 127 0 385 7 130 128 80 85 128 128], 70.0, TPX, 1583529066, 2020-03-06 21:11:06, I07-W0167, 0, 0, -39.6003508025, 7.97983551101 
181, 41743, 0.002, [1 100 255 127 127 0 385 7 130 128 80 85 128 128], 70.0, TPX, 1583529246, 2020-03-06 21:14:06, I07-W0167, 0, 0, -28.3156386158, 5.09713282784 
182, 41744, 0.002, [1 100 255 127 127 0 385 7 130 128 80 85 128 128], 70.0, TPX, 1583529426, 2020-03-06 21:17:06, I07-W0167, 0, 0, -16.9944327283, 2.6275026967 
183, 41745, 1.5, [1 100 255 127 127 0 385 7 130 128 80 85 128 128], 70.0, TPX, 1583529608, 2020-03-06 21:20:08, I07-W0167, 0, 0, -5.52503991042, 0.330352024283 
184, 41747, 1.5, [1 100 255 127 127 0 385 7 130 128 80 85 128 128], 70.0, TPX, 1583529968, 2020-03-06 21:26:08, I07-W0167, 0, 0, 17.1891904498, -4.16052478189 
185, 41749, 1.5, [1 100 255 127 127 0 385 7 130 128 80 85 128 128], 70.0, TPX, 1583530331, 2020-03-06 21:32:11, I07-W0167, 0, 0, 40.0565391371, -9.59792866952 
186, 41755, 0.002, [1 100 255 127 127 0 385 7 130 128 80 85 128 128], 70.0, TPX, 1583531406, 2020-03-06 21:50:06, I07-W0167, 0, 0, 69.7628213432, -167.471402653 
187, 41756, 0.002, [1 100 255 127 127 0 385 7 130 128 80 85 128 128], 70.0, TPX, 1583531586, 2020-03-06 21:53:06, I07-W0167, 0, 0, 58.8451805979, -176.349569403 
188, 41757, 0.002, [1 100 255 127 127 0 385 7 130 128 80 85 128 128], 70.0, TPX, 1583531766, 2020-03-06 21:56:06, I07-W0167, 0, 0, 47.6718995323, 178.737854329 
189, 41759, 1.5, [1 100 255 127 127 0 385 7 130 128 80 85 128 128], 70.0, TPX, 1583532128, 2020-03-06 22:02:08, I07-W0167, 0, 0, 24.9845707259, 172.551164602 
190, 41760, 1.5, [1 100 255 127 127 0 385 7 130 128 80 85 128 128], 70.0, TPX, 1583532308, 2020-03-06 22:05:08, I07-W0167, 0, 0, 13.6716353438, 170.159259676 
191, 41762, 1.5, [1 100 255 127 127 0 385 7 130 128 80 85 128 128], 70.0, TPX, 1583532668, 2020-03-06 22:11:08, I07-W0167, 0, 0, -8.95139406182, 165.707738526 
192, 41763, 1.5, [1 100 255 127 127 0 385 7 130 128 80 85 128 128], 70.0, TPX, 1583532848, 2020-03-06 22:14:08, I07-W0167, 0, 0, -20.2464275182, 163.400582587 
193, 41764, 1.5, [1 100 255 127 127 0 385 7 130 128 80 85 128 128], 70.0, TPX, 1583533028, 2020-03-06 22:17:08, I07-W0167, 0, 0, -31.5192022418, 160.847102706 
194, 41765, 0.002, [1 100 255 127 127 0 385 7 130 128 80 85 128 128], 70.0, TPX, 1583533206, 2020-03-06 22:20:06, I07-W0167, 0, 0, -42.630010982, 157.831669811 
195, 41767, 0.002, [1 100 255 127 127 0 385 7 130 128 80 85 128 128], 70.0, TPX, 1583533566, 2020-03-06 22:26:06, I07-W0167, 0, 0, -64.8015904968, 147.274697204 
196, 41769, 0.002, [1 100 255 127 127 0 385 7 130 128 80 85 128 128], 70.0, TPX, 1583533926, 2020-03-06 22:32:06, I07-W0167, 0, 0, -82.540821203, 82.6286847565 
197, 41770, 0.002, [1 100 255 127 127 0 385 7 130 128 80 85 128 128], 70.0, TPX, 1583534106, 2020-03-06 22:35:06, I07-W0167, 0, 0, -77.6557196451, 16.8393703587 
198, 41772, 0.002, [1 100 255 127 127 0 385 7 130 128 80 85 128 128], 70.0, TPX, 1583534466, 2020-03-06 22:41:06, I07-W0167, 0, 0, -56.5278579222, -9.41568300078 
199, 41773, 0.002, [1 100 255 127 127 0 385 7 130 128 80 85 128 128], 70.0, TPX, 1583534646, 2020-03-06 22:44:06, I07-W0167, 0, 0, -45.3613660647, -13.8957671476 
200, 41774, 0.002, [1 100 255 127 127 0 385 7 130 128 80 85 128 128], 70.0, TPX, 1583534826, 2020-03-06 22:47:06, I07-W0167, 0, 0, -34.1044390876, -17.1314343702 
201, 41775, 0.002, [1 100 255 127 127 0 385 7 130 128 80 85 128 128], 70.0, TPX, 1583535006, 2020-03-06 22:50:06, I07-W0167, 0, 0, -22.7995180786, -19.7773557392 
202, 41777, 1.5, [1 100 255 127 127 0 385 7 130 128 80 85 128 128], 70.0, TPX, 1583535368, 2020-03-06 22:56:08, I07-W0167, 0, 0, 0.0105119137616, -24.3839324281 
203, 41778, 1.5, [1 100 255 127 127 0 385 7 130 128 80 85 128 128], 70.0, TPX, 1583535548, 2020-03-06 22:59:08, I07-W0167, 0, 0, 11.3687986456, -26.6133761824 
204, 41780, 1.5, [1 100 255 127 127 0 385 7 130 128 80 85 128 128], 70.0, TPX, 1583535908, 2020-03-06 23:05:08, I07-W0167, 0, 0, 34.0677097453, -31.6184858715 
205, 41786, 1.5, [1 100 255 127 127 0 385 7 130 128 80 85 128 128], 70.0, TPX, 1583537745, 2020-03-06 23:35:45, I07-W0167, 0, 0, 28.4550205786, 149.706913907 
206, 41787, 1.5, [1 100 255 127 127 0 385 7 130 128 80 85 128 128], 70.0, TPX, 1583537925, 2020-03-06 23:38:45, I07-W0167, 0, 0, 17.1447856825, 147.235246032 
207, 41788, 1.5, [1 100 255 127 127 0 385 7 130 128 80 85 128 128], 70.0, TPX, 1583538105, 2020-03-06 23:41:45, I07-W0167, 0, 0, 5.8297850219, 144.96482285 
208, 41789, 1.5, [1 100 255 127 127 0 385 7 130 128 80 85 128 128], 70.0, TPX, 1583538285, 2020-03-06 23:44:45, I07-W0167, 0, 0, -5.48121101341, 142.756308503 
209, 41790, 1.5, [1 100 255 127 127 0 385 7 130 128 80 85 128 128], 70.0, TPX, 1583538465, 2020-03-06 23:47:45, I07-W0167, 0, 0, -16.7811088451, 140.491772944 
210, 41791, 1.5, [1 100 255 127 127 0 385 7 130 128 80 85 128 128], 70.0, TPX, 1583538645, 2020-03-06 23:50:45, I07-W0167, 0, 0, -28.0618953806, 138.034257221 
211, 41794, 0.002, [1 100 255 127 127 0 385 7 130 128 80 85 128 128], 70.0, TPX, 1583539772, 2020-03-07 00:09:32, I07-W0167, 0, 0, -77.9707962715, -5.63851112375 
212, 41796, 0.002, [1 100 255 127 127 0 385 7 130 128 80 85 128 128], 70.0, TPX, 1583540132, 2020-03-07 00:15:32, I07-W0167, 0, 0, -56.9126673649, -32.8571304321 
213, 41797, 0.002, [1 100 255 127 127 0 385 7 130 128 80 85 128 128], 70.0, TPX, 1583540312, 2020-03-07 00:18:32, I07-W0167, 0, 0, -45.7505980549, -37.4017948712 
214, 41798, 0.002, [1 100 255 127 127 0 385 7 130 128 80 85 128 128], 70.0, TPX, 1583540492, 2020-03-07 00:21:32, I07-W0167, 0, 0, -34.4957781911, -40.6663964827 
215, 41799, 0.002, [1 100 255 127 127 0 385 7 130 128 80 85 128 128], 70.0, TPX, 1583540672, 2020-03-07 00:24:32, I07-W0167, 0, 0, -23.1920285596, -43.326680032 
216, 41801, 1.5, [1 100 255 127 127 0 385 7 130 128 80 85 128 128], 70.0, TPX, 1583541034, 2020-03-07 00:30:34, I07-W0167, 0, 0, -0.383048347786, -47.9422964763 
217, 41802, 1.5, [1 100 255 127 127 0 385 7 130 128 80 85 128 128], 70.0, TPX, 1583541214, 2020-03-07 00:33:34, I07-W0167, 0, 0, 10.9751697211, -50.1697406926 
218, 41803, 1.5, [1 100 255 127 127 0 385 7 130 128 80 85 128 128], 70.0, TPX, 1583541394, 2020-03-07 00:36:34, I07-W0167, 0, 0, 22.3320428564, -52.5178606912 
219, 41806, 0.002, [1 100 255 127 127 0 385 7 130 128 80 85 128 128], 70.0, TPX, 1583541932, 2020-03-07 00:45:32, I07-W0167, 0, 0, 56.0898583814, -62.755313633 
220, 41810, 0.002, [1 100 255 127 127 0 385 7 130 128 80 85 128 128], 70.0, TPX, 1583542652, 2020-03-07 00:57:32, I07-W0167, 0, 0, 75.4122415597, 154.859417371 
221, 41811, 0.002, [1 100 255 127 127 0 385 7 130 128 80 85 128 128], 70.0, TPX, 1583542832, 2020-03-07 01:00:32, I07-W0167, 0, 0, 64.8728088792, 140.42049309 
222, 41812, 0.002, [1 100 255 127 127 0 385 7 130 128 80 85 128 128], 70.0, TPX, 1583543012, 2020-03-07 01:03:32, I07-W0167, 0, 0, 53.8027080664, 133.88128364 
223, 41813, 1.5, [1 100 255 127 127 0 385 7 130 128 80 85 128 128], 70.0, TPX, 1583543374, 2020-03-07 01:09:34, I07-W0167, 0, 0, 31.1704561979, 126.717152862 
224, 41814, 1.5, [1 100 255 127 127 0 385 7 130 128 80 85 128 128], 70.0, TPX, 1583543554, 2020-03-07 01:12:34, I07-W0167, 0, 0, 19.8632436605, 124.16943766 
225, 41815, 1.5, [1 100 255 127 127 0 385 7 130 128 80 85 128 128], 70.0, TPX, 1583543734, 2020-03-07 01:15:34, I07-W0167, 0, 0, 8.54854096689, 121.86513674 
226, 41816, 1.5, [1 100 255 127 127 0 385 7 130 128 80 85 128 128], 70.0, TPX, 1583543914, 2020-03-07 01:18:34, I07-W0167, 0, 0, -2.76402323716, 119.652647223 
227, 41817, 1.5, [1 100 255 127 127 0 385 7 130 128 80 85 128 128], 70.0, TPX, 1583544094, 2020-03-07 01:21:34, I07-W0167, 0, 0, -14.0671972118, 117.412673025 
228, 41821, 0.002, [1 100 255 127 127 0 385 7 130 128 80 85 128 128], 70.0, TPX, 1583545508, 2020-03-07 01:45:08, I07-W0167, 0, 0, -74.5841494248, -38.8529641828 
229, 41822, 0.002, [1 100 255 127 127 0 385 7 130 128 80 85 128 128], 70.0, TPX, 1583545688, 2020-03-07 01:48:08, I07-W0167, 0, 0, -64.0203193087, -52.0913358682 
230, 41823, 0.002, [1 100 255 127 127 0 385 7 130 128 80 85 128 128], 70.0, TPX, 1583545868, 2020-03-07 01:51:08, I07-W0167, 0, 0, -52.9745510447, -58.3228965227 
231, 41824, 0.002, [1 100 255 127 127 0 385 7 130 128 80 85 128 128], 70.0, TPX, 1583546048, 2020-03-07 01:54:08, I07-W0167, 0, 0, -41.7715620714, -62.2918579771 
232, 41825, 0.002, [1 100 255 127 127 0 385 7 130 128 80 85 128 128], 70.0, TPX, 1583546228, 2020-03-07 01:57:08, I07-W0167, 0, 0, -30.4960877155, -65.2927220792 
233, 41826, 0.002, [1 100 255 127 127 0 385 7 130 128 80 85 128 128], 70.0, TPX, 1583546408, 2020-03-07 02:00:08, I07-W0167, 0, 0, -19.1802896304, -67.8214425247 
234, 41828, 1.5, [1 100 255 127 127 0 385 7 130 128 80 85 128 128], 70.0, TPX, 1583546770, 2020-03-07 02:06:10, I07-W0167, 0, 0, 3.63999948041, -72.3605950012 
235, 41829, 1.5, [1 100 255 127 127 0 385 7 130 128 80 85 128 128], 70.0, TPX, 1583546950, 2020-03-07 02:09:10, I07-W0167, 0, 0, 14.9989451512, -74.6155136535 
236, 41833, 0.002, [1 100 255 127 127 0 385 7 130 128 80 85 128 128], 70.0, TPX, 1583547668, 2020-03-07 02:21:08, I07-W0167, 0, 0, 60.0321650226, -88.5129610276 
237, 41836, 0.002, [1 100 255 127 127 0 385 7 130 128 80 85 128 128], 70.0, TPX, 1583548388, 2020-03-07 02:33:08, I07-W0167, 0, 0, 71.7994676402, 124.375695713 
238, 41837, 0.002, [1 100 255 127 127 0 385 7 130 128 80 85 128 128], 70.0, TPX, 1583548568, 2020-03-07 02:36:08, I07-W0167, 0, 0, 60.9811719963, 114.011901347 
239, 41838, 1.5, [1 100 255 127 127 0 385 7 130 128 80 85 128 128], 70.0, TPX, 1583548750, 2020-03-07 02:39:10, I07-W0167, 0, 0, 49.713227924, 108.578328769 
240, 41839, 1.5, [1 100 255 127 127 0 385 7 130 128 80 85 128 128], 70.0, TPX, 1583548930, 2020-03-07 02:42:10, I07-W0167, 0, 0, 38.4617070416, 104.967159944 
241, 41840, 1.5, [1 100 255 127 127 0 385 7 130 128 80 85 128 128], 70.0, TPX, 1583549110, 2020-03-07 02:45:10, I07-W0167, 0, 0, 27.1673984391, 102.139482118 
242, 41841, 1.5, [1 100 255 127 127 0 385 7 130 128 80 85 128 128], 70.0, TPX, 1583549290, 2020-03-07 02:48:10, I07-W0167, 0, 0, 15.856224392, 99.6995746224 
243, 41842, 1.5, [1 100 255 127 127 0 385 7 130 128 80 85 128 128], 70.0, TPX, 1583549470, 2020-03-07 02:51:10, I07-W0167, 0, 0, 4.541436321, 97.4424703095 
244, 41843, 1.5, [1 100 255 127 127 0 385 7 130 128 80 85 128 128], 70.0, TPX, 1583549650, 2020-03-07 02:54:10, I07-W0167, 0, 0, -6.76853945479, 95.2335393209 
245, 41844, 0.002, [1 100 255 127 127 0 385 7 130 128 80 85 128 128], 70.0, TPX, 1583550537, 2020-03-07 03:08:57, I07-W0167, 0, 0, -62.0203033162, 78.4123748314 
246, 41845, 0.002, [1 100 255 127 127 0 385 7 130 128 80 85 128 128], 70.0, TPX, 1583551077, 2020-03-07 03:17:57, I07-W0167, 0, 0, -79.8403761414, -44.0178746854 
247, 41847, 0.002, [1 100 255 127 127 0 385 7 130 128 80 85 128 128], 70.0, TPX, 1583551437, 2020-03-07 03:23:57, I07-W0167, 0, 0, -59.3493168604, -78.8131635017 
248, 41848, 0.002, [1 100 255 127 127 0 385 7 130 128 80 85 128 128], 70.0, TPX, 1583551617, 2020-03-07 03:26:57, I07-W0167, 0, 0, -48.2193050433, -83.8186608041 
249, 41855, 0.002, [1 100 255 127 127 0 385 7 130 128 80 85 128 128], 70.0, TPX, 1583553057, 2020-03-07 03:50:57, I07-W0167, 0, 0, 42.3711365672, -104.821014386 
250, 41856, 0.002, [1 100 255 127 127 0 385 7 130 128 80 85 128 128], 70.0, TPX, 1583553237, 2020-03-07 03:53:57, I07-W0167, 0, 0, 53.6255739405, -108.886889395 
251, 41857, 0.002, [1 100 255 127 127 0 385 7 130 128 80 85 128 128], 70.0, TPX, 1583553417, 2020-03-07 03:56:57, I07-W0167, 0, 0, 64.7209806042, -115.380008728 
252, 41860, 0.002, [1 100 255 127 127 0 385 7 130 128 80 85 128 128], 70.0, TPX, 1583554137, 2020-03-07 04:08:57, I07-W0167, 0, 0, 67.2687641077, 95.2751693239 
253, 41861, 0.002, [1 100 255 127 127 0 385 7 130 128 80 85 128 128], 70.0, TPX, 1583554317, 2020-03-07 04:11:57, I07-W0167, 0, 0, 56.2621977145, 87.7556501431 
254, 41862, 1.5, [1 100 255 127 127 0 385 7 130 128 80 85 128 128], 70.0, TPX, 1583554499, 2020-03-07 04:14:59, I07-W0167, 0, 0, 44.9353876568, 83.2699985383 
255, 41863, 1.5, [1 100 255 127 127 0 385 7 130 128 80 85 128 128], 70.0, TPX, 1583554679, 2020-03-07 04:17:59, I07-W0167, 0, 0, 33.6609480746, 80.0624187611 
256, 41864, 1.5, [1 100 255 127 127 0 385 7 130 128 80 85 128 128], 70.0, TPX, 1583554859, 2020-03-07 04:20:59, I07-W0167, 0, 0, 22.3571659997, 77.4328095914 
257, 41865, 1.5, [1 100 255 127 127 0 385 7 130 128 80 85 128 128], 70.0, TPX, 1583555039, 2020-03-07 04:23:59, I07-W0167, 0, 0, 11.0430438722, 75.0900342158 
258, 41866, 1.5, [1 100 255 127 127 0 385 7 130 128 80 85 128 128], 70.0, TPX, 1583555219, 2020-03-07 04:26:59, I07-W0167, 0, 0, -0.270793361698, 72.8680165847 
259, 41868, 0.002, [1 100 255 127 127 0 385 7 130 128 80 85 128 128], 70.0, TPX, 1583556242, 2020-03-07 04:44:02, I07-W0167, 0, 0, -64.0065564775, 53.3580320156 
260, 41869, 0.002, [1 100 255 127 127 0 385 7 130 128 80 85 128 128], 70.0, TPX, 1583556422, 2020-03-07 04:47:02, I07-W0167, 0, 0, -74.55870014, 40.1629193334 
261, 41871, 0.002, [1 100 255 127 127 0 385 7 130 128 80 85 128 128], 70.0, TPX, 1583556782, 2020-03-07 04:53:02, I07-W0167, 0, 0, -78.3132619564, -75.1984771292 
262, 41872, 0.002, [1 100 255 127 127 0 385 7 130 128 80 85 128 128], 70.0, TPX, 1583556962, 2020-03-07 04:56:02, I07-W0167, 0, 0, -68.2630279148, -95.555357344 
263, 41873, 0.002, [1 100 255 127 127 0 385 7 130 128 80 85 128 128], 70.0, TPX, 1583557142, 2020-03-07 04:59:02, I07-W0167, 0, 0, -57.3371021501, -103.545490219 
264, 41875, 0.002, [1 100 255 127 127 0 385 7 130 128 80 85 128 128], 70.0, TPX, 1583557502, 2020-03-07 05:05:02, I07-W0167, 0, 0, -34.9275827504, -111.460941806 
265, 41879, 1.5, [1 100 255 127 127 0 385 7 130 128 80 85 128 128], 70.0, TPX, 1583558224, 2020-03-07 05:17:04, I07-W0167, 0, 0, 10.5402796239, -120.988550262 
266, 41880, 1.5, [1 100 255 127 127 0 385 7 130 128 80 85 128 128], 70.0, TPX, 1583558404, 2020-03-07 05:20:04, I07-W0167, 0, 0, 21.8972244762, -123.329338053 
267, 41882, 0.002, [1 100 255 127 127 0 385 7 130 128 80 85 128 128], 70.0, TPX, 1583558762, 2020-03-07 05:26:02, I07-W0167, 0, 0, 44.4257872429, -129.096572202 
268, 41884, 0.002, [1 100 255 127 127 0 385 7 130 128 80 85 128 128], 70.0, TPX, 1583559122, 2020-03-07 05:32:02, I07-W0167, 0, 0, 66.7049251616, -140.726485565 
269, 41886, 0.002, [1 100 255 127 127 0 385 7 130 128 80 85 128 128], 70.0, TPX, 1583559662, 2020-03-07 05:41:02, I07-W0167, 0, 0, 75.7907979642, 84.8903926168 
270, 41887, 0.002, [1 100 255 127 127 0 385 7 130 128 80 85 128 128], 70.0, TPX, 1583559842, 2020-03-07 05:44:02, I07-W0167, 0, 0, 65.2929747962, 69.8596324444 
271, 41888, 0.002, [1 100 255 127 127 0 385 7 130 128 80 85 128 128], 70.0, TPX, 1583560022, 2020-03-07 05:47:02, I07-W0167, 0, 0, 54.2329485123, 63.1668188701 
272, 41889, 1.5, [1 100 255 127 127 0 385 7 130 128 80 85 128 128], 70.0, TPX, 1583560204, 2020-03-07 05:50:04, I07-W0167, 0, 0, 42.8876798684, 58.9873441552 
273, 41890, 1.5, [1 100 255 127 127 0 385 7 130 128 80 85 128 128], 70.0, TPX, 1583560384, 2020-03-07 05:53:04, I07-W0167, 0, 0, 31.6058807574, 55.9172014445 
274, 41891, 1.5, [1 100 255 127 127 0 385 7 130 128 80 85 128 128], 70.0, TPX, 1583560564, 2020-03-07 05:56:04, I07-W0167, 0, 0, 20.2992487861, 53.3561298079 
275, 41892, 1.5, [1 100 255 127 127 0 385 7 130 128 80 85 128 128], 70.0, TPX, 1583560744, 2020-03-07 05:59:04, I07-W0167, 0, 0, 8.98460073402, 51.0456851328 
276, 41893, 1.5, [1 100 255 127 127 0 385 7 130 128 80 85 128 128], 70.0, TPX, 1583560924, 2020-03-07 06:02:04, I07-W0167, 0, 0, -2.32827360331, 48.831979842 
277, 41894, 1.5, [1 100 255 127 127 0 385 7 130 128 80 85 128 128], 70.0, TPX, 1583561104, 2020-03-07 06:05:04, I07-W0167, 0, 0, -13.6320808645, 46.5952943796 
278, 41896, 0.002, [1 100 255 127 127 0 385 7 130 128 80 85 128 128], 70.0, TPX, 1583562058, 2020-03-07 06:20:58, I07-W0167, 0, 0, -72.5129833517, 20.3318561092 
279, 41897, 0.002, [1 100 255 127 127 0 385 7 130 128 80 85 128 128], 70.0, TPX, 1583562238, 2020-03-07 06:23:58, I07-W0167, 0, 0, -81.3881516487, -14.4017987876 
280, 41899, 0.002, [1 100 255 127 127 0 385 7 130 128 80 85 128 128], 70.0, TPX, 1583562755, 2020-03-07 06:32:35, I07-W0167, 0, 0, -60.971445807, -125.108096898 
281, 41900, 0.002, [1 100 255 127 127 0 385 7 130 128 80 85 128 128], 70.0, TPX, 1583562935, 2020-03-07 06:35:35, I07-W0167, 0, 0, -49.8665212746, -130.479863094 
282, 41902, 1.5, [1 100 255 127 127 0 385 7 130 128 80 85 128 128], 70.0, TPX, 1583563297, 2020-03-07 06:41:37, I07-W0167, 0, 0, -27.2235357639, -136.965523861 
283, 41903, 1.5, [1 100 255 127 127 0 385 7 130 128 80 85 128 128], 70.0, TPX, 1583563477, 2020-03-07 06:44:37, I07-W0167, 0, 0, -15.899408263, -139.408504942 
284, 41904, 1.5, [1 100 255 127 127 0 385 7 130 128 80 85 128 128], 70.0, TPX, 1583563657, 2020-03-07 06:47:37, I07-W0167, 0, 0, -4.55439062854, -141.669871293 
285, 41909, 0.002, [1 100 255 127 127 0 385 7 130 128 80 85 128 128], 70.0, TPX, 1583564555, 2020-03-07 07:02:35, I07-W0167, 0, 0, 51.9763735392, -155.457837565 
286, 41911, 0.002, [1 100 255 127 127 0 385 7 130 128 80 85 128 128], 70.0, TPX, 1583564915, 2020-03-07 07:08:35, I07-W0167, 0, 0, 73.8062865011, -173.764001293 
287, 41912, 0.002, [1 100 255 127 127 0 385 7 130 128 80 85 128 128], 70.0, TPX, 1583565275, 2020-03-07 07:14:35, I07-W0167, 0, 0, 78.843503202, 71.6677337817 
288, 41913, 0.002, [1 100 255 127 127 0 385 7 130 128 80 85 128 128], 70.0, TPX, 1583565455, 2020-03-07 07:17:35, I07-W0167, 0, 0, 68.8528420703, 49.6566227313 
289, 41916, 1.5, [1 100 255 127 127 0 385 7 130 128 80 85 128 128], 70.0, TPX, 1583565997, 2020-03-07 07:26:37, I07-W0167, 0, 0, 35.3234605146, 33.2186694202 
290, 41917, 1.5, [1 100 255 127 127 0 385 7 130 128 80 85 128 128], 70.0, TPX, 1583566177, 2020-03-07 07:29:37, I07-W0167, 0, 0, 24.0226768928, 30.5269874913 
291, 41918, 1.5, [1 100 255 127 127 0 385 7 130 128 80 85 128 128], 70.0, TPX, 1583566357, 2020-03-07 07:32:37, I07-W0167, 0, 0, 12.7094503738, 28.1542019721 
292, 41919, 1.5, [1 100 255 127 127 0 385 7 130 128 80 85 128 128], 70.0, TPX, 1583566537, 2020-03-07 07:35:37, I07-W0167, 0, 0, 1.39519196268, 25.922596463 
293, 41920, 0.002, [1 100 255 127 127 0 385 7 130 128 80 85 128 128], 70.0, TPX, 1583567439, 2020-03-07 07:50:39, I07-W0167, 0, 0, -54.9875956231, 11.4137566582 
294, 41921, 0.002, [1 100 255 127 127 0 385 7 130 128 80 85 128 128], 70.0, TPX, 1583567619, 2020-03-07 07:53:39, I07-W0167, 0, 0, -65.964546316, 4.4863073029 
295, 41922, 0.002, [1 100 255 127 127 0 385 7 130 128 80 85 128 128], 70.0, TPX, 1583567799, 2020-03-07 07:56:39, I07-W0167, 0, 0, -76.3274937385, -11.4055074973 
296, 41923, 0.002, [1 100 255 127 127 0 385 7 130 128 80 85 128 128], 70.0, TPX, 1583567979, 2020-03-07 07:59:39, I07-W0167, 0, 0, -82.6741055145, -68.7223444761 
297, 41924, 0.002, [1 100 255 127 127 0 385 7 130 128 80 85 128 128], 70.0, TPX, 1583568159, 2020-03-07 08:02:39, I07-W0167, 0, 0, -76.6534645166, -128.216188139 
298, 41925, 0.002, [1 100 255 127 127 0 385 7 130 128 80 85 128 128], 70.0, TPX, 1583568339, 2020-03-07 08:05:39, I07-W0167, 0, 0, -66.3212666058, -144.723867437 
299, 41926, 0.002, [1 100 255 127 127 0 385 7 130 128 80 85 128 128], 70.0, TPX, 1583568519, 2020-03-07 08:08:39, I07-W0167, 0, 0, -55.3332168554, -151.805735416 
300, 41929, 1.5, [1 100 255 127 127 0 385 7 130 128 80 85 128 128], 70.0, TPX, 1583569061, 2020-03-07 08:17:41, I07-W0167, 0, 0, -21.454213284, -161.878720818 
301, 41930, 1.5, [1 100 255 127 127 0 385 7 130 128 80 85 128 128], 70.0, TPX, 1583569241, 2020-03-07 08:20:41, I07-W0167, 0, 0, -10.118001471, -164.209577513 
302, 41931, 1.5, [1 100 255 127 127 0 385 7 130 128 80 85 128 128], 70.0, TPX, 1583569421, 2020-03-07 08:23:41, I07-W0167, 0, 0, 1.23390654369, -166.432325975 
303, 41932, 1.5, [1 100 255 127 127 0 385 7 130 128 80 85 128 128], 70.0, TPX, 1583569601, 2020-03-07 08:26:41, I07-W0167, 0, 0, 12.5924978984, -168.668871418 
304, 41936, 0.002, [1 100 255 127 127 0 385 7 130 128 80 85 128 128], 70.0, TPX, 1583571080, 2020-03-07 08:51:20, I07-W0167, 0, 0, 71.635392836, 29.5896977071 
305, 41939, 1.5, [1 100 255 127 127 0 385 7 130 128 80 85 128 128], 70.0, TPX, 1583571787, 2020-03-07 09:03:07, I07-W0167, 0, 0, 27.9331326544, 7.77489312367 
306, 41940, 1.5, [1 100 255 127 127 0 385 7 130 128 80 85 128 128], 70.0, TPX, 1583571967, 2020-03-07 09:06:07, I07-W0167, 0, 0, 16.6211543525, 5.31628798507 
307, 41941, 1.5, [1 100 255 127 127 0 385 7 130 128 80 85 128 128], 70.0, TPX, 1583572147, 2020-03-07 09:09:07, I07-W0167, 0, 0, 5.30627065888, 3.05157377429 
308, 41944, 0.002, [1 100 255 127 127 0 385 7 130 128 80 85 128 128], 70.0, TPX, 1583572685, 2020-03-07 09:18:05, I07-W0167, 0, 0, -28.4583912769, -3.86831648263 
309, 41945, 0.002, [1 100 255 127 127 0 385 7 130 128 80 85 128 128], 70.0, TPX, 1583572865, 2020-03-07 09:21:05, I07-W0167, 0, 0, -39.7064065648, -6.75026528367 
310, 41946, 0.002, [1 100 255 127 127 0 385 7 130 128 80 85 128 128], 70.0, TPX, 1583573045, 2020-03-07 09:24:05, I07-W0167, 0, 0, -50.8961483862, -10.471574751 
311, 41947, 0.002, [1 100 255 127 127 0 385 7 130 128 80 85 128 128], 70.0, TPX, 1583573225, 2020-03-07 09:27:05, I07-W0167, 0, 0, -61.9600542175, -16.0870147764 
312, 41948, 0.002, [1 100 255 127 127 0 385 7 130 128 80 85 128 128], 70.0, TPX, 1583573405, 2020-03-07 09:30:05, I07-W0167, 0, 0, -72.657380381, -27.1752719396 
313, 41949, 0.002, [1 100 255 127 127 0 385 7 130 128 80 85 128 128], 70.0, TPX, 1583573585, 2020-03-07 09:33:05, I07-W0167, 0, 0, -81.4710018433, -62.5988544897 
314, 41950, 0.002, [1 100 255 127 127 0 385 7 130 128 80 85 128 128], 70.0, TPX, 1583573765, 2020-03-07 09:36:05, I07-W0167, 0, 0, -79.8829828615, -138.30033407 
315, 41951, 0.002, [1 100 255 127 127 0 385 7 130 128 80 85 128 128], 70.0, TPX, 1583573945, 2020-03-07 09:39:05, I07-W0167, 0, 0, -70.2537821708, -164.145824528 
316, 41952, 0.002, [1 100 255 127 127 0 385 7 130 128 80 85 128 128], 70.0, TPX, 1583574125, 2020-03-07 09:42:05, I07-W0167, 0, 0, -59.4083433552, -173.319164733 
317, 41953, 0.002, [1 100 255 127 127 0 385 7 130 128 80 85 128 128], 70.0, TPX, 1583574305, 2020-03-07 09:45:05, I07-W0167, 0, 0, -48.2787925759, -178.33712713 
318, 41955, 1.5, [1 100 255 127 127 0 385 7 130 128 80 85 128 128], 70.0, TPX, 1583574667, 2020-03-07 09:51:07, I07-W0167, 0, 0, -25.6182603091, 175.400432656 
319, 41956, 1.5, [1 100 255 127 127 0 385 7 130 128 80 85 128 128], 70.0, TPX, 1583574847, 2020-03-07 09:54:07, I07-W0167, 0, 0, -14.29036169, 172.993282747 
320, 41958, 1.5, [1 100 255 127 127 0 385 7 130 128 80 85 128 128], 70.0, TPX, 1583575207, 2020-03-07 10:00:07, I07-W0167, 0, 0, 8.41403746668, 168.52811488 
321, 41959, 1.5, [1 100 255 127 127 0 385 7 130 128 80 85 128 128], 70.0, TPX, 1583575387, 2020-03-07 10:03:07, I07-W0167, 0, 0, 19.7720111162, 166.21948362 
322, 41962, 0.002, [1 100 255 127 127 0 385 7 130 128 80 85 128 128], 70.0, TPX, 1583575925, 2020-03-07 10:12:05, I07-W0167, 0, 0, 53.5673021816, 156.599080213 
323, 41963, 0.002, [1 100 255 127 127 0 385 7 130 128 80 85 128 128], 70.0, TPX, 1583576714, 2020-03-07 10:25:14, I07-W0167, 0, 0, 73.8305678236, 9.6481826401 
324, 41964, 0.002, [1 100 255 127 127 0 385 7 130 128 80 85 128 128], 70.0, TPX, 1583576894, 2020-03-07 10:28:14, I07-W0167, 0, 0, 63.1476601895, -2.70727162224 
325, 41965, 1.5, [1 100 255 127 127 0 385 7 130 128 80 85 128 128], 70.0, TPX, 1583577076, 2020-03-07 10:31:16, I07-W0167, 0, 0, 51.9174153463, -8.73106752715 
326, 41966, 1.5, [1 100 255 127 127 0 385 7 130 128 80 85 128 128], 70.0, TPX, 1583577256, 2020-03-07 10:34:16, I07-W0167, 0, 0, 40.6800056346, -12.5784678361 
327, 41967, 1.5, [1 100 255 127 127 0 385 7 130 128 80 85 128 128], 70.0, TPX, 1583577436, 2020-03-07 10:37:16, I07-W0167, 0, 0, 29.3916358816, -15.5191784621 
328, 41968, 1.5, [1 100 255 127 127 0 385 7 130 128 80 85 128 128], 70.0, TPX, 1583577616, 2020-03-07 10:40:16, I07-W0167, 0, 0, 18.0826218818, -18.0154879525 
329, 41969, 1.5, [1 100 255 127 127 0 385 7 130 128 80 85 128 128], 70.0, TPX, 1583577796, 2020-03-07 10:43:16, I07-W0167, 0, 0, 6.76782783446, -20.2965798897 
330, 41971, 0.002, [1 100 255 127 127 0 385 7 130 128 80 85 128 128], 70.0, TPX, 1583578334, 2020-03-07 10:52:14, I07-W0167, 0, 0, -27.0025859744, -27.1670654673 
331, 41972, 0.002, [1 100 255 127 127 0 385 7 130 128 80 85 128 128], 70.0, TPX, 1583578514, 2020-03-07 10:55:14, I07-W0167, 0, 0, -38.2558041589, -29.9781408105 
332, 41973, 0.002, [1 100 255 127 127 0 385 7 130 128 80 85 128 128], 70.0, TPX, 1583578694, 2020-03-07 10:58:14, I07-W0167, 0, 0, -49.4555043961, -33.5526998216 
333, 41974, 0.002, [1 100 255 127 127 0 385 7 130 128 80 85 128 128], 70.0, TPX, 1583578874, 2020-03-07 11:01:14, I07-W0167, 0, 0, -60.5428104555, -38.8147561046 
334, 41975, 0.002, [1 100 255 127 127 0 385 7 130 128 80 85 128 128], 70.0, TPX, 1583579054, 2020-03-07 11:04:14, I07-W0167, 0, 0, -71.3184583981, -48.7509669682 
335, 41976, 0.002, [1 100 255 127 127 0 385 7 130 128 80 85 128 128], 70.0, TPX, 1583579234, 2020-03-07 11:07:14, I07-W0167, 0, 0, -80.6344949154, -78.3497283364 
336, 41977, 0.002, [1 100 255 127 127 0 385 7 130 128 80 85 128 128], 70.0, TPX, 1583579414, 2020-03-07 11:10:14, I07-W0167, 0, 0, -80.8331782881, -155.125439579 
337, 41982, 1.5, [1 100 255 127 127 0 385 7 130 128 80 85 128 128], 70.0, TPX, 1583580316, 2020-03-07 11:25:16, I07-W0167, 0, 0, -27.0788655271, 152.096564871 
338, 41984, 1.5, [1 100 255 127 127 0 385 7 130 128 80 85 128 128], 70.0, TPX, 1583580676, 2020-03-07 11:31:16, I07-W0167, 0, 0, -4.40881368413, 147.396971251 
339, 41985, 1.5, [1 100 255 127 127 0 385 7 130 128 80 85 128 128], 70.0, TPX, 1583580856, 2020-03-07 11:34:16, I07-W0167, 0, 0, 6.94761591575, 145.181927243 
340, 41986, 1.5, [1 100 255 127 127 0 385 7 130 128 80 85 128 128], 70.0, TPX, 1583581036, 2020-03-07 11:37:16, I07-W0167, 0, 0, 18.3060834733, 142.892420513 
341, 41991, 0.002, [1 100 255 127 127 0 385 7 130 128 80 85 128 128], 70.0, TPX, 1583581934, 2020-03-07 11:52:14, I07-W0167, 0, 0, 73.9365791897, 115.079862895 
342, 41993, 0.002, [1 100 255 127 127 0 385 7 130 128 80 85 128 128], 70.0, TPX, 1583582294, 2020-03-07 11:58:14, I07-W0167, 0, 0, 78.7333595715, 0.2608781415 
343, 41994, 0.002, [1 100 255 127 127 0 385 7 130 128 80 85 128 128], 70.0, TPX, 1583582474, 2020-03-07 12:01:14, I07-W0167, 0, 0, 68.7166139474, -21.3996708084 
344, 41995, 0.002, [1 100 255 127 127 0 385 7 130 128 80 85 128 128], 70.0, TPX, 1583582654, 2020-03-07 12:04:14, I07-W0167, 0, 0, 57.7587775388, -29.6562169195 
345, 41996, 0.002, [1 100 255 127 127 0 385 7 130 128 80 85 128 128], 70.0, TPX, 1583582834, 2020-03-07 12:07:14, I07-W0167, 0, 0, 46.5732875101, -34.3593451624 
346, 41997, 1.5, [1 100 255 127 127 0 385 7 130 128 80 85 128 128], 70.0, TPX, 1583583016, 2020-03-07 12:10:16, I07-W0167, 0, 0, 35.1807437119, -37.7233465169 
347, 41998, 1.5, [1 100 255 127 127 0 385 7 130 128 80 85 128 128], 70.0, TPX, 1583583196, 2020-03-07 12:13:16, I07-W0167, 0, 0, 23.8799208165, -40.4093867096 
348, 42001, 0.002, [1 100 255 127 127 0 385 7 130 128 80 85 128 128], 70.0, TPX, 1583583914, 2020-03-07 12:25:14, I07-W0167, 0, 0, -21.2226032768, -49.5233418349 
349, 42002, 0.002, [1 100 255 127 127 0 385 7 130 128 80 85 128 128], 70.0, TPX, 1583584094, 2020-03-07 12:28:14, I07-W0167, 0, 0, -32.4931189154, -52.1077453977 
350, 42003, 0.002, [1 100 255 127 127 0 385 7 130 128 80 85 128 128], 70.0, TPX, 1583584274, 2020-03-07 12:31:14, I07-W0167, 0, 0, -43.7244770794, -55.2232166588 
351, 42004, 0.002, [1 100 255 127 127 0 385 7 130 128 80 85 128 128], 70.0, TPX, 1583584454, 2020-03-07 12:34:14, I07-W0167, 0, 0, -54.8809866154, -59.4415244142 
352, 42005, 0.002, [1 100 255 127 127 0 385 7 130 128 80 85 128 128], 70.0, TPX, 1583584634, 2020-03-07 12:37:14, I07-W0167, 0, 0, -65.8608913652, -66.3276050213 
353, 42006, 0.002, [1 100 255 127 127 0 385 7 130 128 80 85 128 128], 70.0, TPX, 1583585610, 2020-03-07 12:53:30, I07-W0167, 0, 0, -50.7328180726, 135.314612498 
354, 42007, 0.002, [1 100 255 127 127 0 385 7 130 128 80 85 128 128], 70.0, TPX, 1583585790, 2020-03-07 12:56:30, I07-W0167, 0, 0, -39.5106226074, 131.603920986 
355, 42008, 1.5, [1 100 255 127 127 0 385 7 130 128 80 85 128 128], 70.0, TPX, 1583585972, 2020-03-07 12:59:32, I07-W0167, 0, 0, -28.0991813833, 128.696596325 
356, 42009, 1.5, [1 100 255 127 127 0 385 7 130 128 80 85 128 128], 70.0, TPX, 1583586152, 2020-03-07 13:02:32, I07-W0167, 0, 0, -16.776862175, 126.232414337 
357, 42010, 1.5, [1 100 255 127 127 0 385 7 130 128 80 85 128 128], 70.0, TPX, 1583586332, 2020-03-07 13:05:32, I07-W0167, 0, 0, -5.43285370098, 123.962278023 
358, 42011, 1.5, [1 100 255 127 127 0 385 7 130 128 80 85 128 128], 70.0, TPX, 1583586512, 2020-03-07 13:08:32, I07-W0167, 0, 0, 5.92299704038, 121.748012657 
359, 42012, 1.5, [1 100 255 127 127 0 385 7 130 128 80 85 128 128], 70.0, TPX, 1583586692, 2020-03-07 13:11:32, I07-W0167, 0, 0, 17.281717315, 119.470472418 
360, 42013, 1.5, [1 100 255 127 127 0 385 7 130 128 80 85 128 128], 70.0, TPX, 1583587052, 2020-03-07 13:17:32, I07-W0167, 0, 0, 39.9597656018, 114.080155427 
361, 42014, 0.002, [1 100 255 127 127 0 385 7 130 128 80 85 128 128], 70.0, TPX, 1583587230, 2020-03-07 13:20:30, I07-W0167, 0, 0, 51.1078261939, 110.353139764 
362, 42016, 0.002, [1 100 255 127 127 0 385 7 130 128 80 85 128 128], 70.0, TPX, 1583587590, 2020-03-07 13:26:30, I07-W0167, 0, 0, 73.0120857649, 93.1434194729 
363, 42018, 0.002, [1 100 255 127 127 0 385 7 130 128 80 85 128 128], 70.0, TPX, 1583587950, 2020-03-07 13:32:30, I07-W0167, 0, 0, 79.4953559657, -19.6049959155 
364, 42019, 0.002, [1 100 255 127 127 0 385 7 130 128 80 85 128 128], 70.0, TPX, 1583588130, 2020-03-07 13:35:30, I07-W0167, 0, 0, 69.6809888467, -43.9220334709 
365, 42020, 0.002, [1 100 255 127 127 0 385 7 130 128 80 85 128 128], 70.0, TPX, 1583588310, 2020-03-07 13:38:30, I07-W0167, 0, 0, 58.7607731201, -52.747706802 
366, 42023, 0.002, [1 100 255 127 127 0 385 7 130 128 80 85 128 128], 70.0, TPX, 1583589630, 2020-03-07 14:00:30, I07-W0167, 0, 0, -23.9643829358, -73.7547185729 
367, 42024, 0.002, [1 100 255 127 127 0 385 7 130 128 80 85 128 128], 70.0, TPX, 1583590546, 2020-03-07 14:15:46, I07-W0167, 0, 0, -79.2371748151, -116.834661436 
368, 42025, 0.002, [1 100 255 127 127 0 385 7 130 128 80 85 128 128], 70.0, TPX, 1583590726, 2020-03-07 14:18:46, I07-W0167, 0, 0, -81.8988722136, 169.489586949 
369, 42028, 0.002, [1 100 255 127 127 0 385 7 130 128 80 85 128 128], 70.0, TPX, 1583591266, 2020-03-07 14:27:46, I07-W0167, 0, 0, -51.7406261449, 112.082092869 
370, 42031, 1.5, [1 100 255 127 127 0 385 7 130 128 80 85 128 128], 70.0, TPX, 1583591808, 2020-03-07 14:36:48, I07-W0167, 0, 0, -17.7993261257, 102.809380242 
371, 42032, 1.5, [1 100 255 127 127 0 385 7 130 128 80 85 128 128], 70.0, TPX, 1583591988, 2020-03-07 14:39:48, I07-W0167, 0, 0, -6.45676095602, 100.528028757 
372, 42033, 1.5, [1 100 255 127 127 0 385 7 130 128 80 85 128 128], 70.0, TPX, 1583592168, 2020-03-07 14:42:48, I07-W0167, 0, 0, 4.89844219802, 98.3135926362 
373, 42034, 1.5, [1 100 255 127 127 0 385 7 130 128 80 85 128 128], 70.0, TPX, 1583592348, 2020-03-07 14:45:48, I07-W0167, 0, 0, 16.2573340811, 96.0469123981 
374, 42035, 1.5, [1 100 255 127 127 0 385 7 130 128 80 85 128 128], 70.0, TPX, 1583592528, 2020-03-07 14:48:48, I07-W0167, 0, 0, 27.6095336595, 93.5907149012 
375, 42036, 1.5, [1 100 255 127 127 0 385 7 130 128 80 85 128 128], 70.0, TPX, 1583592708, 2020-03-07 14:51:48, I07-W0167, 0, 0, 38.9397144155, 90.7339882812 
376, 42039, 0.002, [1 100 255 127 127 0 385 7 130 128 80 85 128 128], 70.0, TPX, 1583593246, 2020-03-07 15:00:46, I07-W0167, 0, 0, 72.0759605279, 71.0423343406 
377, 42041, 0.002, [1 100 255 127 127 0 385 7 130 128 80 85 128 128], 70.0, TPX, 1583593606, 2020-03-07 15:06:46, I07-W0167, 0, 0, 80.2079974131, -38.9193126404 
378, 42042, 0.002, [1 100 255 127 127 0 385 7 130 128 80 85 128 128], 70.0, TPX, 1583593786, 2020-03-07 15:09:46, I07-W0167, 0, 0, 70.6385472173, -66.3452542301 
379, 42047, 0.002, [1 100 255 127 127 0 385 7 130 128 80 85 128 128], 70.0, TPX, 1583594866, 2020-03-07 15:27:46, I07-W0167, 0, 0, 3.42100739395, -91.8571240976 
380, 42048, 0.002, [1 100 255 127 127 0 385 7 130 128 80 85 128 128], 70.0, TPX, 1583595046, 2020-03-07 15:30:46, I07-W0167, 0, 0, -7.88803776858, -94.0675440675 
381, 42050, 0.002, [1 100 255 127 127 0 385 7 130 128 80 85 128 128], 70.0, TPX, 1583595406, 2020-03-07 15:36:46, I07-W0167, 0, 0, -30.4601882413, -98.8819190165 
382, 42051, 0.002, [1 100 255 127 127 0 385 7 130 128 80 85 128 128], 70.0, TPX, 1583595766, 2020-03-07 15:42:46, I07-W0167, 0, 0, -52.8749463961, -105.821930797 
383, 42052, 0.002, [1 100 255 127 127 0 385 7 130 128 80 85 128 128], 70.0, TPX, 1583595946, 2020-03-07 15:45:46, I07-W0167, 0, 0, -63.9014057152, -112.006721731 
384, 42053, 0.002, [1 100 255 127 127 0 385 7 130 128 80 85 128 128], 70.0, TPX, 1583596126, 2020-03-07 15:48:46, I07-W0167, 0, 0, -74.4625993784, -125.078822707 
385, 42058, 0.002, [1 100 255 127 127 0 385 7 130 128 80 85 128 128], 70.0, TPX, 1583597206, 2020-03-07 16:06:46, I07-W0167, 0, 0, -35.0320129277, 83.1214350937 
386, 42060, 1.5, [1 100 255 127 127 0 385 7 130 128 80 85 128 128], 70.0, TPX, 1583597568, 2020-03-07 16:12:48, I07-W0167, 0, 0, -12.2711434745, 78.0458600504 
387, 42061, 1.5, [1 100 255 127 127 0 385 7 130 128 80 85 128 128], 70.0, TPX, 1583597748, 2020-03-07 16:15:48, I07-W0167, 0, 0, -0.921225286001, 75.812456494 
388, 42062, 1.5, [1 100 255 127 127 0 385 7 130 128 80 85 128 128], 70.0, TPX, 1583597928, 2020-03-07 16:18:48, I07-W0167, 0, 0, 10.4369713052, 73.5875770137 
389, 42063, 1.5, [1 100 255 127 127 0 385 7 130 128 80 85 128 128], 70.0, TPX, 1583598108, 2020-03-07 16:21:48, I07-W0167, 0, 0, 21.7941227707, 71.2484831101 
390, 42064, 1.5, [1 100 255 127 127 0 385 7 130 128 80 85 128 128], 70.0, TPX, 1583598288, 2020-03-07 16:24:48, I07-W0167, 0, 0, 33.1380287918, 68.6312980545 
391, 42065, 1.5, [1 100 255 127 127 0 385 7 130 128 80 85 128 128], 70.0, TPX, 1583598468, 2020-03-07 16:27:48, I07-W0167, 0, 0, 44.4485590936, 65.4517903547 
392, 42069, 0.002, [1 100 255 127 127 0 385 7 130 128 80 85 128 128], 70.0, TPX, 1583599366, 2020-03-07 16:42:46, I07-W0167, 0, 0, 75.8818580462, -80.3206067419 
393, 42070, 0.002, [1 100 255 127 127 0 385 7 130 128 80 85 128 128], 70.0, TPX, 1583599546, 2020-03-07 16:45:46, I07-W0167, 0, 0, 65.3951339356, -95.4996434909 
394, 42071, 0.002, [1 100 255 127 127 0 385 7 130 128 80 85 128 128], 70.0, TPX, 1583599726, 2020-03-07 16:48:46, I07-W0167, 0, 0, 54.3382631991, -102.230576351 
395, 42072, 0.002, [1 100 255 127 127 0 385 7 130 128 80 85 128 128], 70.0, TPX, 1583599906, 2020-03-07 16:51:46, I07-W0167, 0, 0, 43.1196569983, -106.385892687 
396, 42073, 0.002, [1 100 255 127 127 0 385 7 130 128 80 85 128 128], 70.0, TPX, 1583600086, 2020-03-07 16:54:46, I07-W0167, 0, 0, 31.8392751515, -109.47056321 
397, 42074, 0.002, [1 100 255 127 127 0 385 7 130 128 80 85 128 128], 70.0, TPX, 1583600266, 2020-03-07 16:57:46, I07-W0167, 0, 0, 20.5335071991, -112.038878262 
398, 42075, 0.002, [1 100 255 127 127 0 385 7 130 128 80 85 128 128], 70.0, TPX, 1583600446, 2020-03-07 17:00:46, I07-W0167, 0, 0, 9.2193756801, -114.352666315 
399, 42076, 0.002, [1 100 255 127 127 0 385 7 130 128 80 85 128 128], 70.0, TPX, 1583600626, 2020-03-07 17:03:46, I07-W0167, 0, 0, -2.09326344259, -116.567054625 
400, 42078, 0.002, [1 100 255 127 127 0 385 7 130 128 80 85 128 128], 70.0, TPX, 1583601746, 2020-03-07 17:22:26, I07-W0167, 0, 0, -71.492341354, -143.541247503 
401, 42079, 0.002, [1 100 255 127 127 0 385 7 130 128 80 85 128 128], 70.0, TPX, 1583601926, 2020-03-07 17:25:26, I07-W0167, 0, 0, -80.7514550747, -173.82851926 
402, 42082, 0.002, [1 100 255 127 127 0 385 7 130 128 80 85 128 128], 70.0, TPX, 1583602466, 2020-03-07 17:34:26, I07-W0167, 0, 0, -60.6465883497, 69.2445602494 
403, 42086, 1.5, [1 100 255 127 127 0 385 7 130 128 80 85 128 128], 70.0, TPX, 1583603188, 2020-03-07 17:46:28, I07-W0167, 0, 0, -15.5620857105, 55.077859988 
404, 42087, 1.5, [1 100 255 127 127 0 385 7 130 128 80 85 128 128], 70.0, TPX, 1583603548, 2020-03-07 17:52:28, I07-W0167, 0, 0, 7.1405939461, 50.6042739125 
405, 42088, 1.5, [1 100 255 127 127 0 385 7 130 128 80 85 128 128], 70.0, TPX, 1583603728, 2020-03-07 17:55:28, I07-W0167, 0, 0, 18.4991473079, 48.312376616 
406, 42089, 1.5, [1 100 255 127 127 0 385 7 130 128 80 85 128 128], 70.0, TPX, 1583603908, 2020-03-07 17:58:28, I07-W0167, 0, 0, 29.8484901597, 45.7975965866 
407, 42090, 1.5, [1 100 255 127 127 0 385 7 130 128 80 85 128 128], 70.0, TPX, 1583604088, 2020-03-07 18:01:28, I07-W0167, 0, 0, 41.1716119152, 42.8234214487 
408, 42096, 0.002, [1 100 255 127 127 0 385 7 130 128 80 85 128 128], 70.0, TPX, 1583605346, 2020-03-07 18:22:26, I07-W0167, 0, 0, 57.5718420914, -124.294443783 
409, 42097, 0.002, [1 100 255 127 127 0 385 7 130 128 80 85 128 128], 70.0, TPX, 1583605526, 2020-03-07 18:25:26, I07-W0167, 0, 0, 46.384661591, -128.963397174 
410, 42098, 0.002, [1 100 255 127 127 0 385 7 130 128 80 85 128 128], 70.0, TPX, 1583605706, 2020-03-07 18:28:26, I07-W0167, 0, 0, 35.1171102545, -132.279754544 
411, 42100, 0.002, [1 100 255 127 127 0 385 7 130 128 80 85 128 128], 70.0, TPX, 1583606066, 2020-03-07 18:34:26, I07-W0167, 0, 0, 12.5036960477, -137.332059133 
412, 42101, 1.5, [1 100 255 127 127 0 385 7 130 128 80 85 128 128], 70.0, TPX, 1583606248, 2020-03-07 18:37:28, I07-W0167, 0, 0, 1.06419416536, -139.586759219 
413, 42102, 1.5, [1 100 255 127 127 0 385 7 130 128 80 85 128 128], 70.0, TPX, 1583606428, 2020-03-07 18:40:28, I07-W0167, 0, 0, -10.2427582912, -141.804207454 
414, 42103, 1.5, [1 100 255 127 127 0 385 7 130 128 80 85 128 128], 70.0, TPX, 1583606608, 2020-03-07 18:43:28, I07-W0167, 0, 0, -21.5357350069, -144.130610866 
415, 42104, 0.002, [1 100 255 127 127 0 385 7 130 128 80 85 128 128], 70.0, TPX, 1583607375, 2020-03-07 18:56:15, I07-W0167, 0, 0, -68.9608683422, -163.937804286 
416, 42105, 0.002, [1 100 255 127 127 0 385 7 130 128 80 85 128 128], 70.0, TPX, 1583607555, 2020-03-07 18:59:15, I07-W0167, 0, 0, -78.8744439589, 174.024627651 
417, 42108, 0.002, [1 100 255 127 127 0 385 7 130 128 80 85 128 128], 70.0, TPX, 1583608095, 2020-03-07 19:08:15, I07-W0167, 0, 0, -63.2821807651, 47.3732016996 
418, 42109, 0.002, [1 100 255 127 127 0 385 7 130 128 80 85 128 128], 70.0, TPX, 1583608275, 2020-03-07 19:11:15, I07-W0167, 0, 0, -52.2194941227, 41.3738708919 
419, 42110, 0.002, [1 100 255 127 127 0 385 7 130 128 80 85 128 128], 70.0, TPX, 1583608455, 2020-03-07 19:14:15, I07-W0167, 0, 0, -41.0089543752, 37.4966422931 
420, 42112, 1.5, [1 100 255 127 127 0 385 7 130 128 80 85 128 128], 70.0, TPX, 1583608817, 2020-03-07 19:20:17, I07-W0167, 0, 0, -18.284732302, 32.0057575974 
421, 42113, 1.5, [1 100 255 127 127 0 385 7 130 128 80 85 128 128], 70.0, TPX, 1583608997, 2020-03-07 19:23:17, I07-W0167, 0, 0, -6.94269220313, 29.718665339 
422, 42114, 1.5, [1 100 255 127 127 0 385 7 130 128 80 85 128 128], 70.0, TPX, 1583609177, 2020-03-07 19:26:17, I07-W0167, 0, 0, 4.41232440137, 27.5038040387 
423, 42115, 1.5, [1 100 255 127 127 0 385 7 130 128 80 85 128 128], 70.0, TPX, 1583609357, 2020-03-07 19:29:17, I07-W0167, 0, 0, 15.7713678293, 25.2418741972 
424, 42117, 1.5, [1 100 255 127 127 0 385 7 130 128 80 85 128 128], 70.0, TPX, 1583609897, 2020-03-07 19:38:17, I07-W0167, 0, 0, 49.7384449824, 16.3438537949 
425, 42120, 0.002, [1 100 255 127 127 0 385 7 130 128 80 85 128 128], 70.0, TPX, 1583610960, 2020-03-07 19:56:00, I07-W0167, 0, 0, 61.1567010278, -145.863102009 
426, 42121, 0.002, [1 100 255 127 127 0 385 7 130 128 80 85 128 128], 70.0, TPX, 1583611140, 2020-03-07 19:59:00, I07-W0167, 0, 0, 50.0170142477, -151.292118851 
427, 42122, 0.002, [1 100 255 127 127 0 385 7 130 128 80 85 128 128], 70.0, TPX, 1583611320, 2020-03-07 20:02:00, I07-W0167, 0, 0, 38.7681298183, -154.933360999 
428, 42123, 0.002, [1 100 255 127 127 0 385 7 130 128 80 85 128 128], 70.0, TPX, 1583611500, 2020-03-07 20:05:00, I07-W0167, 0, 0, 27.4753136121, -157.775511995 
429, 42124, 1.5, [1 100 255 127 127 0 385 7 130 128 80 85 128 128], 70.0, TPX, 1583611682, 2020-03-07 20:08:02, I07-W0167, 0, 0, 16.0392922447, -160.248450286 
430, 42125, 1.5, [1 100 255 127 127 0 385 7 130 128 80 85 128 128], 70.0, TPX, 1583611862, 2020-03-07 20:11:02, I07-W0167, 0, 0, 4.72492124218, -162.507193844 
431, 42126, 1.5, [1 100 255 127 127 0 385 7 130 128 80 85 128 128], 70.0, TPX, 1583612042, 2020-03-07 20:14:02, I07-W0167, 0, 0, -6.58495037323, -164.715858455 
432, 42127, 1.5, [1 100 255 127 127 0 385 7 130 128 80 85 128 128], 70.0, TPX, 1583612222, 2020-03-07 20:17:02, I07-W0167, 0, 0, -17.8832691506, -166.992442468 
433, 42128, 1.5, [1 100 255 127 127 0 385 7 130 128 80 85 128 128], 70.0, TPX, 1583612402, 2020-03-07 20:20:02, I07-W0167, 0, 0, -29.1617829406, -169.478166872 
434, 42132, 0.002, [1 100 255 127 127 0 385 7 130 128 80 85 128 128], 70.0, TPX, 1583613694, 2020-03-07 20:41:34, I07-W0167, 0, 0, -67.6932262136, 27.5054910954 
435, 42133, 0.002, [1 100 255 127 127 0 385 7 130 128 80 85 128 128], 70.0, TPX, 1583613874, 2020-03-07 20:44:34, I07-W0167, 0, 0, -56.7466083907, 19.8032643543 
436, 42134, 0.002, [1 100 255 127 127 0 385 7 130 128 80 85 128 128], 70.0, TPX, 1583614054, 2020-03-07 20:47:34, I07-W0167, 0, 0, -45.5813732881, 15.2866019832 
437, 42135, 0.002, [1 100 255 127 127 0 385 7 130 128 80 85 128 128], 70.0, TPX, 1583614234, 2020-03-07 20:50:34, I07-W0167, 0, 0, -34.3245009524, 12.0345969481 
438, 42136, 0.002, [1 100 255 127 127 0 385 7 130 128 80 85 128 128], 70.0, TPX, 1583614414, 2020-03-07 20:53:34, I07-W0167, 0, 0, -23.0192657548, 9.38059802657 
439, 42137, 1.5, [1 100 255 127 127 0 385 7 130 128 80 85 128 128], 70.0, TPX, 1583614596, 2020-03-07 20:56:36, I07-W0167, 0, 0, -11.5593703149, 6.99842996185 
440, 42138, 1.5, [1 100 255 127 127 0 385 7 130 128 80 85 128 128], 70.0, TPX, 1583614776, 2020-03-07 20:59:36, I07-W0167, 0, 0, -0.208480612093, 4.76900072176 
441, 42139, 1.5, [1 100 255 127 127 0 385 7 130 128 80 85 128 128], 70.0, TPX, 1583614956, 2020-03-07 21:02:36, I07-W0167, 0, 0, 11.1500772054, 2.54072578364 
442, 42140, 1.5, [1 100 255 127 127 0 385 7 130 128 80 85 128 128], 70.0, TPX, 1583615136, 2020-03-07 21:05:36, I07-W0167, 0, 0, 22.5068820388, 0.189707850502 
443, 42141, 1.5, [1 100 255 127 127 0 385 7 130 128 80 85 128 128], 70.0, TPX, 1583615316, 2020-03-07 21:08:36, I07-W0167, 0, 0, 33.8494271447, -2.45249404028 
444, 42144, 0.002, [1 100 255 127 127 0 385 7 130 128 80 85 128 128], 70.0, TPX, 1583615844, 2020-03-07 21:17:24, I07-W0167, 0, 0, 66.6837788959, -17.0558497893 
445, 42146, 0.002, [1 100 255 127 127 0 385 7 130 128 80 85 128 128], 70.0, TPX, 1583616394, 2020-03-07 21:26:34, I07-W0167, 0, 0, 75.2649621906, -152.747837069 
446, 42147, 0.002, [1 100 255 127 127 0 385 7 130 128 80 85 128 128], 70.0, TPX, 1583616574, 2020-03-07 21:29:34, I07-W0167, 0, 0, 64.7113227167, -166.965599824 
447, 42148, 0.002, [1 100 255 127 127 0 385 7 130 128 80 85 128 128], 70.0, TPX, 1583616754, 2020-03-07 21:32:34, I07-W0167, 0, 0, 53.6386913188, -173.446698025 
448, 42149, 0.002, [1 100 255 127 127 0 385 7 130 128 80 85 128 128], 70.0, TPX, 1583616934, 2020-03-07 21:35:34, I07-W0167, 0, 0, 42.4146892685, -177.507054241 
449, 42150, 1.5, [1 100 255 127 127 0 385 7 130 128 80 85 128 128], 70.0, TPX, 1583617116, 2020-03-07 21:38:36, I07-W0167, 0, 0, 31.0067126578, 179.421856793 
450, 42151, 1.5, [1 100 255 127 127 0 385 7 130 128 80 85 128 128], 70.0, TPX, 1583617296, 2020-03-07 21:41:36, I07-W0167, 0, 0, 19.7001336205, 176.879332535 
451, 42152, 1.5, [1 100 255 127 127 0 385 7 130 128 80 85 128 128], 70.0, TPX, 1583617476, 2020-03-07 21:44:36, I07-W0167, 0, 0, 8.38604479014, 174.577463163 
452, 42153, 1.5, [1 100 255 127 127 0 385 7 130 128 80 85 128 128], 70.0, TPX, 1583617656, 2020-03-07 21:47:36, I07-W0167, 0, 0, -2.92601355302, 172.365533721 
453, 42155, 0.002, [1 100 255 127 127 0 385 7 130 128 80 85 128 128], 70.0, TPX, 1583618630, 2020-03-07 22:03:50, I07-W0167, 0, 0, -63.5991766747, 153.679816381 
454, 42158, 0.002, [1 100 255 127 127 0 385 7 130 128 80 85 128 128], 70.0, TPX, 1583619170, 2020-03-07 22:12:50, I07-W0167, 0, 0, -78.6390756402, 26.1960840675 
455, 42159, 0.002, [1 100 255 127 127 0 385 7 130 128 80 85 128 128], 70.0, TPX, 1583619350, 2020-03-07 22:15:50, I07-W0167, 0, 0, -68.6590149621, 4.8869713222 
456, 42160, 0.002, [1 100 255 127 127 0 385 7 130 128 80 85 128 128], 70.0, TPX, 1583619530, 2020-03-07 22:18:50, I07-W0167, 0, 0, -57.7464285568, -3.31591426141 
457, 42161, 0.002, [1 100 255 127 127 0 385 7 130 128 80 85 128 128], 70.0, TPX, 1583619710, 2020-03-07 22:21:50, I07-W0167, 0, 0, -46.5933477757, -8.00784099415 
458, 42162, 0.002, [1 100 255 127 127 0 385 7 130 128 80 85 128 128], 70.0, TPX, 1583619890, 2020-03-07 22:24:50, I07-W0167, 0, 0, -35.3422879311, -11.3377503132 
459, 42163, 0.002, [1 100 255 127 127 0 385 7 130 128 80 85 128 128], 70.0, TPX, 1583620070, 2020-03-07 22:27:50, I07-W0167, 0, 0, -24.0403209789, -14.0303321195 
460, 42168, 0.002, [1 100 255 127 127 0 385 7 130 128 80 85 128 128], 70.0, TPX, 1583621899, 2020-03-07 22:58:19, I07-W0167, 0, 0, 82.3615765487, -131.549224831 
461, 42169, 0.002, [1 100 255 127 127 0 385 7 130 128 80 85 128 128], 70.0, TPX, 1583622079, 2020-03-07 23:01:19, I07-W0167, 0, 0, 74.5569652719, -177.964458349 
462, 42170, 0.002, [1 100 255 127 127 0 385 7 130 128 80 85 128 128], 70.0, TPX, 1583622259, 2020-03-07 23:04:19, I07-W0167, 0, 0, 63.9356864347, 168.795161616 
463, 42171, 0.002, [1 100 255 127 127 0 385 7 130 128 80 85 128 128], 70.0, TPX, 1583622439, 2020-03-07 23:07:19, I07-W0167, 0, 0, 52.8463449789, 162.576520264 
464, 42172, 0.002, [1 100 255 127 127 0 385 7 130 128 80 85 128 128], 70.0, TPX, 1583622619, 2020-03-07 23:10:19, I07-W0167, 0, 0, 41.6163733433, 158.617701641 
465, 42173, 1.5, [1 100 255 127 127 0 385 7 130 128 80 85 128 128], 70.0, TPX, 1583622801, 2020-03-07 23:13:21, I07-W0167, 0, 0, 30.2059651853, 155.594414027 
466, 42174, 1.5, [1 100 255 127 127 0 385 7 130 128 80 85 128 128], 70.0, TPX, 1583622981, 2020-03-07 23:16:21, I07-W0167, 0, 0, 18.8985238366, 153.075440262 
467, 42175, 1.5, [1 100 255 127 127 0 385 7 130 128 80 85 128 128], 70.0, TPX, 1583623161, 2020-03-07 23:19:21, I07-W0167, 0, 0, 7.58438036472, 150.784280626 
468, 42176, 1.5, [1 100 255 127 127 0 385 7 130 128 80 85 128 128], 70.0, TPX, 1583623341, 2020-03-07 23:22:21, I07-W0167, 0, 0, -3.72719580978, 148.574099713 
469, 42177, 1.5, [1 100 255 127 127 0 385 7 130 128 80 85 128 128], 70.0, TPX, 1583623521, 2020-03-07 23:25:21, I07-W0167, 0, 0, -15.0290457949, 146.326366419 
470, 42178, 1.5, [1 100 255 127 127 0 385 7 130 128 80 85 128 128], 70.0, TPX, 1583623701, 2020-03-07 23:28:21, I07-W0167, 0, 0, -26.3134967269, 143.909954774 
471, 42179, 0.002, [1 100 255 127 127 0 385 7 130 128 80 85 128 128], 70.0, TPX, 1583623879, 2020-03-07 23:31:19, I07-W0167, 0, 0, -37.4442376667, 141.164218728 
472, 42181, 0.002, [1 100 255 127 127 0 385 7 130 128 80 85 128 128], 70.0, TPX, 1583624239, 2020-03-07 23:37:19, I07-W0167, 0, 0, -59.748780474, 132.582086037 
473, 42185, 0.002, [1 100 255 127 127 0 385 7 130 128 80 85 128 128], 70.0, TPX, 1583624959, 2020-03-07 23:49:19, I07-W0167, 0, 0, -72.3551308498, -13.8577554373 
474, 42186, 0.002, [1 100 255 127 127 0 385 7 130 128 80 85 128 128], 70.0, TPX, 1583625139, 2020-03-07 23:52:19, I07-W0167, 0, 0, -61.6216661555, -24.6756549302 
475, 42187, 0.002, [1 100 255 127 127 0 385 7 130 128 80 85 128 128], 70.0, TPX, 1583625319, 2020-03-07 23:55:19, I07-W0167, 0, 0, -50.5267990767, -30.2104901856 
476, 42188, 0.002, [1 100 255 127 127 0 385 7 130 128 80 85 128 128], 70.0, TPX, 1583625499, 2020-03-07 23:58:19, I07-W0167, 0, 0, -39.3022950075, -33.8996631861 
477, 42189, 0.002, [1 100 255 127 127 0 385 7 130 128 80 85 128 128], 70.0, TPX, 1583625679, 2020-03-08 00:01:19, I07-W0167, 0, 0, -28.0149566131, -36.7674786182 
478, 42190, 0.002, [1 100 255 127 127 0 385 7 130 128 80 85 128 128], 70.0, TPX, 1583625859, 2020-03-08 00:04:19, I07-W0167, 0, 0, -16.6918297349, -39.2296627759 
479, 42191, 1.5, [1 100 255 127 127 0 385 7 130 128 80 85 128 128], 70.0, TPX, 1583626041, 2020-03-08 00:07:21, I07-W0167, 0, 0, -5.22106191456, -41.5236569404 
480, 42193, 1.5, [1 100 255 127 127 0 385 7 130 128 80 85 128 128], 70.0, TPX, 1583626401, 2020-03-08 00:13:21, I07-W0167, 0, 0, 17.4942335283, -46.0180170364 
481, 42196, 0.002, [1 100 255 127 127 0 385 7 130 128 80 85 128 128], 70.0, TPX, 1583627119, 2020-03-08 00:25:19, I07-W0167, 0, 0, 62.4596279137, -60.9557705228 
482, 42199, 0.002, [1 100 255 127 127 0 385 7 130 128 80 85 128 128], 70.0, TPX, 1583627659, 2020-03-08 00:34:19, I07-W0167, 0, 0, 79.3425919548, 174.134156565 
483, 42200, 0.002, [1 100 255 127 127 0 385 7 130 128 80 85 128 128], 70.0, TPX, 1583627839, 2020-03-08 00:37:19, I07-W0167, 0, 0, 69.4841906062, 150.398047089 
484, 42201, 0.002, [1 100 255 127 127 0 385 7 130 128 80 85 128 128], 70.0, TPX, 1583628019, 2020-03-08 00:40:19, I07-W0167, 0, 0, 58.5566324262, 141.694610238 
485, 42203, 1.5, [1 100 255 127 127 0 385 7 130 128 80 85 128 128], 70.0, TPX, 1583628381, 2020-03-08 00:46:21, I07-W0167, 0, 0, 35.9933654683, 133.409481493 
486, 42204, 1.5, [1 100 255 127 127 0 385 7 130 128 80 85 128 128], 70.0, TPX, 1583628741, 2020-03-08 00:52:21, I07-W0167, 0, 0, 13.3827413938, 128.305308448 
487, 42207, 1.5, [1 100 255 127 127 0 385 7 130 128 80 85 128 128], 70.0, TPX, 1583629281, 2020-03-08 01:01:21, I07-W0167, 0, 0, -20.533141784, 121.544186151 
488, 42210, 0.002, [1 100 255 127 127 0 385 7 130 128 80 85 128 128], 70.0, TPX, 1583629819, 2020-03-08 01:10:19, I07-W0167, 0, 0, -54.0797132183, 111.842892814 
489, 42213, 0.002, [1 100 255 127 127 0 385 7 130 128 80 85 128 128], 70.0, TPX, 1583630539, 2020-03-08 01:22:19, I07-W0167, 0, 0, -77.416908911, -25.7874355571 
490, 42214, 0.002, [1 100 255 127 127 0 385 7 130 128 80 85 128 128], 70.0, TPX, 1583630719, 2020-03-08 01:25:19, I07-W0167, 0, 0, -67.1989254234, -43.8880122987 
491, 42215, 0.002, [1 100 255 127 127 0 385 7 130 128 80 85 128 128], 70.0, TPX, 1583630899, 2020-03-08 01:28:19, I07-W0167, 0, 0, -56.2359902786, -51.3555844758 
492, 42216, 0.002, [1 100 255 127 127 0 385 7 130 128 80 85 128 128], 70.0, TPX, 1583631079, 2020-03-08 01:31:19, I07-W0167, 0, 0, -45.0645362887, -55.7882577182 
493, 42217, 0.002, [1 100 255 127 127 0 385 7 130 128 80 85 128 128], 70.0, TPX, 1583631259, 2020-03-08 01:34:19, I07-W0167, 0, 0, -33.8044708396, -59.0025071752 
494, 42218, 0.002, [1 100 255 127 127 0 385 7 130 128 80 85 128 128], 70.0, TPX, 1583631439, 2020-03-08 01:37:19, I07-W0167, 0, 0, -22.4973009909, -61.637751251 
495, 42221, 1.5, [1 100 255 127 127 0 385 7 130 128 80 85 128 128], 70.0, TPX, 1583631981, 2020-03-08 01:46:21, I07-W0167, 0, 0, 11.6742976392, -68.4687600428 
496, 42222, 1.5, [1 100 255 127 127 0 385 7 130 128 80 85 128 128], 70.0, TPX, 1583632161, 2020-03-08 01:49:21, I07-W0167, 0, 0, 23.030829265, -70.8289524008 
497, 42225, 0.002, [1 100 255 127 127 0 385 7 130 128 80 85 128 128], 70.0, TPX, 1583632699, 2020-03-08 01:58:19, I07-W0167, 0, 0, 56.7753020154, -81.2540477145 
498, 42229, 0.002, [1 100 255 127 127 0 385 7 130 128 80 85 128 128], 70.0, TPX, 1583633419, 2020-03-08 02:10:19, I07-W0167, 0, 0, 74.8062193653, 135.304080346 
499, 42230, 0.002, [1 100 255 127 127 0 385 7 130 128 80 85 128 128], 70.0, TPX, 1583633779, 2020-03-08 02:16:19, I07-W0167, 0, 0, 53.1245590744, 115.425402165 
500, 42231, 1.5, [1 100 255 127 127 0 385 7 130 128 80 85 128 128], 70.0, TPX, 1583633961, 2020-03-08 02:19:21, I07-W0167, 0, 0, 41.7717191658, 111.394176706 
501, 42232, 1.5, [1 100 255 127 127 0 385 7 130 128 80 85 128 128], 70.0, TPX, 1583634141, 2020-03-08 02:22:21, I07-W0167, 0, 0, 30.4875329036, 108.391912416 
502, 42233, 1.5, [1 100 255 127 127 0 385 7 130 128 80 85 128 128], 70.0, TPX, 1583634321, 2020-03-08 02:25:21, I07-W0167, 0, 0, 19.180585036, 105.864817555 
503, 42234, 1.5, [1 100 255 127 127 0 385 7 130 128 80 85 128 128], 70.0, TPX, 1583634501, 2020-03-08 02:28:21, I07-W0167, 0, 0, 7.86662341798, 103.569990108 
504, 42235, 1.5, [1 100 255 127 127 0 385 7 130 128 80 85 128 128], 70.0, TPX, 1583634681, 2020-03-08 02:31:21, I07-W0167, 0, 0, -3.44499886029, 101.35927644 
505, 42240, 0.002, [1 100 255 127 127 0 385 7 130 128 80 85 128 128], 70.0, TPX, 1583637072, 2020-03-08 03:11:12, I07-W0167, 0, 0, -24.9633202999, -84.7303134733 
506, 42247, 0.002, [1 100 255 127 127 0 385 7 130 128 80 85 128 128], 70.0, TPX, 1583638332, 2020-03-08 03:32:12, I07-W0167, 0, 0, 54.3407323125, -103.728341213 
507, 42251, 0.002, [1 100 255 127 127 0 385 7 130 128 80 85 128 128], 70.0, TPX, 1583639052, 2020-03-08 03:44:12, I07-W0167, 0, 0, 76.9323957819, 117.208545991 
508, 42253, 1.5, [1 100 255 127 127 0 385 7 130 128 80 85 128 128], 70.0, TPX, 1583639594, 2020-03-08 03:53:14, I07-W0167, 0, 0, 44.225690021, 88.5169020467 
509, 42254, 1.5, [1 100 255 127 127 0 385 7 130 128 80 85 128 128], 70.0, TPX, 1583639774, 2020-03-08 03:56:14, I07-W0167, 0, 0, 32.9498092689, 85.3593260844 
510, 42255, 1.5, [1 100 255 127 127 0 385 7 130 128 80 85 128 128], 70.0, TPX, 1583639954, 2020-03-08 03:59:14, I07-W0167, 0, 0, 21.6460630525, 82.7546266146 
511, 42256, 1.5, [1 100 255 127 127 0 385 7 130 128 80 85 128 128], 70.0, TPX, 1583640134, 2020-03-08 04:02:14, I07-W0167, 0, 0, 10.3326034533, 80.4237630889 
512, 42257, 1.5, [1 100 255 127 127 0 385 7 130 128 80 85 128 128], 70.0, TPX, 1583640314, 2020-03-08 04:05:14, I07-W0167, 0, 0, -0.980289773728, 78.205181043 
513, 42260, 0.002, [1 100 255 127 127 0 385 7 130 128 80 85 128 128], 70.0, TPX, 1583641328, 2020-03-08 04:22:08, I07-W0167, 0, 0, -64.1466368271, 58.7266426648 
514, 42263, 0.002, [1 100 255 127 127 0 385 7 130 128 80 85 128 128], 70.0, TPX, 1583641868, 2020-03-08 04:31:08, I07-W0167, 0, 0, -78.1961105518, -70.1960739025 
515, 42264, 0.002, [1 100 255 127 127 0 385 7 130 128 80 85 128 128], 70.0, TPX, 1583642048, 2020-03-08 04:34:08, I07-W0167, 0, 0, -68.1202974518, -90.2303779432 
516, 42265, 0.002, [1 100 255 127 127 0 385 7 130 128 80 85 128 128], 70.0, TPX, 1583642228, 2020-03-08 04:37:08, I07-W0167, 0, 0, -57.1878181205, -98.1469018695 
517, 42266, 0.002, [1 100 255 127 127 0 385 7 130 128 80 85 128 128], 70.0, TPX, 1583642408, 2020-03-08 04:40:08, I07-W0167, 0, 0, -46.0274392823, -102.739165897 
518, 42267, 0.002, [1 100 255 127 127 0 385 7 130 128 80 85 128 128], 70.0, TPX, 1583642588, 2020-03-08 04:43:08, I07-W0167, 0, 0, -34.7727491921, -106.024896699 
519, 42271, 1.5, [1 100 255 127 127 0 385 7 130 128 80 85 128 128], 70.0, TPX, 1583643310, 2020-03-08 04:55:10, I07-W0167, 0, 0, 10.6996176919, -115.543864966 
520, 42272, 1.5, [1 100 255 127 127 0 385 7 130 128 80 85 128 128], 70.0, TPX, 1583643490, 2020-03-08 04:58:10, I07-W0167, 0, 0, 22.0566581669, -117.887261889 
521, 42274, 0.002, [1 100 255 127 127 0 385 7 130 128 80 85 128 128], 70.0, TPX, 1583643848, 2020-03-08 05:04:08, I07-W0167, 0, 0, 44.5837353675, -123.670751889 
522, 42276, 0.002, [1 100 255 127 127 0 385 7 130 128 80 85 128 128], 70.0, TPX, 1583644208, 2020-03-08 05:10:08, I07-W0167, 0, 0, 66.8553122667, -135.390468578 
523, 42284, 0.002, [1 100 255 127 127 0 385 7 130 128 80 85 128 128], 70.0, TPX, 1583647306, 2020-03-08 06:01:46, I07-W0167, 0, 0, -80.8310267785, -3.57073794714 
524, 42285, 0.002, [1 100 255 127 127 0 385 7 130 128 80 85 128 128], 70.0, TPX, 1583647486, 2020-03-08 06:04:46, I07-W0167, 0, 0, -80.6360931796, -80.3540131971 
525, 42287, 0.002, [1 100 255 127 127 0 385 7 130 128 80 85 128 128], 70.0, TPX, 1583648026, 2020-03-08 06:13:46, I07-W0167, 0, 0, -49.4032944301, -125.178666412 
526, 42288, 0.002, [1 100 255 127 127 0 385 7 130 128 80 85 128 128], 70.0, TPX, 1583648206, 2020-03-08 06:16:46, I07-W0167, 0, 0, -38.1702150584, -128.755049084 
527, 42292, 0.002, [1 100 255 127 127 0 385 7 130 128 80 85 128 128], 70.0, TPX, 1583649699, 2020-03-08 06:41:39, I07-W0167, 0, 0, 55.7408903563, -151.649843179 
528, 42293, 0.002, [1 100 255 127 127 0 385 7 130 128 80 85 128 128], 70.0, TPX, 1583649879, 2020-03-08 06:44:39, I07-W0167, 0, 0, 66.7812525255, -158.955864306 
529, 42296, 0.002, [1 100 255 127 127 0 385 7 130 128 80 85 128 128], 70.0, TPX, 1583650419, 2020-03-08 06:53:39, I07-W0167, 0, 0, 75.7255969784, 66.5649814157 
530, 42297, 0.002, [1 100 255 127 127 0 385 7 130 128 80 85 128 128], 70.0, TPX, 1583650599, 2020-03-08 06:56:39, I07-W0167, 0, 0, 65.2218520363, 51.6409087981 
531, 42299, 1.5, [1 100 255 127 127 0 385 7 130 128 80 85 128 128], 70.0, TPX, 1583650958, 2020-03-08 07:02:38, I07-W0167, 0, 0, 43.0049029901, 40.8640450818 
532, 42300, 1.5, [1 100 255 127 127 0 385 7 130 128 80 85 128 128], 70.0, TPX, 1583651321, 2020-03-08 07:08:41, I07-W0167, 0, 0, 20.2310322718, 35.1821507309 
533, 42301, 1.5, [1 100 255 127 127 0 385 7 130 128 80 85 128 128], 70.0, TPX, 1583651501, 2020-03-08 07:11:41, I07-W0167, 0, 0, 8.91731568674, 32.8728603577 
534, 42302, 1.5, [1 100 255 127 127 0 385 7 130 128 80 85 128 128], 70.0, TPX, 1583651681, 2020-03-08 07:14:41, I07-W0167, 0, 0, -2.39485044535, 30.659486331 
535, 42303, 0.002, [1 100 255 127 127 0 385 7 130 128 80 85 128 128], 70.0, TPX, 1583651859, 2020-03-08 07:17:39, I07-W0167, 0, 0, -13.572687247, 28.4478300969 
536, 42304, 0.002, [1 100 255 127 127 0 385 7 130 128 80 85 128 128], 70.0, TPX, 1583652039, 2020-03-08 07:20:39, I07-W0167, 0, 0, -24.8599880755, 26.0620689258 
537, 42305, 0.002, [1 100 255 127 127 0 385 7 130 128 80 85 128 128], 70.0, TPX, 1583652219, 2020-03-08 07:23:39, I07-W0167, 0, 0, -36.1203796661, 23.3444425234 
538, 42306, 0.002, [1 100 255 127 127 0 385 7 130 128 80 85 128 128], 70.0, TPX, 1583652399, 2020-03-08 07:26:39, I07-W0167, 0, 0, -47.3335592817, 19.9607565637 
539, 42307, 0.002, [1 100 255 127 127 0 385 7 130 128 80 85 128 128], 70.0, TPX, 1583652579, 2020-03-08 07:29:39, I07-W0167, 0, 0, -58.4509830602, 15.1437041805 
540, 42308, 0.002, [1 100 255 127 127 0 385 7 130 128 80 85 128 128], 70.0, TPX, 1583653703, 2020-03-08 07:48:23, I07-W0167, 0, 0, -49.1069495975, -148.92386004 
541, 42310, 1.5, [1 100 255 127 127 0 385 7 130 128 80 85 128 128], 70.0, TPX, 1583654065, 2020-03-08 07:54:25, I07-W0167, 0, 0, -26.4526652463, -155.300087516 
542, 42312, 1.5, [1 100 255 127 127 0 385 7 130 128 80 85 128 128], 70.0, TPX, 1583654425, 2020-03-08 08:00:25, I07-W0167, 0, 0, -3.77866213894, -159.979887248 
543, 42313, 1.5, [1 100 255 127 127 0 385 7 130 128 80 85 128 128], 70.0, TPX, 1583654605, 2020-03-08 08:03:25, I07-W0167, 0, 0, 7.57861739261, -162.195928463 
544, 42317, 0.002, [1 100 255 127 127 0 385 7 130 128 80 85 128 128], 70.0, TPX, 1583655323, 2020-03-08 08:15:23, I07-W0167, 0, 0, 52.7426217262, -173.935152173 
545, 42318, 0.002, [1 100 255 127 127 0 385 7 130 128 80 85 128 128], 70.0, TPX, 1583658567, 2020-03-08 09:09:27, I07-W0167, 0, 0, -76.9666969919, -31.4477789536 
546, 42319, 0.002, [1 100 255 127 127 0 385 7 130 128 80 85 128 128], 70.0, TPX, 1583658747, 2020-03-08 09:12:27, I07-W0167, 0, 0, -82.6547829093, -92.9496948175 
547, 42320, 0.002, [1 100 255 127 127 0 385 7 130 128 80 85 128 128], 70.0, TPX, 1583658927, 2020-03-08 09:15:27, I07-W0167, 0, 0, -76.0051293003, -148.185366326 
548, 42321, 0.002, [1 100 255 127 127 0 385 7 130 128 80 85 128 128], 70.0, TPX, 1583659107, 2020-03-08 09:18:27, I07-W0167, 0, 0, -65.5878272324, -163.527118672 
549, 42324, 1.5, [1 100 255 127 127 0 385 7 130 128 80 85 128 128], 70.0, TPX, 1583659649, 2020-03-08 09:27:29, I07-W0167, 0, 0, -31.9937808607, -177.628549646 
550, 42325, 1.5, [1 100 255 127 127 0 385 7 130 128 80 85 128 128], 70.0, TPX, 1583659829, 2020-03-08 09:30:29, I07-W0167, 0, 0, -20.6808446248, 179.797148367 
551, 42327, 1.5, [1 100 255 127 127 0 385 7 130 128 80 85 128 128], 70.0, TPX, 1583660189, 2020-03-08 09:36:29, I07-W0167, 0, 0, 2.01114087655, 175.257941249 
552, 42328, 1.5, [1 100 255 127 127 0 385 7 130 128 80 85 128 128], 70.0, TPX, 1583660369, 2020-03-08 09:39:29, I07-W0167, 0, 0, 13.3702967891, 173.016081919 
553, 42329, 1.5, [1 100 255 127 127 0 385 7 130 128 80 85 128 128], 70.0, TPX, 1583660549, 2020-03-08 09:42:29, I07-W0167, 0, 0, 24.7254521319, 170.623821822 
554, 42331, 0.002, [1 100 255 127 127 0 385 7 130 128 80 85 128 128], 70.0, TPX, 1583660907, 2020-03-08 09:48:27, I07-W0167, 0, 0, 47.2340912368, 164.537877386 
555, 42332, 0.002, [1 100 255 127 127 0 385 7 130 128 80 85 128 128], 70.0, TPX, 1583661087, 2020-03-08 09:51:27, I07-W0167, 0, 0, 58.4374524554, 159.699275756 
556, 42333, 0.002, [1 100 255 127 127 0 385 7 130 128 80 85 128 128], 70.0, TPX, 1583661267, 2020-03-08 09:54:27, I07-W0167, 0, 0, 69.3874341464, 151.04583589 
557, 42336, 0.002, [1 100 255 127 127 0 385 7 130 128 80 85 128 128], 70.0, TPX, 1583661807, 2020-03-08 10:03:27, I07-W0167, 0, 0, 73.2942545398, 14.1279039331 
558, 42337, 0.002, [1 100 255 127 127 0 385 7 130 128 80 85 128 128], 70.0, TPX, 1583661989, 2020-03-08 10:06:29, I07-W0167, 0, 0, 62.4503798376, 2.27785912328 
559, 42338, 1.5, [1 100 255 127 127 0 385 7 130 128 80 85 128 128], 70.0, TPX, 1583662169, 2020-03-08 10:09:29, I07-W0167, 0, 0, 51.3330892478, -3.49201105234 
560, 42339, 1.5, [1 100 255 127 127 0 385 7 130 128 80 85 128 128], 70.0, TPX, 1583662349, 2020-03-08 10:12:29, I07-W0167, 0, 0, 40.0931591963, -7.27267272916 
561, 42340, 1.5, [1 100 255 127 127 0 385 7 130 128 80 85 128 128], 70.0, TPX, 1583662529, 2020-03-08 10:15:29, I07-W0167, 0, 0, 28.8044411037, -10.1816673718 
562, 42341, 1.5, [1 100 255 127 127 0 385 7 130 128 80 85 128 128], 70.0, TPX, 1583662709, 2020-03-08 10:18:29, I07-W0167, 0, 0, 17.4959257077, -12.6620949648 
563, 42342, 1.5, [1 100 255 127 127 0 385 7 130 128 80 85 128 128], 70.0, TPX, 1583662889, 2020-03-08 10:21:29, I07-W0167, 0, 0, 6.18197134669, -14.9362030335 
564, 42345, 0.002, [1 100 255 127 127 0 385 7 130 128 80 85 128 128], 70.0, TPX, 1583663427, 2020-03-08 10:30:27, I07-W0167, 0, 0, -27.5852028181, -21.8253777163 
565, 42346, 0.002, [1 100 255 127 127 0 385 7 130 128 80 85 128 128], 70.0, TPX, 1583663607, 2020-03-08 10:33:27, I07-W0167, 0, 0, -38.8366605213, -24.6640897124 
566, 42347, 0.002, [1 100 255 127 127 0 385 7 130 128 80 85 128 128], 70.0, TPX, 1583663787, 2020-03-08 10:36:27, I07-W0167, 0, 0, -50.0330583621, -28.2957661804 
567, 42349, 0.002, [1 100 255 127 127 0 385 7 130 128 80 85 128 128], 70.0, TPX, 1583664327, 2020-03-08 10:45:27, I07-W0167, 0, 0, -80.9909761485, -75.8771247251 
568, 42350, 0.002, [1 100 255 127 127 0 385 7 130 128 80 85 128 128], 70.0, TPX, 1583664507, 2020-03-08 10:48:27, I07-W0167, 0, 0, -80.4651676957, -152.559597055 
569, 42352, 0.002, [1 100 255 127 127 0 385 7 130 128 80 85 128 128], 70.0, TPX, 1583664867, 2020-03-08 10:54:27, I07-W0167, 0, 0, -60.2541530008, 169.020598839 
570, 42353, 0.002, [1 100 255 127 127 0 385 7 130 128 80 85 128 128], 70.0, TPX, 1583665047, 2020-03-08 10:57:27, I07-W0167, 0, 0, -49.1358003166, 163.8169919 
