# ordinar image ID, original image ID, acquisition time [s], bias [V], UTC time [s], human-readable time, no. of nonzero pixels, heatsink temperature [deg C]latitude [deg], longitude [deg], altitude (WGS84) [km]
1, 48660, 0.004, 70.0, 1622145681, 2021-05-27 20:01:21, 0, 24, -80.2253392634, 146.28487985, 509.7623125
2, 48661, 0.004, 70.0, 1622145861, 2021-05-27 20:04:21, 0, 24, -81.2668953003, 69.2509464763, 510.45690625
3, 48662, 0.004, 70.0, 1622146041, 2021-05-27 20:07:21, 0, 22, -72.2013832916, 35.8515707412, 509.66453125
4, 48663, 0.004, 70.0, 1622146221, 2021-05-27 20:10:21, 344, 21, -61.4167331597, 25.2441401124, 507.5683125
5, 48664, 0.004, 70.0, 1622146401, 2021-05-27 20:13:21, 34, 19, -50.2909663051, 19.7959321462, 504.5420625
6, 48665, 0.004, 70.0, 1622146581, 2021-05-27 20:16:21, 296, 17, -39.0480582912, 16.153487885, 501.08925
7, 48666, 0.004, 70.0, 1622146761, 2021-05-27 20:19:21, 180, 15, -27.7526295376, 13.3155707522, 497.76246875
8, 48667, 0.004, 70.0, 1622146941, 2021-05-27 20:22:21, 12, 13, -16.4305374331, 10.8749563319, 495.07646875
9, 48668, 2.0, 70.0, 1622147123, 2021-05-27 20:25:23, 50, 11, -4.96897371959, 8.598227178, 493.4166875
10, 48669, 2.0, 70.0, 1622147303, 2021-05-27 20:28:23, 18, 9, 6.37148305603, 6.3984964542, 493.03896875
11, 48670, 2.0, 70.0, 1622147483, 2021-05-27 20:31:23, 16, 7, 17.7091932418, 4.13215943316, 493.924
12, 48671, 2.0, 70.0, 1622147663, 2021-05-27 20:34:23, 0, 5, 29.0351068372, 1.65830333592, 495.8670625
13, 48672, 2.0, 70.0, 1622147845, 2021-05-27 20:37:25, 13, 3, 40.4602101472, -1.2824540342, 498.5186875
14, 48673, 0.004, 70.0, 1622148021, 2021-05-27 20:40:21, 0, 3, 51.4553120678, -4.97930608826, 501.26071875
15, 48674, 0.004, 70.0, 1622148201, 2021-05-27 20:43:21, 100, 3, 62.5737057332, -10.7391593646, 503.72553125
16, 48675, 0.004, 70.0, 1622148381, 2021-05-27 20:46:21, 0, 5, 73.3009549554, -22.4069085599, 505.37478125
17, 48676, 0.004, 70.0, 1622148561, 2021-05-27 20:49:21, 0, 6, 81.884733722, -61.3332750782, 505.86365625
18, 48677, 0.004, 70.0, 1622148741, 2021-05-27 20:52:21, 0, 8, 79.3529533517, -136.118375499, 505.03703125
19, 48678, 0.004, 70.0, 1622148921, 2021-05-27 20:55:21, 61, 10, 69.469778907, -159.640317563, 502.9578125
20, 48679, 0.004, 70.0, 1622149101, 2021-05-27 20:58:21, 29, 12, 58.5305001225, -168.265220899, 499.899875
21, 48680, 0.004, 70.0, 1622149281, 2021-05-27 21:01:21, 6, 14, 47.3398225651, -173.081938602, 496.30653125
22, 48681, 0.004, 70.0, 1622149641, 2021-05-27 21:07:21, 2, 18, 24.7261897923, -179.165287567, 489.70434375
23, 48682, 2.0, 70.0, 1622149823, 2021-05-27 21:10:23, 9, 19, 13.2500282569, 178.432121401, 487.726375
24, 48683, 2.0, 70.0, 1622150003, 2021-05-27 21:13:23, 29, 21, 1.89110072879, 176.204113694, 487.1700625
25, 48684, 0.004, 70.0, 1622150974, 2021-05-27 21:29:34, 19, 28, -59.0530915562, 159.650275979, 504.04165625
26, 48685, 0.004, 70.0, 1622151154, 2021-05-27 21:32:34, 0, 29, -69.9585062629, 150.727166584, 507.441
27, 48686, 0.004, 70.0, 1622151334, 2021-05-27 21:35:34, 0, 30, -79.7190310006, 125.802850079, 509.6744375
28, 48687, 0.004, 70.0, 1622151514, 2021-05-27 21:38:34, 0, 31, -81.6527326865, 49.9216204107, 510.47015625
29, 48688, 0.004, 70.0, 1622151694, 2021-05-27 21:41:34, 84, 30, -72.8692665094, 13.3300294089, 509.7740625
30, 48689, 0.004, 70.0, 1622151874, 2021-05-27 21:44:34, 41, 28, -62.1263624936, 2.10505106843, 507.755375
31, 48690, 0.004, 70.0, 1622152054, 2021-05-27 21:47:34, 113, 26, -51.0126714135, -3.52765631551, 504.77709375
32, 48691, 0.004, 70.0, 1622152234, 2021-05-27 21:50:34, 502, 24, -39.7747426074, -7.24569092062, 501.33653125
33, 48692, 0.004, 70.0, 1622152414, 2021-05-27 21:53:34, 139, 21, -28.4817812598, -10.1198669664, 497.9856875
34, 48693, 0.004, 70.0, 1622152594, 2021-05-27 21:56:34, 3, 19, -17.1610090893, -12.5785600437, 495.24421875
35, 48694, 2.0, 70.0, 1622152776, 2021-05-27 21:59:36, 115, 17, -5.70010619656, -14.8629407169, 493.506375
36, 48695, 2.0, 70.0, 1622152956, 2021-05-27 22:02:36, 62, 14, 5.64020074179, -17.0624306766, 493.04275
37, 48696, 2.0, 70.0, 1622153136, 2021-05-27 22:05:36, 12, 12, 16.9782725007, -19.3206909989, 493.84721875
38, 48697, 2.0, 70.0, 1622153316, 2021-05-27 22:08:36, 19, 10, 28.305249898, -21.7757478543, 495.72809375
39, 48698, 2.0, 70.0, 1622153496, 2021-05-27 22:11:36, 51, 8, 39.6073175954, -24.642829041, 498.31471875
40, 48699, 0.004, 70.0, 1622153674, 2021-05-27 22:14:34, 0, 7, 50.7326268273, -28.2980440485, 501.0873125
41, 48700, 0.004, 70.0, 1622153854, 2021-05-27 22:17:34, 71, 6, 61.8634685125, -33.864999976, 503.58459375
42, 48701, 0.004, 70.0, 1622154034, 2021-05-27 22:20:34, 0, 6, 72.6352369077, -44.8745443317, 505.29390625
43, 48702, 0.004, 70.0, 1622154214, 2021-05-27 22:23:34, 1, 7, 81.5301922626, -80.3980337663, 505.8600625
44, 48703, 0.004, 70.0, 1622154394, 2021-05-27 22:26:34, 0, 7, 79.8789735404, -156.799286718, 505.1146875
45, 48704, 0.004, 70.0, 1622154574, 2021-05-27 22:29:34, 55, 8, 70.156697862, 177.588224209, 503.10659375
46, 48705, 0.004, 70.0, 1622154754, 2021-05-27 22:32:34, 13, 9, 59.2463517587, 168.529139408, 500.09709375
47, 48706, 0.004, 70.0, 1622154934, 2021-05-27 22:35:34, 10, 11, 48.0649974096, 163.56894675, 496.52053125
48, 48707, 0.004, 70.0, 1622155114, 2021-05-27 22:38:34, 1, 13, 36.7839564495, 160.131954579, 492.91684375
49, 48708, 0.004, 70.0, 1622155294, 2021-05-27 22:41:34, 0, 15, 25.4572334768, 157.39333559, 489.8469375
50, 48709, 2.0, 70.0, 1622155476, 2021-05-27 22:44:36, 24, 17, 13.9819376679, 154.975762813, 487.78878125
51, 48710, 2.0, 70.0, 1622155656, 2021-05-27 22:47:36, 12, 19, 2.62321333791, 152.742400238, 487.13809375
52, 48711, 0.004, 70.0, 1622156623, 2021-05-27 23:03:43, 10, 22, -58.0916877891, 136.572528437, 503.7045
53, 48712, 0.004, 70.0, 1622156803, 2021-05-27 23:06:43, 0, 23, -69.0345934041, 128.20971312, 507.19053125
54, 48713, 0.004, 70.0, 1622156983, 2021-05-27 23:09:43, 0, 25, -78.9974829866, 105.941377146, 509.54328125
55, 48714, 0.004, 70.0, 1622157163, 2021-05-27 23:12:43, 0, 26, -82.0933276992, 32.6622753803, 510.4731875
56, 48715, 0.004, 70.0, 1622157343, 2021-05-27 23:15:43, 447, 26, -73.7583590637, -8.68933080246, 509.90646875
57, 48716, 0.004, 70.0, 1622157523, 2021-05-27 23:18:43, 42, 24, -63.0785318449, -20.842248825, 507.99353125
58, 48717, 0.004, 70.0, 1622157703, 2021-05-27 23:21:43, 422, 23, -51.9823806906, -26.7431583143, 505.0824375
59, 48718, 0.004, 70.0, 1622157883, 2021-05-27 23:24:43, 486, 20, -40.7515279605, -30.5691809849, 501.6616875
60, 48719, 0.004, 70.0, 1622158063, 2021-05-27 23:27:43, 643, 18, -29.4620278112, -33.4947559117, 498.28190625
61, 48720, 0.004, 70.0, 1622158243, 2021-05-27 23:30:43, 60, 16, -18.1430912541, -35.9791245239, 495.4689375
62, 48721, 0.004, 70.0, 1622158423, 2021-05-27 23:33:43, 0, 14, -6.80908815346, -38.2500736302, 493.642
63, 48722, 2.0, 70.0, 1622158605, 2021-05-27 23:36:45, 9, 12, 4.65697323967, -40.4746081859, 493.05025
64, 48723, 2.0, 70.0, 1622158785, 2021-05-27 23:39:45, 0, 10, 15.9954936567, -42.7228844793, 493.746375
65, 48724, 0.004, 70.0, 1622159753, 2021-05-27 23:55:53, 0, 6, 75.6947586743, -74.6367828625, 505.5890625
66, 48725, 0.004, 70.0, 1622159933, 2021-05-27 23:58:53, 0, 8, 82.6827388736, -128.203907459, 505.762625
67, 48726, 0.004, 70.0, 1622160293, 2021-05-28 00:04:53, 96, 12, 66.91139495, 150.474039773, 502.26596875
68, 48727, 0.004, 70.0, 1622160473, 2021-05-28 00:07:53, 33, 14, 55.8838837817, 143.175108382, 499.03040625
69, 48728, 0.004, 70.0, 1622160653, 2021-05-28 00:10:53, 0, 15, 44.6628870146, 138.819237202, 495.3843125
70, 48729, 0.004, 70.0, 1622160833, 2021-05-28 00:13:53, 1, 16, 33.364350525, 135.64830822, 491.8834375
71, 48730, 2.0, 70.0, 1622161015, 2021-05-28 00:16:55, 21, 18, 21.9029276841, 133.013863276, 489.0519375
72, 48732, 2.0, 70.0, 1622161375, 2021-05-28 00:22:55, 18, 19, -0.810180177212, 128.474628837, 487.219125
73, 48733, 0.004, 70.0, 1622162249, 2021-05-28 00:37:29, 27, 21, -55.7059915048, 114.170252453, 502.849125
74, 48734, 0.004, 70.0, 1622162429, 2021-05-28 00:40:29, 0, 22, -66.7255796536, 106.958330841, 506.52740625
75, 48735, 0.004, 70.0, 1622162789, 2021-05-28 00:46:29, 23, 24, -82.7074778187, 27.2460446523, 510.4121875
76, 48736, 0.004, 70.0, 1622162969, 2021-05-28 00:49:29, 302, 24, -75.9019388023, -27.5833176859, 510.165
77, 48737, 0.004, 70.0, 1622163149, 2021-05-28 00:52:29, 31, 22, -65.4225844658, -42.6408812281, 508.52065625
78, 48738, 0.004, 70.0, 1622163329, 2021-05-28 00:55:29, 306, 21, -54.3775367869, -49.3228211413, 505.78859375
79, 48739, 0.004, 70.0, 1622163509, 2021-05-28 00:58:29, 426, 19, -43.166368662, -53.4514997393, 502.43315625
80, 48740, 0.004, 70.0, 1622163689, 2021-05-28 01:01:29, 796, 17, -31.8862258719, -56.51857228, 498.99878125
81, 48741, 0.004, 70.0, 1622163869, 2021-05-28 01:04:29, 136, 15, -20.5721711925, -59.0736845765, 496.023875
82, 48742, 0.004, 70.0, 1622164049, 2021-05-28 01:07:29, 23, 13, -9.24060817691, -61.3766809304, 493.95671875
83, 48743, 2.0, 70.0, 1622164591, 2021-05-28 01:16:31, 19, 7, 24.8955289648, -68.2121293451, 495.092875
84, 48744, 0.004, 70.0, 1622164769, 2021-05-28 01:19:29, 0, 5, 36.0815090595, -70.8910798014, 497.47628125
85, 48745, 0.004, 70.0, 1622164949, 2021-05-28 01:22:29, 0, 4, 47.3520793396, -74.2643531377, 500.25921875
86, 48746, 0.004, 70.0, 1622165129, 2021-05-28 01:25:29, 10, 4, 58.5313265753, -79.0780314075, 502.89375
87, 48747, 0.004, 70.0, 1622165309, 2021-05-28 01:28:29, 0, 4, 69.4629009066, -87.6949707425, 504.87546875
88, 48748, 0.004, 70.0, 1622165489, 2021-05-28 01:31:29, 0, 5, 79.3442926719, -111.18056937, 505.8039375
89, 48749, 0.004, 70.0, 1622165669, 2021-05-28 01:34:29, 2, 6, 81.8902866658, 174.069529315, 505.4501875
90, 48750, 0.004, 70.0, 1622165849, 2021-05-28 01:37:29, 150, 8, 73.3091580126, 135.078028405, 503.79678125
91, 48751, 0.004, 70.0, 1622166029, 2021-05-28 01:40:29, 15, 9, 62.5756318465, 123.397489681, 501.0439375
92, 48752, 0.004, 70.0, 1622166209, 2021-05-28 01:43:29, 3, 11, 51.4468494635, 117.633629644, 497.5801875
93, 48753, 2.0, 70.0, 1622166571, 2021-05-28 01:49:31, 43, 14, 28.7451994579, 110.933869768, 490.6016875
94, 48754, 2.0, 70.0, 1622166751, 2021-05-28 01:52:31, 13, 16, 17.4008084933, 108.465063742, 488.218625
95, 48755, 2.0, 70.0, 1622166931, 2021-05-28 01:55:31, 5, 18, 6.04372276837, 106.199722221, 487.1306875
96, 48756, 2.0, 70.0, 1622167111, 2021-05-28 01:58:31, 20, 19, -5.31628072799, 103.997641912, 487.547625
97, 48757, 0.004, 70.0, 1622167943, 2021-05-28 02:12:23, 32, 22, -57.5244474088, 89.6639298648, 503.50103125
98, 48758, 0.004, 70.0, 1622168123, 2021-05-28 02:15:23, 0, 23, -68.4875225724, 81.6033504188, 507.04321875
99, 48759, 0.004, 70.0, 1622168303, 2021-05-28 02:18:23, 0, 24, -78.553677785, 60.7205114871, 509.4716875
100, 48760, 0.004, 70.0, 1622168483, 2021-05-28 02:21:23, 0, 25, -82.3052821295, -10.4989407577, 510.48646875
101, 48761, 0.004, 70.0, 1622168663, 2021-05-28 02:24:23, 129, 24, -74.2768592141, -54.8847910308, 510.00184375
102, 48762, 0.004, 70.0, 1622168843, 2021-05-28 02:27:23, 84, 23, -63.638580036, -67.6439395685, 508.15684375
103, 48763, 0.004, 70.0, 1622169023, 2021-05-28 02:30:23, 174, 21, -52.5536440523, -73.7147278153, 505.290375
104, 48764, 0.004, 70.0, 1622169203, 2021-05-28 02:33:23, 77, 19, -41.3272992471, -77.6080380945, 501.88534375
105, 48765, 0.004, 70.0, 1622169383, 2021-05-28 02:36:23, 48, 17, -30.0400393998, -80.5653938915, 498.491125
106, 48766, 0.004, 70.0, 1622169563, 2021-05-28 02:39:23, 0, 15, -18.7223408145, -83.0656529388, 495.63684375
107, 48767, 2.0, 70.0, 1622169745, 2021-05-28 02:42:25, 28, 13, -7.26303362469, -85.3682804624, 493.734625
108, 48768, 2.0, 70.0, 1622169925, 2021-05-28 02:45:25, 97, 11, 4.07679093155, -87.5688512995, 493.0859375
109, 48769, 0.004, 70.0, 1622170103, 2021-05-28 02:48:23, 0, 9, 15.2895150589, -89.7860946283, 493.69959375
110, 48770, 0.004, 70.0, 1622170283, 2021-05-28 02:51:23, 0, 7, 26.6187020224, -92.20094216, 495.42859375
111, 48771, 0.004, 70.0, 1622170643, 2021-05-28 02:57:23, 15, 4, 49.1859646409, -98.5232999342, 500.71678125
112, 48772, 0.004, 70.0, 1622170823, 2021-05-28 03:00:23, 11, 4, 60.3407871202, -103.71776808, 503.272625
113, 48773, 0.004, 70.0, 1622171003, 2021-05-28 03:03:23, 0, 4, 71.1943402005, -113.508919386, 505.101125
114, 48774, 0.004, 70.0, 1622171183, 2021-05-28 03:06:23, 0, 4, 80.6234846504, -142.777932882, 505.82834375
115, 48775, 0.004, 70.0, 1622171363, 2021-05-28 03:09:23, 13, 5, 80.9039185573, 139.680619679, 505.2445
116, 48776, 0.004, 70.0, 1622171543, 2021-05-28 03:12:23, 77, 7, 71.6104626455, 108.741269761, 503.3799375
117, 48777, 0.004, 70.0, 1622171723, 2021-05-28 03:15:23, 18, 8, 60.7711710001, 98.6198309978, 500.46903125
118, 48778, 0.004, 70.0, 1622171903, 2021-05-28 03:18:23, 2, 9, 49.6116459356, 93.3219264668, 496.9265
119, 48779, 2.0, 70.0, 1622172085, 2021-05-28 03:21:25, 65, 11, 38.2140102314, 89.7076020944, 493.2441875
120, 48780, 2.0, 70.0, 1622172265, 2021-05-28 03:24:25, 8, 12, 26.8910643532, 86.9053598934, 490.0718125
121, 48781, 2.0, 70.0, 1622172445, 2021-05-28 03:27:25, 10, 15, 15.5435588224, 84.481749229, 487.8753125
122, 48782, 2.0, 70.0, 1622172805, 2021-05-28 03:33:25, 17, 19, -7.17473293912, 80.0321883439, 487.69590625
123, 48783, 0.004, 70.0, 1622173522, 2021-05-28 03:45:22, 64, 23, -52.2225608776, 68.5028563471, 501.5263125
124, 48784, 0.004, 70.0, 1622173702, 2021-05-28 03:48:22, 155, 24, -63.3240976361, 62.5251089373, 505.45321875
125, 48785, 0.004, 70.0, 1622173882, 2021-05-28 03:51:22, 8, 26, -73.9922042503, 50.1009572726, 508.473125
126, 48786, 0.004, 70.0, 1622174062, 2021-05-28 03:54:22, 0, 26, -82.1944349895, 7.38318348237, 510.19728125
127, 48787, 0.004, 70.0, 1622174242, 2021-05-28 03:57:22, 63, 26, -78.79793901, -65.0009637186, 510.4341875
128, 48788, 0.004, 70.0, 1622174422, 2021-05-28 04:00:22, 21, 25, -68.7916435754, -86.6211488919, 509.2165625
129, 48789, 0.004, 70.0, 1622174602, 2021-05-28 04:03:22, 77, 23, -57.8481573943, -94.8432759722, 506.7930625
130, 48790, 0.004, 70.0, 1622174782, 2021-05-28 04:06:22, 70, 21, -46.6730390079, -99.5247081193, 503.58640625
131, 48791, 0.004, 70.0, 1622174962, 2021-05-28 04:09:22, 24, 19, -35.4093945396, -102.840669338, 500.1245
132, 48792, 0.004, 70.0, 1622175142, 2021-05-28 04:12:22, 6, 16, -24.1039134552, -105.519414889, 496.95671875
133, 48793, 2.0, 70.0, 1622175324, 2021-05-28 04:15:24, 46, 14, -12.6509276055, -107.906620645, 494.54684375
134, 48794, 2.0, 70.0, 1622175504, 2021-05-28 04:18:24, 80, 12, -1.31337163252, -110.127893785, 493.29490625
135, 48795, 2.0, 70.0, 1622175684, 2021-05-28 04:21:24, 409, 10, 10.0265887804, -112.335902698, 493.3198125
136, 48796, 0.004, 70.0, 1622175862, 2021-05-28 04:24:22, 3, 8, 21.2353654853, -114.624453202, 494.5383125
137, 48797, 0.004, 70.0, 1622176042, 2021-05-28 04:27:22, 15, 6, 32.5547682028, -117.202029991, 496.71553125
138, 48798, 0.004, 70.0, 1622176222, 2021-05-28 04:30:22, 23, 4, 43.8414508991, -120.314396931, 499.421375
139, 48799, 0.004, 70.0, 1622176402, 2021-05-28 04:33:22, 27, 4, 55.0579431564, -124.542543574, 502.14284375
140, 48800, 0.004, 70.0, 1622176762, 2021-05-28 04:39:22, 0, 6, 76.5172227333, -147.632995268, 505.63359375
141, 48801, 0.004, 70.0, 1622176942, 2021-05-28 04:42:22, 0, 8, 82.7397846135, 153.30248941, 505.674875
142, 48802, 0.004, 70.0, 1622177122, 2021-05-28 04:45:22, 87, 9, 76.4282185382, 94.8143979324, 504.3990625
143, 48803, 0.004, 70.0, 1622177302, 2021-05-28 04:48:22, 106, 11, 65.9926662048, 78.833394522, 501.94071875
144, 48804, 0.004, 70.0, 1622177482, 2021-05-28 04:51:22, 0, 13, 54.9392788649, 71.9215094602, 498.63528125
145, 48805, 2.0, 70.0, 1622177664, 2021-05-28 04:54:24, 37, 15, 43.5833790316, 67.668364325, 494.92725
146, 48806, 2.0, 70.0, 1622177844, 2021-05-28 04:57:24, 13, 17, 32.2797267303, 64.5700607443, 491.46253125
147, 48807, 2.0, 70.0, 1622178024, 2021-05-28 05:00:24, 7, 19, 20.941648568, 61.9987882203, 488.74609375
148, 48808, 2.0, 70.0, 1622178204, 2021-05-28 05:03:24, 0, 21, 9.58702683383, 59.68725413, 487.2220625
149, 48809, 2.0, 70.0, 1622178384, 2021-05-28 05:06:24, 8, 22, -1.77327377577, 57.4782958206, 487.1639375
150, 48810, 0.004, 70.0, 1622181001, 2021-05-28 05:50:01, 0, 14, -11.8699706061, -131.665980085, 494.44328125
151, 48811, 0.004, 70.0, 1622181181, 2021-05-28 05:53:01, 0, 12, -0.532079740402, -133.882581376, 493.274875
152, 48812, 0.004, 70.0, 1622181361, 2021-05-28 05:56:01, 1, 10, 10.8077131195, -136.093937082, 493.385
153, 48813, 0.004, 70.0, 1622181541, 2021-05-28 05:59:01, 0, 9, 22.1416240126, -138.421815815, 494.69546875
154, 48814, 0.004, 70.0, 1622181721, 2021-05-28 06:02:01, 24, 7, 33.4591603809, -141.029896228, 496.92809375
155, 48815, 0.004, 70.0, 1622181901, 2021-05-28 06:05:01, 24, 6, 44.7420113411, -144.203543626, 499.6501875
156, 48816, 0.004, 70.0, 1622182081, 2021-05-28 06:08:01, 9, 5, 55.9499180506, -148.566586505, 502.34521875
157, 48817, 0.004, 70.0, 1622182261, 2021-05-28 06:11:01, 39, 5, 66.9668082747, -155.886445596, 504.4970625
158, 48818, 0.004, 70.0, 1622182441, 2021-05-28 06:14:01, 0, 6, 77.2769651651, -173.549683617, 505.67521875
159, 48819, 0.004, 70.0, 1622182801, 2021-05-28 06:20:01, 7, 6, 75.6482655766, 69.1610133755, 504.225125
160, 48820, 0.004, 70.0, 1622182981, 2021-05-28 06:23:01, 80, 8, 65.1204373876, 54.4936568329, 501.68115625
161, 48821, 0.004, 70.0, 1622183161, 2021-05-28 06:26:01, 0, 10, 54.0449987819, 47.9147673988, 498.32503125
162, 48822, 2.0, 70.0, 1622183342, 2021-05-28 06:29:02, 11, 12, 42.7434638392, 43.8064837457, 494.6308125
163, 48823, 2.0, 70.0, 1622183523, 2021-05-28 06:32:03, 42, 14, 31.3733162313, 40.7461321111, 491.18596875
164, 48824, 2.0, 70.0, 1622183703, 2021-05-28 06:35:03, 7, 16, 20.0333153708, 38.2033004947, 488.55090625
165, 48825, 2.0, 70.0, 1622183883, 2021-05-28 06:38:03, 8, 17, 8.6778125422, 35.9049384242, 487.1381875
166, 48826, 2.0, 70.0, 1622184063, 2021-05-28 06:41:03, 22, 19, -2.68263534335, 33.698800983, 487.2051875
167, 48827, 0.004, 70.0, 1622184839, 2021-05-28 06:53:59, 13, 23, -51.465031427, 21.6030174928, 501.23309375
168, 48828, 0.004, 70.0, 1622185019, 2021-05-28 06:56:59, 54, 24, -62.5809252432, 15.8419185607, 505.21296875
169, 48829, 0.004, 70.0, 1622186127, 2021-05-28 07:15:27, 34, 20, -45.6860561824, -147.062114397, 503.3289375
170, 48830, 0.004, 70.0, 1622186307, 2021-05-28 07:18:27, 3, 19, -34.4176169213, -150.302082931, 499.87275
171, 48831, 0.004, 70.0, 1622186487, 2021-05-28 07:21:27, 0, 17, -23.1097811292, -152.943248781, 496.75515625
172, 48832, 2.0, 70.0, 1622186669, 2021-05-28 07:24:29, 8, 15, -11.6556469539, -155.312108649, 494.43146875
173, 48833, 2.0, 70.0, 1622186849, 2021-05-28 07:27:29, 38, 13, -0.317720763354, -157.527521487, 493.2845625
174, 48834, 0.004, 70.0, 1622187027, 2021-05-28 07:30:27, 0, 11, 10.8959967296, -159.714903229, 493.40753125
175, 48835, 0.004, 70.0, 1622187207, 2021-05-28 07:33:27, 2, 9, 22.2297761415, -162.044229962, 494.72290625
176, 48836, 0.004, 70.0, 1622187387, 2021-05-28 07:36:27, 3, 7, 33.5470922363, -164.65535664, 496.95703125
177, 48837, 0.004, 70.0, 1622187567, 2021-05-28 07:39:27, 8, 6, 44.8295368002, -167.835164868, 499.6764375
178, 48838, 0.004, 70.0, 1622187747, 2021-05-28 07:42:27, 26, 5, 56.0365692455, -172.211813483, 502.36440625
179, 48839, 0.004, 70.0, 1622187927, 2021-05-28 07:45:27, 86, 5, 67.0509903562, -179.569457181, 504.50540625
180, 48840, 0.004, 70.0, 1622188880, 2021-05-28 08:01:20, 0, 23, 50.6589256711, 22.9101637281, 497.1994375
181, 48841, 0.004, 70.0, 1622189060, 2021-05-28 08:04:20, 0, 21, 39.3935804858, 19.2243170298, 493.53790625
182, 48842, 0.004, 70.0, 1622189240, 2021-05-28 08:07:20, 0, 20, 28.0741060513, 16.3652288719, 490.2905
183, 48843, 0.004, 70.0, 1622189420, 2021-05-28 08:10:20, 0, 20, 16.7281629262, 13.9133523234, 487.97409375
184, 48844, 0.004, 70.0, 1622189600, 2021-05-28 08:13:20, 0, 20, 5.37020421771, 11.6551867699, 486.9764375
185, 48845, 0.004, 70.0, 1622190418, 2021-05-28 08:26:58, 217, 21, -46.1269653838, -0.0539100727971, 499.17984375
186, 48846, 0.004, 70.0, 1622190598, 2021-05-28 08:29:58, 19, 23, -57.320525281, -4.64416321988, 503.39815625
187, 48847, 0.004, 70.0, 1622190778, 2021-05-28 08:32:58, 72, 24, -68.2905808979, -12.6008418283, 506.98375
188, 48848, 0.004, 70.0, 1622190958, 2021-05-28 08:35:58, 152, 26, -78.3912627167, -33.0155156887, 509.46278125
189, 48849, 0.004, 70.0, 1622191138, 2021-05-28 08:38:58, 8, 27, -82.3720403985, -103.406939832, 510.530625
190, 48850, 0.004, 70.0, 1622191318, 2021-05-28 08:41:58, 11, 26, -74.4622646991, -148.918860341, 510.0964375
191, 48851, 0.004, 70.0, 1622191498, 2021-05-28 08:44:58, 79, 25, -63.8400228052, -161.907776443, 508.29434375
192, 48852, 0.004, 70.0, 1622191678, 2021-05-28 08:47:58, 1, 23, -52.7595640104, -168.041955675, 505.45915625
193, 48853, 0.004, 70.0, 1622191858, 2021-05-28 08:50:58, 6, 21, -41.5352238658, -171.960148333, 502.071125
194, 48854, 0.004, 70.0, 1622192038, 2021-05-28 08:53:58, 0, 19, -30.2491558865, -174.929204244, 498.67859375
195, 48855, 0.004, 70.0, 1622192218, 2021-05-28 08:56:58, 0, 16, -18.9322888767, -177.435309934, 495.81159375
196, 48856, 0.004, 70.0, 1622192398, 2021-05-28 08:59:58, 0, 14, -7.59958436581, -179.715869116, 493.899
197, 48857, 0.004, 70.0, 1622192578, 2021-05-28 09:02:58, 0, 12, 3.73975482011, 178.083085074, 493.20296875
198, 48858, 0.004, 70.0, 1622192758, 2021-05-28 09:05:58, 0, 10, 15.0782060814, 175.843288461, 493.7795625
199, 48859, 0.004, 70.0, 1622192938, 2021-05-28 09:08:58, 0, 8, 26.4073537713, 173.433215231, 495.4720625
200, 48860, 0.004, 70.0, 1622193118, 2021-05-28 09:11:58, 1, 6, 37.7146141201, 170.656538429, 497.93746875
201, 48861, 0.004, 70.0, 1622193298, 2021-05-28 09:14:58, 11, 4, 48.9760217013, 167.14019312, 500.702625
202, 48862, 0.004, 70.0, 1622193478, 2021-05-28 09:17:58, 16, 3, 60.1337572563, 161.992484449, 503.24128125
203, 48863, 0.004, 70.0, 1622193838, 2021-05-28 09:23:58, 3, 2, 80.4855558103, 123.837026014, 505.7816875
204, 48864, 0.004, 70.0, 1622194018, 2021-05-28 09:26:58, 1, 3, 81.0320938873, 46.3890602328, 505.20653125
205, 48865, 0.004, 70.0, 1622194198, 2021-05-28 09:29:58, 26, 5, 71.8080805087, 14.6185855768, 503.3505
206, 48866, 0.004, 70.0, 1622194380, 2021-05-28 09:33:00, 7, 6, 60.8565893459, 4.2588090696, 500.407875
207, 48867, 0.004, 70.0, 1622194558, 2021-05-28 09:35:58, 0, 7, 49.8228866111, -1.01265153018, 496.9013125
208, 48868, 0.004, 70.0, 1622194738, 2021-05-28 09:38:58, 3, 9, 38.5518860292, -4.61334583324, 493.25015625
209, 48869, 0.004, 70.0, 1622194918, 2021-05-28 09:41:58, 0, 11, 27.2296521983, -7.43149170281, 490.05528125
210, 48870, 0.004, 70.0, 1622195098, 2021-05-28 09:44:58, 0, 13, 15.8823259599, -9.86300660362, 487.826625
211, 48871, 0.004, 70.0, 1622195278, 2021-05-28 09:47:58, 0, 14, 4.52381315229, -12.1127548027, 486.9395
212, 48872, 0.004, 70.0, 1622196106, 2021-05-28 10:01:46, 448, 15, -47.5894659793, -24.1571667326, 499.7395625
213, 48873, 0.004, 70.0, 1622196286, 2021-05-28 10:04:46, 64, 16, -58.7651581016, -29.0165457981, 503.9114375
214, 48874, 0.004, 70.0, 1622196466, 2021-05-28 10:07:46, 7, 17, -69.6822797525, -37.7651165388, 507.38165625
215, 48875, 0.004, 70.0, 1622196646, 2021-05-28 10:10:46, 84, 18, -79.5072678156, -61.8501223228, 509.69465625
216, 48876, 0.004, 70.0, 1622196826, 2021-05-28 10:13:46, 3, 19, -81.7949303948, -137.073113001, 510.5715625
217, 48877, 0.004, 70.0, 1622197006, 2021-05-28 10:16:46, 0, 18, -73.1375631701, -175.037449082, 509.95078125
218, 48878, 0.004, 70.0, 1622197186, 2021-05-28 10:19:46, 0, 17, -62.4132167783, 173.471464291, 507.99453125
219, 48879, 0.004, 70.0, 1622197366, 2021-05-28 10:22:46, 0, 15, -51.3052323212, 167.760743126, 505.0600625
220, 48880, 0.004, 70.0, 1622197546, 2021-05-28 10:25:46, 0, 13, -40.0700458362, 164.011078556, 501.641125
221, 48881, 0.004, 70.0, 1622197726, 2021-05-28 10:28:46, 0, 11, -28.7788108188, 161.121812914, 498.28859375
222, 48882, 0.004, 70.0, 1622197906, 2021-05-28 10:31:46, 0, 9, -17.4592971107, 158.65560919, 495.52371875
223, 48883, 0.004, 70.0, 1622198266, 2021-05-28 10:37:46, 0, 5, 5.21423215228, 154.193105097, 493.22534375
224, 48884, 0.004, 70.0, 1622198446, 2021-05-28 10:40:46, 0, 3, 16.5519440456, 151.939374897, 493.957
225, 48885, 0.004, 70.0, 1622198626, 2021-05-28 10:43:46, 0, 1, 27.8790563392, 149.494959477, 495.7689375
226, 48886, 0.004, 70.0, 1622198806, 2021-05-28 10:46:46, 0, 0, 39.1820666027, 146.649161159, 498.2976875
227, 48887, 0.004, 70.0, 1622198986, 2021-05-28 10:49:46, 2, 0, 50.4344719946, 142.989764369, 501.058625
228, 48888, 0.004, 70.0, 1622199166, 2021-05-28 10:52:46, 20, 0, 61.5701323782, 137.49875673, 503.525125
229, 48889, 0.004, 70.0, 1622199346, 2021-05-28 10:55:46, 13, 1, 72.3590786992, 126.743121241, 505.21484375
230, 48890, 0.004, 70.0, 1622199526, 2021-05-28 10:58:46, 0, 3, 81.370037987, 92.5338319197, 505.770125
231, 48891, 0.004, 70.0, 1622199706, 2021-05-28 11:01:46, 0, 5, 80.0877177818, 15.6625936517, 505.0188125
232, 48892, 0.004, 70.0, 1622199886, 2021-05-28 11:04:46, 29, 8, 70.4379787123, -10.8819948418, 503.0054375
233, 48893, 0.004, 70.0, 1622200066, 2021-05-28 11:07:46, 5, 10, 59.5397220439, -20.1307770476, 499.98746875
234, 48894, 0.004, 70.0, 1622200246, 2021-05-28 11:10:46, 9, 12, 48.3617076573, -25.1526002097, 496.3966875
235, 48895, 0.004, 70.0, 1622200426, 2021-05-28 11:13:46, 0, 14, 37.0816365841, -28.6159722788, 492.77228125
236, 48896, 0.004, 70.0, 1622200606, 2021-05-28 11:16:46, 0, 15, 25.7549682529, -31.367493495, 489.676375
237, 48897, 0.004, 70.0, 1622200786, 2021-05-28 11:19:46, 0, 16, 14.4054614766, -33.7660339501, 487.60559375
238, 48898, 0.004, 70.0, 1622200966, 2021-05-28 11:22:46, 0, 17, 3.04616234348, -36.0028082048, 486.91275
239, 48899, 0.004, 70.0, 1622201146, 2021-05-28 11:25:46, 0, 17, -8.31377797364, -38.2079518536, 487.75078125
240, 48900, 0.004, 70.0, 1622201999, 2021-05-28 11:39:59, 108, 22, -61.7394800885, -54.4043794303, 504.93640625
241, 48901, 0.004, 70.0, 1622202179, 2021-05-28 11:42:59, 16, 23, -72.5121568988, -65.295460985, 508.1385625
242, 48902, 0.004, 70.0, 1622202359, 2021-05-28 11:45:59, 18, 23, -81.4534414269, -100.15803058, 510.0885625
243, 48903, 0.004, 70.0, 1622202539, 2021-05-28 11:48:59, 1, 22, -79.9920746429, -176.733849506, 510.5631875
244, 48904, 0.004, 70.0, 1622202719, 2021-05-28 11:51:59, 0, 21, -70.3269539874, 157.179004254, 509.56178125
245, 48905, 0.004, 70.0, 1622202899, 2021-05-28 11:54:59, 31, 20, -59.4461689429, 148.017207069, 507.30303125
246, 48906, 0.004, 70.0, 1622203079, 2021-05-28 11:57:59, 14, 18, -48.2917289542, 143.022371692, 504.18765625
247, 48907, 0.004, 70.0, 1622203259, 2021-05-28 12:00:59, 12, 16, -37.0373052413, 139.570476048, 500.733
248, 48908, 0.004, 70.0, 1622203439, 2021-05-28 12:03:59, 0, 14, -25.7366496855, 136.824972228, 497.4905
249, 48909, 0.004, 70.0, 1622203619, 2021-05-28 12:06:59, 0, 12, -14.4036583066, 134.42901017, 494.978
250, 48910, 0.004, 70.0, 1622203799, 2021-05-28 12:09:59, 0, 10, -3.06756346058, 132.195251444, 493.52815625
251, 48911, 0.004, 70.0, 1622203979, 2021-05-28 12:12:59, 0, 8, 8.27212321122, 129.992829625, 493.34034375
252, 48912, 0.004, 70.0, 1622204159, 2021-05-28 12:15:59, 0, 6, 19.6078355667, 127.702981386, 494.3848125
253, 48913, 0.004, 70.0, 1622204339, 2021-05-28 12:18:59, 0, 4, 30.9300062184, 125.176234865, 496.42571875
254, 48914, 0.004, 70.0, 1622204519, 2021-05-28 12:21:59, 0, 2, 42.222801934, 122.165569441, 499.060375
255, 48915, 0.004, 70.0, 1622204699, 2021-05-28 12:24:59, 5, 2, 53.4531731357, 118.157710059, 501.78478125
256, 48916, 0.004, 70.0, 1622204879, 2021-05-28 12:27:59, 5, 2, 64.5321531944, 111.79038915, 504.07609375
257, 48917, 0.004, 70.0, 1622205059, 2021-05-28 12:30:59, 4, 2, 75.1094182927, 97.9281923821, 505.4786875
258, 48918, 0.004, 70.0, 1622205239, 2021-05-28 12:33:59, 2, 2, 82.5684902993, 48.2107058351, 505.68034375
259, 48919, 0.004, 70.0, 1622205419, 2021-05-28 12:36:59, 0, 3, 77.7823103712, -18.9079682806, 504.56603125
260, 48920, 0.004, 70.0, 1622205599, 2021-05-28 12:39:59, 50, 3, 67.550188392, -37.7387178576, 502.23996875
261, 48921, 0.004, 70.0, 1622205779, 2021-05-28 12:42:59, 2, 4, 56.541460244, -45.3318254966, 499.0120625
262, 48922, 0.004, 70.0, 1622205959, 2021-05-28 12:45:59, 0, 6, 45.3265730811, -49.7930728354, 495.35090625
263, 48923, 0.004, 70.0, 1622206139, 2021-05-28 12:48:59, 0, 7, 34.0302837237, -53.0113965002, 491.81084375
264, 48924, 0.004, 70.0, 1622206319, 2021-05-28 12:51:59, 0, 9, 22.6955796749, -55.6423409719, 488.94509375
265, 48925, 0.004, 70.0, 1622206499, 2021-05-28 12:54:59, 0, 11, 11.3422061578, -57.9821452152, 487.21853125
266, 48926, 0.004, 70.0, 1622206679, 2021-05-28 12:57:59, 0, 13, -0.0182697338336, -60.1987260157, 486.9345
267, 48927, 0.004, 70.0, 1622206859, 2021-05-28 13:00:59, 0, 15, -11.3771357452, -62.4152794954, 488.186125
268, 48928, 0.004, 70.0, 1622207039, 2021-05-28 13:03:59, 139, 16, -22.725746913, -64.7549744557, 490.84025
269, 48929, 0.004, 70.0, 1622207219, 2021-05-28 13:06:59, 358, 16, -34.0527379706, -67.3855740028, 494.5558125
270, 48930, 0.004, 70.0, 1622207399, 2021-05-28 13:09:59, 206, 17, -45.3386966669, -70.6028663091, 498.83434375
271, 48931, 0.004, 70.0, 1622207579, 2021-05-28 13:12:59, 171, 18, -56.5411597156, -75.0608419873, 503.094625
272, 48932, 0.004, 70.0, 1622207759, 2021-05-28 13:15:59, 39, 20, -67.5363367684, -82.6413547574, 506.76059375
273, 48933, 0.004, 70.0, 1622207939, 2021-05-28 13:18:59, 73, 21, -77.7580563694, -101.399711159, 509.34815625
274, 48934, 0.004, 70.0, 1622208119, 2021-05-28 13:21:59, 1, 21, -82.5782233189, -168.253158784, 510.5383125
275, 48935, 0.004, 70.0, 1622208299, 2021-05-28 13:24:59, 0, 21, -75.1636568249, 141.798715981, 510.2238125
276, 48936, 0.004, 70.0, 1622208479, 2021-05-28 13:27:59, 0, 19, -64.606335879, 127.870006831, 508.52278125
277, 48937, 0.004, 70.0, 1622208659, 2021-05-28 13:30:59, 19, 17, -53.5426759345, 121.482209015, 505.75684375
278, 48938, 0.004, 70.0, 1622208839, 2021-05-28 13:33:59, 8, 15, -42.3249713187, 117.46557967, 502.39790625
279, 48939, 0.004, 70.0, 1622209019, 2021-05-28 13:36:59, 0, 13, -31.0422091509, 114.450481454, 498.9920625
280, 48940, 0.004, 70.0, 1622209199, 2021-05-28 13:39:59, 0, 11, -19.7271999526, 111.921392178, 496.073125
281, 48941, 0.004, 70.0, 1622209379, 2021-05-28 13:42:59, 0, 9, -8.39555241347, 109.630444278, 494.0795
282, 48942, 0.004, 70.0, 1622209559, 2021-05-28 13:45:59, 0, 7, 2.94330204247, 107.427831214, 493.28675
283, 48943, 0.004, 70.0, 1622209739, 2021-05-28 13:48:59, 0, 5, 14.2818265149, 105.194748677, 493.7663125
284, 48944, 0.004, 70.0, 1622209919, 2021-05-28 13:51:59, 0, 3, 25.6117647992, 102.801969486, 495.37634375
285, 48945, 0.004, 70.0, 1622210099, 2021-05-28 13:54:59, 0, 2, 36.920997365, 100.060235931, 497.78603125
286, 48946, 0.004, 70.0, 1622210639, 2021-05-28 14:03:59, 50, 0, 70.2536045859, 82.5167174654, 504.9471875
287, 48947, 0.004, 70.0, 1622210819, 2021-05-28 14:06:59, 0, 1, 79.9485458473, 56.6062923995, 505.73596875
288, 48948, 0.004, 70.0, 1622210999, 2021-05-28 14:09:59, 0, 2, 81.4784194287, -19.9638574696, 505.2365
289, 48949, 0.004, 70.0, 1622211179, 2021-05-28 14:12:59, 4, 3, 72.5407207499, -55.053882609, 503.44959375
290, 48950, 0.004, 70.0, 1622211359, 2021-05-28 14:15:59, 14, 4, 61.7552373349, -65.9795590718, 500.59253125
291, 48951, 0.004, 70.0, 1622211539, 2021-05-28 14:18:59, 7, 6, 50.6111484979, -71.5217726391, 497.06725
292, 48952, 0.004, 70.0, 1622211719, 2021-05-28 14:21:59, 0, 8, 39.3450793125, -75.2026230541, 493.39815625
293, 48953, 0.004, 70.0, 1622211899, 2021-05-28 14:24:59, 0, 10, 28.0250260194, -78.0593018627, 490.15021875
294, 48954, 0.004, 70.0, 1622212079, 2021-05-28 14:27:59, 1, 12, 16.6785842906, -80.5099737366, 487.8400625
295, 48955, 0.004, 70.0, 1622212259, 2021-05-28 14:30:59, 0, 14, 5.3201875962, -82.7676381249, 486.85478125
296, 48957, 0.004, 70.0, 1622212619, 2021-05-28 14:36:59, 0, 17, -17.3951889552, -87.2346911246, 489.419375
297, 48958, 0.004, 70.0, 1622213628, 2021-05-28 14:53:48, 20, 22, -78.9653059654, -129.93921264, 509.60525
298, 48959, 0.004, 70.0, 1622213808, 2021-05-28 14:56:48, 0, 22, -82.1105534363, 156.92177933, 510.59665625
299, 48960, 0.004, 70.0, 1622213988, 2021-05-28 14:59:48, 0, 22, -73.7975916703, 115.350802839, 510.08578125
300, 48961, 0.004, 70.0, 1622214168, 2021-05-28 15:02:48, 0, 20, -63.1213776215, 103.154543851, 508.22028125
301, 48962, 0.004, 70.0, 1622214348, 2021-05-28 15:05:48, 33, 19, -52.026807656, 97.24137588, 505.34578125
302, 48963, 0.004, 70.0, 1622214528, 2021-05-28 15:08:48, 14, 17, -40.7971536242, 93.41050036, 501.94903125
303, 48964, 0.004, 70.0, 1622214708, 2021-05-28 15:11:48, 0, 15, -29.50874289, 90.4826646406, 498.57946875
304, 48965, 0.004, 70.0, 1622214888, 2021-05-28 15:14:48, 0, 13, -18.1908411066, 87.9972134434, 495.76265625
305, 48966, 0.004, 70.0, 1622215248, 2021-05-28 15:20:48, 0, 9, 4.48136907613, 83.5259188963, 493.29621875
306, 48967, 0.004, 70.0, 1622215428, 2021-05-28 15:23:48, 0, 7, 15.8192030591, 81.2794628484, 493.93875
307, 48968, 0.004, 70.0, 1622215608, 2021-05-28 15:26:48, 0, 5, 27.147140098, 78.8526146743, 495.676375
308, 48969, 0.004, 70.0, 1622215788, 2021-05-28 15:29:48, 0, 4, 38.452155022, 76.0420669633, 498.15640625
309, 48970, 0.004, 70.0, 1622215968, 2021-05-28 15:32:48, 0, 3, 49.7090649237, 72.4557531967, 500.9005
310, 48971, 0.004, 70.0, 1622216148, 2021-05-28 15:35:48, 3, 3, 60.8560634213, 67.1412239853, 503.38278125
311, 48972, 0.004, 70.0, 1622216328, 2021-05-28 15:38:48, 9, 4, 71.6839076696, 56.9645699724, 505.11628125
312, 48973, 0.004, 70.0, 1622216508, 2021-05-28 15:41:48, 0, 4, 80.9497764474, 25.739284431, 505.73384375
313, 48974, 0.004, 70.0, 1622216688, 2021-05-28 15:44:48, 0, 5, 80.5749356658, -51.7795343175, 505.05078125
314, 48975, 0.004, 70.0, 1622216868, 2021-05-28 15:47:48, 0, 6, 71.121421101, -80.7804697183, 503.098
315, 48976, 0.004, 70.0, 1622217048, 2021-05-28 15:50:48, 11, 7, 60.2558605481, -90.5205585301, 500.12059375
316, 48977, 0.004, 70.0, 1622217228, 2021-05-28 15:53:48, 2, 9, 49.087831898, -95.6992216185, 496.54140625
317, 48978, 0.004, 70.0, 1622217408, 2021-05-28 15:56:48, 13, 11, 37.8117906365, -99.2290838716, 492.8955625
318, 48979, 0.004, 70.0, 1622217588, 2021-05-28 15:59:48, 0, 13, 26.4868964469, -102.012946034, 489.74665625
319, 48980, 0.004, 70.0, 1622217768, 2021-05-28 16:02:48, 0, 15, 15.1380641518, -104.427458886, 487.59828125
320, 48981, 0.004, 70.0, 1622217948, 2021-05-28 16:05:48, 0, 16, 3.77876800687, -106.670397386, 486.8145
321, 48982, 0.004, 70.0, 1622218128, 2021-05-28 16:08:48, 0, 18, -7.58168756264, -108.874069129, 487.56203125
322, 48983, 0.004, 70.0, 1622218308, 2021-05-28 16:11:48, 0, 19, -18.9348997165, -111.157292086, 489.7828125
323, 48984, 0.004, 70.0, 1622219090, 2021-05-28 16:24:50, 11, 23, -67.6471156065, -129.957900038, 506.8010625
324, 48985, 0.004, 70.0, 1622219270, 2021-05-28 16:27:50, 17, 24, -77.8520875837, -148.946481626, 509.38471875
325, 48986, 0.004, 70.0, 1622219450, 2021-05-28 16:30:50, 0, 24, -82.5530540718, 143.647347661, 510.568
326, 48987, 0.004, 70.0, 1622219630, 2021-05-28 16:33:50, 0, 23, -75.0616684402, 94.3600264281, 510.24559375
327, 48988, 0.004, 70.0, 1622219810, 2021-05-28 16:36:50, 0, 21, -64.4945051917, 80.5755094017, 508.53765625
328, 48989, 0.004, 70.0, 1622219990, 2021-05-28 16:39:50, 95, 20, -53.4284751716, 74.2260699274, 505.76740625
329, 48990, 0.004, 70.0, 1622220170, 2021-05-28 16:42:50, 9, 18, -42.2099645934, 70.2242074517, 502.40775
330, 48991, 0.004, 70.0, 1622220350, 2021-05-28 16:45:50, 0, 16, -30.9269018974, 67.2160077265, 499.00496875
331, 48992, 0.004, 70.0, 1622220530, 2021-05-28 16:48:50, 0, 14, -19.6118124443, 64.6903676963, 496.09225
332, 48993, 0.004, 70.0, 1622220710, 2021-05-28 16:51:50, 0, 12, -8.28019649482, 62.4009975699, 494.1066875
333, 48994, 0.004, 70.0, 1622220890, 2021-05-28 16:54:50, 0, 10, 3.05856084437, 60.1986782044, 493.32203125
334, 48995, 0.004, 70.0, 1622221070, 2021-05-28 16:57:50, 0, 8, 14.3969305703, 57.9646872517, 493.80771875
335, 48996, 0.004, 70.0, 1622222083, 2021-05-28 17:14:43, 1, 2, 76.7501253537, 22.865011055, 505.57225
336, 48997, 0.004, 70.0, 1622222263, 2021-05-28 17:17:43, 0, 4, 82.7327017073, -37.7438917259, 505.54228125
337, 48998, 0.004, 70.0, 1622222443, 2021-05-28 17:20:43, 0, 5, 76.1925428609, -94.6607938081, 504.19996875
338, 48999, 0.004, 70.0, 1622222623, 2021-05-28 17:23:43, 11, 7, 65.726930865, -110.223427641, 501.68646875
339, 49000, 0.004, 70.0, 1622222803, 2021-05-28 17:26:43, 63, 8, 54.6659756755, -117.030564922, 498.34284375
340, 49001, 0.004, 70.0, 1622222983, 2021-05-28 17:29:43, 26, 9, 43.4321074169, -121.205640995, 494.65803125
341, 49002, 0.004, 70.0, 1622223163, 2021-05-28 17:32:43, 5, 11, 32.1270754174, -124.294211556, 491.19265625
342, 49003, 0.004, 70.0, 1622223343, 2021-05-28 17:35:43, 0, 13, 20.7879334532, -126.860641476, 488.491
343, 49004, 0.004, 70.0, 1622223523, 2021-05-28 17:38:43, 0, 15, 9.43244343123, -129.169928434, 486.99540625
344, 49005, 0.004, 70.0, 1622223883, 2021-05-28 17:44:43, 0, 18, -13.2865228114, -133.60650513, 488.48846875
345, 49006, 0.004, 70.0, 1622224784, 2021-05-28 17:59:44, 22, 22, -69.4011696568, -155.449163225, 507.31303125
346, 49007, 0.004, 70.0, 1622224964, 2021-05-28 18:02:44, 0, 22, -79.288223649, -178.71983629, 509.68875
347, 49008, 0.004, 70.0, 1622225144, 2021-05-28 18:05:44, 0, 22, -81.930912631, 106.833331549, 510.63115625
348, 49009, 0.004, 70.0, 1622225324, 2021-05-28 18:08:44, 0, 22, -73.4089129254, 67.4260975152, 510.07175
349, 49010, 0.004, 70.0, 1622225504, 2021-05-28 18:11:44, 41, 20, -62.7039164595, 55.6544338218, 508.16609375
350, 49011, 0.004, 70.0, 1622225684, 2021-05-28 18:14:44, 7, 19, -51.6015976444, 49.8624778027, 505.26625
351, 49012, 0.004, 70.0, 1622225864, 2021-05-28 18:17:44, 110, 17, -40.3689519897, 46.0800897955, 501.8625625
352, 49013, 0.004, 70.0, 1622226044, 2021-05-28 18:20:44, 0, 15, -29.0791820479, 43.1752683985, 498.5051875
353, 49014, 0.004, 70.0, 1622226224, 2021-05-28 18:23:44, 0, 13, -17.7606467644, 40.701322655, 495.71696875
354, 49015, 0.004, 70.0, 1622226404, 2021-05-28 18:26:44, 0, 11, -6.4273779091, 38.4350078321, 493.9123125
355, 49016, 0.004, 70.0, 1622226584, 2021-05-28 18:29:44, 0, 9, 4.91175594426, 36.2354512781, 493.333625
356, 49017, 0.004, 70.0, 1622226764, 2021-05-28 18:32:44, 0, 7, 16.249277873, 33.9848458903, 494.01540625
357, 49018, 0.004, 70.0, 1622226944, 2021-05-28 18:35:44, 0, 5, 27.5765404307, 31.54784464, 495.78075
358, 49019, 0.004, 70.0, 1622227124, 2021-05-28 18:38:44, 0, 4, 38.8802542037, 28.7168746634, 498.27125
359, 49020, 0.004, 70.0, 1622227304, 2021-05-28 18:41:44, 0, 3, 50.134479841, 25.0882222616, 501.005625
360, 49021, 0.004, 70.0, 1622227484, 2021-05-28 18:44:44, 0, 3, 61.2749179419, 19.671684175, 503.45828125
361, 49022, 0.004, 70.0, 1622227664, 2021-05-28 18:47:44, 1, 4, 72.0804821132, 9.16205160995, 505.14575
362, 49023, 0.004, 70.0, 1622227844, 2021-05-28 18:50:44, 0, 5, 81.2014620881, -23.7768839978, 505.70725
363, 49024, 0.004, 70.0, 1622228024, 2021-05-28 18:53:44, 0, 5, 80.292951306, -101.003088905, 504.96609375
364, 49025, 0.004, 70.0, 1622228204, 2021-05-28 18:56:44, 3, 7, 70.7206597515, -128.529762124, 502.9619375
365, 49026, 0.004, 70.0, 1622228384, 2021-05-28 18:59:44, 68, 9, 59.8352438387, -137.976214273, 499.94778125
366, 49027, 0.004, 70.0, 1622228564, 2021-05-28 19:02:44, 23, 11, 48.6609416599, -143.061563317, 496.35225
367, 49028, 0.004, 70.0, 1622228744, 2021-05-28 19:05:44, 0, 13, 37.3821512472, -146.551953907, 492.713375
368, 49029, 0.004, 70.0, 1622228924, 2021-05-28 19:08:44, 2, 15, 26.0558363782, -149.316636898, 489.594125
369, 49030, 0.004, 70.0, 1622229104, 2021-05-28 19:11:44, 0, 16, 14.7062408095, -151.721669448, 487.4941875
370, 49032, 0.004, 70.0, 1622233157, 2021-05-28 20:19:17, 1, 1, 61.7906450355, -4.26430011481, 503.55390625
371, 49033, 0.004, 70.0, 1622233337, 2021-05-28 20:22:17, 0, 1, 72.5669145254, -15.2098357796, 505.19084375
372, 49035, 0.004, 70.0, 1622234250, 2021-05-28 20:37:30, 20, 8, 47.3225626771, -167.138827082, 495.88603125
373, 49036, 0.004, 70.0, 1622234430, 2021-05-28 20:40:30, 1, 10, 36.0360541506, -170.512653663, 492.2791875
374, 49037, 0.004, 70.0, 1622234610, 2021-05-28 20:43:30, 0, 11, 24.7059348663, -173.220345556, 489.2574375
375, 49038, 2.0, 70.0, 1622234792, 2021-05-28 20:46:32, 19, 13, 13.228294595, -175.622673351, 487.29303125
376, 49039, 2.0, 70.0, 1622234972, 2021-05-28 20:49:32, 10, 15, 1.86798672832, -177.850667397, 486.76734375
377, 49040, 2.0, 70.0, 1622235152, 2021-05-28 20:52:32, 11, 16, -9.49204707702, 179.940773585, 487.7816875
378, 49041, 0.004, 70.0, 1622236040, 2021-05-28 21:07:20, 27, 21, -65.0116393043, 161.598300571, 506.002875
379, 49042, 0.004, 70.0, 1622236220, 2021-05-28 21:10:20, 0, 22, -75.5370632667, 147.113818929, 508.8999375
380, 49043, 0.004, 70.0, 1622236400, 2021-05-28 21:13:20, 0, 22, -82.6558689094, 94.6977792825, 510.45440625
381, 49044, 0.004, 70.0, 1622236580, 2021-05-28 21:16:20, 2, 22, -77.408821967, 29.9838747543, 510.50646875
382, 49045, 0.004, 70.0, 1622236760, 2021-05-28 21:19:20, 140, 21, -67.1342845131, 12.0435282742, 509.12175
383, 49046, 0.004, 70.0, 1622236940, 2021-05-28 21:22:20, 37, 19, -56.1366076111, 4.65432654137, 506.57765625
384, 49047, 0.004, 70.0, 1622237120, 2021-05-28 21:25:20, 176, 17, -44.9433858083, 0.265208801598, 503.31671875
385, 49048, 0.004, 70.0, 1622237300, 2021-05-28 21:28:20, 497, 15, -33.6721598301, -2.92059742645, 499.875
386, 49049, 0.004, 70.0, 1622237480, 2021-05-28 21:31:20, 10, 13, -22.3632756039, -5.53483781678, 496.79678125
387, 49050, 0.004, 70.0, 1622237660, 2021-05-28 21:34:20, 0, 11, -11.034893749, -7.86564755471, 494.5495
388, 49051, 2.0, 70.0, 1622237842, 2021-05-28 21:37:22, 21, 10, 0.428636392034, -10.1021460406, 493.44653125
389, 49052, 2.0, 70.0, 1622238022, 2021-05-28 21:40:22, 15, 8, 11.7675894855, -12.3182683646, 493.63353125
390, 49053, 2.0, 70.0, 1622238202, 2021-05-28 21:43:22, 4, 6, 23.1000412794, -14.6624012403, 494.99675
391, 49054, 2.0, 70.0, 1622238562, 2021-05-28 21:49:22, 32, 3, 45.6934430319, -20.5468397284, 499.93528125
392, 49055, 0.004, 70.0, 1622238740, 2021-05-28 21:52:20, 0, 3, 56.7678400338, -25.0010639252, 502.5250625
393, 49056, 0.004, 70.0, 1622238920, 2021-05-28 21:55:20, 0, 4, 67.7605104071, -32.6918637598, 504.56615625
394, 49057, 0.004, 70.0, 1622239100, 2021-05-28 21:58:20, 0, 4, 77.9560567232, -51.9499611977, 505.6090625
395, 49058, 0.004, 70.0, 1622239280, 2021-05-28 22:01:20, 0, 5, 82.5194427109, -120.069124838, 505.39684375
396, 49059, 0.004, 70.0, 1622239460, 2021-05-28 22:04:20, 41, 6, 74.9180842035, -168.578275789, 503.87990625
397, 49060, 0.004, 70.0, 1622239640, 2021-05-28 22:07:20, 26, 8, 64.315465443, 177.820355018, 501.22746875
398, 49061, 0.004, 70.0, 1622239820, 2021-05-28 22:10:20, 27, 10, 53.2207042322, 171.522387849, 497.8035625
399, 49062, 0.004, 70.0, 1622240000, 2021-05-28 22:13:20, 1, 12, 41.9739200859, 167.540852016, 494.111375
400, 49063, 0.004, 70.0, 1622240180, 2021-05-28 22:16:20, 2, 14, 30.6627682369, 164.541893537, 490.71465625
401, 49064, 2.0, 70.0, 1622240542, 2021-05-28 22:22:22, 71, 17, 7.83729543947, 159.706720662, 486.83196875
402, 49065, 2.0, 70.0, 1622240722, 2021-05-28 22:25:22, 17, 18, -3.52398615605, 157.502468353, 487.03728125
403, 49066, 0.004, 70.0, 1622241361, 2021-05-28 22:36:01, 0, 22, -43.7472899112, 148.285387616, 498.17978125
404, 49067, 0.004, 70.0, 1622241541, 2021-05-28 22:39:01, 89, 24, -54.9660224706, 144.070354937, 502.5073125
405, 49068, 0.004, 70.0, 1622241721, 2021-05-28 22:42:01, 0, 25, -66.0056572246, 137.158722592, 506.31828125
406, 49069, 0.004, 70.0, 1622241901, 2021-05-28 22:45:01, 0, 25, -76.4269959343, 121.192007937, 509.10965625
407, 49070, 0.004, 70.0, 1622242081, 2021-05-28 22:48:01, 0, 25, -82.739839255, 62.8386009597, 510.5345
408, 49071, 0.004, 70.0, 1622242261, 2021-05-28 22:51:01, 39, 24, -76.5456568108, 3.71293778988, 510.453
409, 49072, 0.004, 70.0, 1622242441, 2021-05-28 22:54:01, 66, 23, -66.1459356498, -12.4668087574, 508.9510625
410, 49073, 0.004, 70.0, 1622242621, 2021-05-28 22:57:01, 101, 21, -55.1204120666, -19.4309558653, 506.3234375
411, 49074, 0.004, 70.0, 1622242801, 2021-05-28 23:00:01, 531, 19, -43.9172284329, -23.6649918388, 503.024375
412, 49075, 0.004, 70.0, 1622242981, 2021-05-28 23:03:01, 598, 17, -32.6414876996, -26.7803999207, 499.59421875
413, 49076, 0.004, 70.0, 1622243161, 2021-05-28 23:06:01, 94, 15, -21.3303221902, -29.3595852189, 496.5736875
414, 49077, 0.004, 70.0, 1622243341, 2021-05-28 23:09:01, 0, 13, -10.0008133541, -31.6737625925, 494.41925
415, 49078, 2.0, 70.0, 1622243523, 2021-05-28 23:12:03, 69, 11, 1.46308692451, -33.9057659601, 493.4293125
416, 49079, 2.0, 70.0, 1622243883, 2021-05-28 23:18:03, 15, 7, 24.1330834856, -38.4912100437, 495.18240625
417, 49080, 2.0, 70.0, 1622244063, 2021-05-28 23:21:03, 7, 6, 35.4457789573, -41.1724451983, 497.4860625
418, 49081, 0.004, 70.0, 1622244241, 2021-05-28 23:24:01, 0, 5, 46.5942493607, -44.4515097353, 500.15725
419, 49082, 0.004, 70.0, 1622244421, 2021-05-28 23:27:01, 0, 5, 57.7823485216, -49.1241343535, 502.74028125
420, 49083, 0.004, 70.0, 1622244601, 2021-05-28 23:30:01, 0, 5, 68.7415168171, -57.3246848662, 504.70096875
421, 49084, 0.004, 70.0, 1622244781, 2021-05-28 23:33:01, 0, 6, 78.7691429325, -78.869102751, 505.632625
422, 49085, 0.004, 70.0, 1622244961, 2021-05-28 23:36:01, 1, 7, 82.2026038957, -151.231603375, 505.29603125
423, 49086, 0.004, 70.0, 1622245141, 2021-05-28 23:39:01, 27, 9, 73.9973337223, 165.909939447, 503.66178125
424, 49087, 0.004, 70.0, 1622245321, 2021-05-28 23:42:01, 6, 11, 63.3146309939, 153.47037546, 500.91846875
425, 49088, 0.004, 70.0, 1622245501, 2021-05-28 23:45:01, 2, 13, 52.1988362155, 147.49080439, 497.4456875
426, 49089, 2.0, 70.0, 1622246043, 2021-05-28 23:54:03, 35, 19, 18.1583533118, 138.174808854, 487.9274375
427, 49090, 2.0, 70.0, 1622246223, 2021-05-28 23:57:03, 10, 20, 6.80045052548, 135.900629068, 486.764125
428, 49091, 2.0, 70.0, 1622246403, 2021-05-29 00:00:03, 24, 22, -4.56085711013, 133.697920382, 487.1135625
429, 49092, 0.004, 70.0, 1622247057, 2021-05-29 00:10:57, 5, 26, -45.7132881466, 124.05064701, 498.94246875
430, 49093, 0.004, 70.0, 1622247237, 2021-05-29 00:13:57, 6, 27, -56.9117008931, 119.53086495, 503.2254375
431, 49094, 0.004, 70.0, 1622247417, 2021-05-29 00:16:57, 0, 28, -67.8951880771, 111.775704243, 506.8958125
432, 49095, 0.004, 70.0, 1622247597, 2021-05-29 00:19:57, 0, 29, -78.0613645799, 92.2560139753, 509.47278125
433, 49096, 0.004, 70.0, 1622247777, 2021-05-29 00:22:57, 1, 29, -82.4903256145, 23.6526701776, 510.64246875
434, 49097, 0.004, 70.0, 1622247957, 2021-05-29 00:25:57, 210, 29, -74.8323653294, -24.1657556955, 510.30403125
435, 49098, 0.004, 70.0, 1622248137, 2021-05-29 00:28:57, 50, 27, -64.2437894379, -37.6355307748, 508.581875
436, 49099, 0.004, 70.0, 1622248317, 2021-05-29 00:31:57, 375, 26, -53.1725923797, -43.9005593562, 505.80284375
437, 49100, 0.004, 70.0, 1622248497, 2021-05-29 00:34:57, 474, 24, -41.9523435183, -47.8697598673, 502.442
438, 49101, 0.004, 70.0, 1622248677, 2021-05-29 00:37:57, 634, 21, -30.6686695204, -50.8627009499, 499.0459375
439, 49102, 0.004, 70.0, 1622248857, 2021-05-29 00:40:57, 149, 19, -19.3534434635, -53.3806979984, 496.14653125
440, 49103, 0.004, 70.0, 1622249037, 2021-05-29 00:43:57, 8, 17, -8.02193082063, -55.6665778982, 494.17784375
441, 49104, 2.0, 70.0, 1622249219, 2021-05-29 00:46:59, 2, 15, 3.44256859361, -57.8927312088, 493.40828125
442, 49105, 2.0, 70.0, 1622249399, 2021-05-29 00:49:59, 1, 13, 14.7805139941, -60.1298435579, 493.91925
443, 49106, 2.0, 70.0, 1622249579, 2021-05-29 00:52:59, 10, 11, 26.109537033, -62.5332505228, 495.5453125
444, 49107, 0.004, 70.0, 1622249937, 2021-05-29 00:58:57, 0, 7, 48.5554220674, -68.7404239868, 500.6331875
445, 49108, 0.004, 70.0, 1622250117, 2021-05-29 01:01:57, 6, 6, 59.7189803586, -73.7969496325, 503.1374375
446, 49109, 0.004, 70.0, 1622250297, 2021-05-29 01:04:57, 0, 6, 70.6015685731, -83.1548210584, 504.939125
447, 49110, 0.004, 70.0, 1622250477, 2021-05-29 01:07:57, 2, 6, 80.2041520166, -110.242477039, 505.65665625
448, 49111, 0.004, 70.0, 1622250657, 2021-05-29 01:10:57, 1, 8, 81.2759794519, 172.670925139, 505.0854375
449, 49112, 0.004, 70.0, 1622250837, 2021-05-29 01:13:57, 54, 10, 72.1982140839, 139.178464171, 503.23465625
450, 49113, 0.004, 70.0, 1622251017, 2021-05-29 01:16:57, 4, 12, 61.3913521767, 128.561522504, 500.32934375
451, 49114, 0.004, 70.0, 1622251197, 2021-05-29 01:19:57, 0, 13, 50.240631226, 123.112097056, 496.77734375
452, 49115, 2.0, 70.0, 1622251379, 2021-05-29 01:22:59, 12, 14, 38.8459188427, 119.434477321, 493.0670625
453, 49116, 2.0, 70.0, 1622251559, 2021-05-29 01:25:59, 4, 15, 27.523691842, 116.602175457, 489.8503125
454, 49117, 2.0, 70.0, 1622251739, 2021-05-29 01:28:59, 12, 16, 16.1759062734, 114.163613509, 487.5985625
455, 49118, 2.0, 70.0, 1622251919, 2021-05-29 01:31:59, 18, 17, 4.81669379829, 111.910955649, 486.6911875
456, 49119, 0.004, 70.0, 1622252879, 2021-05-29 01:47:59, 48, 20, -55.5152584722, 96.6077733817, 502.71
457, 49120, 0.004, 70.0, 1622253059, 2021-05-29 01:50:59, 0, 22, -66.54022198, 89.4756147193, 506.4910625
458, 49121, 0.004, 70.0, 1622253239, 2021-05-29 01:53:59, 0, 23, -76.8978418549, 72.6113244154, 509.230875
459, 49122, 0.004, 70.0, 1622253419, 2021-05-29 01:56:59, 0, 22, -82.7235219331, 11.1484627194, 510.591375
460, 49123, 0.004, 70.0, 1622253599, 2021-05-29 01:59:59, 183, 21, -76.0700912295, -44.7997366848, 510.443375
461, 49124, 0.004, 70.0, 1622253779, 2021-05-29 02:02:59, 38, 20, -65.6112001397, -60.1359155961, 508.8835
462, 49125, 0.004, 70.0, 1622253959, 2021-05-29 02:05:59, 211, 18, -54.571975197, -66.8888484955, 506.2155
463, 49126, 0.004, 70.0, 1622254139, 2021-05-29 02:08:59, 67, 16, -43.3638465064, -71.0442058124, 502.89953125
464, 49127, 0.004, 70.0, 1622254319, 2021-05-29 02:11:59, 163, 14, -32.0859030371, -74.1235282974, 499.47790625
465, 49128, 0.004, 70.0, 1622254499, 2021-05-29 02:14:59, 10, 12, -20.7736771409, -76.6846989717, 496.48903125
466, 49129, 2.0, 70.0, 1622254681, 2021-05-29 02:18:01, 371, 10, -9.3177508947, -79.0152551388, 494.3661875
467, 49130, 2.0, 70.0, 1622254861, 2021-05-29 02:21:01, 4, 8, 2.02027860245, -81.220415863, 493.4509375
468, 49131, 2.0, 70.0, 1622255041, 2021-05-29 02:24:01, 11, 6, 13.3586581468, -83.4465247774, 493.8039375
469, 49132, 0.004, 70.0, 1622255219, 2021-05-29 02:26:59, 0, 4, 24.5634912712, -85.7926469457, 495.27940625
470, 49133, 0.004, 70.0, 1622255399, 2021-05-29 02:29:59, 2, 3, 35.8751007428, -88.4909131769, 497.5984375
471, 49134, 0.004, 70.0, 1622255579, 2021-05-29 02:32:59, 0, 1, 47.1462994003, -91.8469949271, 500.29565625
472, 49135, 0.004, 70.0, 1622255759, 2021-05-29 02:35:59, 67, 1, 58.3279030513, -96.6213517978, 502.84984375
473, 49136, 0.004, 70.0, 1622255939, 2021-05-29 02:38:59, 1, 2, 69.2673389303, -105.121535879, 504.75890625
474, 49137, 0.004, 70.0, 1622256119, 2021-05-29 02:41:59, 0, 3, 79.1907910005, -128.057782392, 505.62328125
475, 49138, 0.004, 70.0, 1622256299, 2021-05-29 02:44:59, 1, 3, 81.9809710874, 157.76772558, 505.21375
476, 49139, 0.004, 70.0, 1622256479, 2021-05-29 02:47:59, 28, 4, 73.4954241014, 117.758663087, 503.51190625
477, 49140, 0.004, 70.0, 1622256659, 2021-05-29 02:50:59, 5, 6, 62.7741717853, 105.880643103, 500.717
478, 49141, 0.004, 70.0, 1622256839, 2021-05-29 02:53:59, 2, 9, 51.6477594779, 100.060126648, 497.21696875
479, 49142, 2.0, 70.0, 1622257021, 2021-05-29 02:57:01, 103, 11, 40.2629167179, 96.2305761849, 493.4889375
480, 49143, 2.0, 70.0, 1622257201, 2021-05-29 03:00:01, 18, 13, 28.9452864345, 93.3267622408, 490.18540625
481, 49144, 2.0, 70.0, 1622257381, 2021-05-29 03:03:01, 20, 15, 17.5997018944, 90.8525740256, 487.7893125
482, 49145, 2.0, 70.0, 1622257561, 2021-05-29 03:06:01, 45, 17, 6.22815409764, 88.5834417496, 486.63153125
483, 49147, 0.004, 70.0, 1622258511, 2021-05-29 03:21:51, 113, 21, -53.5095153661, 73.9117036407, 501.9023125
484, 49148, 0.004, 70.0, 1622258691, 2021-05-29 03:24:51, 14, 22, -64.5843290095, 67.5276624281, 505.835875
485, 49149, 0.004, 70.0, 1622258871, 2021-05-29 03:27:51, 0, 23, -75.1495866352, 53.614509034, 508.80896875
486, 49150, 0.004, 70.0, 1622259051, 2021-05-29 03:30:51, 1, 23, -82.5754570923, 3.73897532477, 510.44971875
487, 49151, 0.004, 70.0, 1622259231, 2021-05-29 03:33:51, 116, 22, -77.7706922194, -63.1748989839, 510.58853125
488, 49152, 0.004, 70.0, 1622259411, 2021-05-29 03:36:51, 22, 21, -67.5570868831, -81.9581924065, 509.2811875
489, 49153, 0.004, 70.0, 1622259591, 2021-05-29 03:39:51, 57, 19, -56.5726673783, -89.5441966487, 506.79646875
490, 49154, 0.004, 70.0, 1622259771, 2021-05-29 03:42:51, 40, 17, -45.3843803871, -94.0036954591, 503.57084375
491, 49155, 0.004, 70.0, 1622259951, 2021-05-29 03:45:51, 44, 15, -34.1156405978, -97.2211175389, 500.13753125
492, 49156, 0.004, 70.0, 1622260131, 2021-05-29 03:48:51, 2, 13, -22.8082624283, -99.8510408974, 497.0415625
493, 49157, 2.0, 70.0, 1622260313, 2021-05-29 03:51:53, 24, 11, -11.3549538521, -102.214368312, 494.735125
494, 49158, 2.0, 70.0, 1622260493, 2021-05-29 03:54:53, 24, 9, -0.0180169701436, -104.427991641, 493.59628125
495, 49159, 2.0, 70.0, 1622260673, 2021-05-29 03:57:53, 97, 7, 11.3205997082, -106.641662781, 493.72209375
496, 49160, 0.004, 70.0, 1622260851, 2021-05-29 04:00:51, 5, 6, 22.5272582006, -108.950772154, 495.00640625
497, 49161, 0.004, 70.0, 1622261021, 2021-05-29 04:03:41, 10, 8, 33.2152850615, -111.414947312, 497.05909375
498, 49162, 0.004, 70.0, 1622261211, 2021-05-29 04:06:51, 17, 6, 45.1239350288, -114.772709288, 499.85321875
499, 49163, 0.004, 70.0, 1622261391, 2021-05-29 04:09:51, 63, 5, 56.3277880211, -119.195639266, 502.45853125
500, 49164, 0.004, 70.0, 1622261571, 2021-05-29 04:12:51, 3, 3, 67.333767018, -126.682564784, 504.50209375
501, 49165, 0.004, 70.0, 1622261751, 2021-05-29 04:15:51, 0, 3, 77.5932234142, -145.057371913, 505.560875
502, 49166, 0.004, 70.0, 1622261931, 2021-05-29 04:18:51, 1, 4, 82.6153044159, 148.965169024, 505.3716875
503, 49167, 0.004, 70.0, 1622262111, 2021-05-29 04:21:51, 18, 6, 75.3117216657, 97.9046009087, 503.877375
504, 49168, 0.004, 70.0, 1622262291, 2021-05-29 04:24:51, 11, 7, 64.7473929457, 83.746226648, 501.2398125
505, 49169, 0.004, 70.0, 1622262471, 2021-05-29 04:27:51, 1, 8, 53.6619856789, 77.3003449026, 497.81715625
506, 49170, 2.0, 70.0, 1622262833, 2021-05-29 04:33:53, 15, 11, 30.9826772221, 70.2061757523, 490.6456875
507, 49171, 2.0, 70.0, 1622263013, 2021-05-29 04:36:53, 9, 13, 19.640487286, 67.6749896085, 488.04575
508, 49172, 2.0, 70.0, 1622263193, 2021-05-29 04:39:53, 28, 14, 8.28325727334, 65.3819175195, 486.69684375
509, 49173, 2.0, 70.0, 1622263373, 2021-05-29 04:42:53, 3, 16, -3.07852826207, 63.1766680029, 486.8488125
510, 49174, 0.004, 70.0, 1622264144, 2021-05-29 04:55:44, 16, 19, -51.5479123575, 51.1250348555, 501.14875
511, 49175, 0.004, 70.0, 1622264324, 2021-05-29 04:58:44, 130, 20, -62.6625391735, 45.3410428369, 505.205125
512, 49176, 0.004, 70.0, 1622264504, 2021-05-29 05:01:44, 58, 21, -73.3772549986, 33.5983220701, 508.3831875
513, 49177, 0.004, 70.0, 1622264684, 2021-05-29 05:04:44, 12, 22, -81.9170405168, -5.65896284455, 510.2803125
514, 49178, 0.004, 70.0, 1622264864, 2021-05-29 05:07:44, 65, 22, -79.3124981413, -80.1899179023, 510.68865625
515, 49179, 0.004, 70.0, 1622265044, 2021-05-29 05:10:44, 35, 21, -69.4372057349, -103.542177577, 509.62421875
516, 49180, 0.004, 70.0, 1622265224, 2021-05-29 05:13:44, 62, 19, -58.5194488764, -112.136194797, 507.32071875
517, 49181, 0.004, 70.0, 1622265404, 2021-05-29 05:16:44, 26, 17, -47.3537595661, -116.943561972, 504.1896875
518, 49182, 0.004, 70.0, 1622265584, 2021-05-29 05:19:44, 38, 15, -36.0950772303, -120.314533535, 500.75315625
519, 49183, 0.004, 70.0, 1622265764, 2021-05-29 05:22:44, 3, 13, -24.7928370706, -123.020312974, 497.5604375
520, 49184, 2.0, 70.0, 1622265946, 2021-05-29 05:25:46, 31, 11, -13.3422341032, -125.420741977, 495.080125
521, 49185, 2.0, 70.0, 1622266126, 2021-05-29 05:28:46, 11, 9, -2.00641993518, -127.646386438, 493.72446875
522, 49186, 0.004, 70.0, 1622266304, 2021-05-29 05:31:44, 0, 8, 9.20639746691, -129.826856028, 493.6198125
523, 49187, 0.004, 70.0, 1622266484, 2021-05-29 05:34:44, 1, 6, 20.54067036, -132.129681628, 494.71678125
524, 49188, 0.004, 70.0, 1622266664, 2021-05-29 05:37:44, 13, 4, 31.8605716813, -134.684759773, 496.77390625
525, 49189, 0.004, 70.0, 1622266844, 2021-05-29 05:40:44, 6, 3, 43.1494502834, -137.752197729, 499.3795
526, 49190, 0.004, 70.0, 1622267024, 2021-05-29 05:43:44, 10, 3, 54.3718404091, -141.882631686, 502.0270625
527, 49191, 0.004, 70.0, 1622267384, 2021-05-29 05:49:44, 5, 3, 75.9214185018, -163.671973324, 505.44965625
528, 49192, 0.004, 70.0, 1622267564, 2021-05-29 05:52:44, 0, 3, 82.7113095549, 141.242520017, 505.48546875
529, 49193, 0.004, 70.0, 1622267744, 2021-05-29 05:55:44, 18, 4, 77.0144400142, 78.8889171298, 504.21078125
530, 49194, 0.004, 70.0, 1622267924, 2021-05-29 05:58:44, 102, 5, 66.6580837243, 61.7754000533, 501.7498125
531, 49195, 0.004, 70.0, 1622268104, 2021-05-29 06:01:44, 1, 7, 55.6216625742, 54.5868718396, 498.429625
532, 49196, 0.004, 70.0, 1622268284, 2021-05-29 06:04:44, 0, 9, 44.3962398446, 50.2711553414, 494.7305
533, 49197, 2.0, 70.0, 1622268466, 2021-05-29 06:07:46, 1, 12, 32.9687664589, 47.0871875281, 491.17528125
534, 49198, 2.0, 70.0, 1622268646, 2021-05-29 06:10:46, 8, 14, 21.630573891, 44.4930407006, 488.396625
535, 49199, 2.0, 70.0, 1622268826, 2021-05-29 06:13:46, 31, 16, 10.2750403266, 42.1707114963, 486.8061875
536, 49200, 2.0, 70.0, 1622269006, 2021-05-29 06:16:46, 24, 18, -1.08665246768, 39.9589801301, 486.68875
537, 49201, 0.004, 70.0, 1622269832, 2021-05-29 06:30:32, 31, 23, -53.0057479338, 26.9209447233, 501.70728125
538, 49202, 0.004, 70.0, 1622270012, 2021-05-29 06:33:32, 114, 24, -64.0915172006, 20.7021001735, 505.682375
539, 49203, 0.004, 70.0, 1622270192, 2021-05-29 06:36:32, 75, 25, -74.6993610557, 7.40426400746, 508.71734375
540, 49204, 0.004, 70.0, 1622270372, 2021-05-29 06:39:32, 35, 26, -82.4510998381, -39.5968264249, 510.43196875
541, 49205, 0.004, 70.0, 1622270552, 2021-05-29 06:42:32, 41, 26, -78.1801415695, -108.847397241, 510.64646875
542, 49206, 0.004, 70.0, 1622270732, 2021-05-29 06:45:32, 59, 24, -68.0425562386, -128.674930965, 509.40615625
543, 49207, 0.004, 70.0, 1622270912, 2021-05-29 06:48:32, 22, 23, -57.0739964331, -136.499513715, 506.97075
544, 49208, 0.004, 70.0, 1622271092, 2021-05-29 06:51:32, 6, 21, -45.891306782, -141.043228757, 503.77028125
545, 49209, 0.004, 70.0, 1622271272, 2021-05-29 06:54:32, 3, 19, -34.6251658796, -144.298237368, 500.33525
546, 49210, 0.004, 70.0, 1622271452, 2021-05-29 06:57:32, 1, 17, -23.3191896065, -146.946807143, 497.21203125
547, 49211, 0.004, 70.0, 1622271632, 2021-05-29 07:00:32, 0, 15, -11.9925981149, -149.294069953, 494.87728125
548, 49212, 0.004, 70.0, 1622271812, 2021-05-29 07:03:32, 0, 13, -0.656108398473, -151.511135697, 493.66440625
549, 49213, 0.004, 70.0, 1622271992, 2021-05-29 07:06:32, 0, 11, 10.6824944077, -153.721699101, 493.71303125
550, 49214, 0.004, 70.0, 1622272172, 2021-05-29 07:09:32, 1, 9, 22.0154926167, -156.047310211, 494.9493125
551, 49215, 0.004, 70.0, 1622272352, 2021-05-29 07:12:32, 5, 7, 33.3324911077, -158.650814398, 497.099625
552, 49216, 0.004, 70.0, 1622272532, 2021-05-29 07:15:32, 5, 5, 44.6153557282, -161.815432285, 499.73578125
553, 49217, 0.004, 70.0, 1622272712, 2021-05-29 07:18:32, 7, 5, 55.8242630604, -166.158667615, 502.345125
554, 49218, 0.004, 70.0, 1622272892, 2021-05-29 07:21:32, 86, 4, 66.8447596244, -173.424172061, 504.41459375
555, 49219, 0.004, 70.0, 1622273072, 2021-05-29 07:24:32, 0, 4, 77.1715138745, 169.139621716, 505.51584375
556, 49220, 0.004, 70.0, 1622273252, 2021-05-29 07:27:32, 0, 5, 82.6921645346, 105.792130682, 505.377625
557, 49221, 0.004, 70.0, 1622273432, 2021-05-29 07:30:32, 26, 6, 75.7577056977, 51.7792850156, 503.93325
558, 49222, 0.004, 70.0, 1622273612, 2021-05-29 07:33:32, 47, 7, 65.2407716603, 36.9391383475, 501.335125
559, 49223, 0.004, 70.0, 1622273791, 2021-05-29 07:36:31, 2, 9, 54.2290313989, 30.3435593461, 497.954125
560, 49224, 2.0, 70.0, 1622274123, 2021-05-29 07:42:03, 2, 12, 33.4443286251, 23.602227523, 491.28634375
561, 49225, 2.0, 70.0, 1622274303, 2021-05-29 07:45:03, 8, 14, 22.1071093592, 20.991818015, 488.467375
562, 49226, 2.0, 70.0, 1622274483, 2021-05-29 07:48:03, 19, 15, 10.7519710919, 18.6617809422, 486.82153125
563, 49227, 2.0, 70.0, 1622274663, 2021-05-29 07:51:03, 46, 15, -0.609716312893, 16.4479544155, 486.64171875
564, 49228, 0.004, 70.0, 1622275473, 2021-05-29 08:04:33, 86, 18, -51.5412221872, 3.92117019397, 501.142
565, 49229, 0.004, 70.0, 1622275653, 2021-05-29 08:07:33, 3, 19, -62.6559617014, -1.8609586771, 505.208375
566, 49230, 0.004, 70.0, 1622275833, 2021-05-29 08:10:33, 137, 21, -73.3710873378, -13.5971726214, 508.3964375
567, 49231, 0.004, 70.0, 1622276013, 2021-05-29 08:13:33, 49, 22, -81.9139942524, -52.8207556752, 510.3030625
568, 49232, 0.004, 70.0, 1622276193, 2021-05-29 08:16:33, 20, 22, -79.3176412737, -127.370187248, 510.71996875
569, 49233, 0.004, 70.0, 1622276373, 2021-05-29 08:19:33, 35, 21, -69.4438651693, -150.740963566, 509.6626875
570, 49234, 0.004, 70.0, 1622276553, 2021-05-29 08:22:33, 8, 20, -58.526511292, -159.338928636, 507.364625
571, 49235, 0.004, 70.0, 1622276733, 2021-05-29 08:25:33, 13, 18, -47.3610507931, -164.147614037, 504.2369375
572, 49236, 0.004, 70.0, 1622276913, 2021-05-29 08:28:33, 0, 16, -36.1025631177, -167.519172996, 500.80153125
573, 49237, 2.0, 70.0, 1622277095, 2021-05-29 08:31:35, 19, 13, -24.6747635905, -170.253010852, 497.57546875
574, 49238, 2.0, 70.0, 1622277275, 2021-05-29 08:34:35, 1, 11, -13.3500512547, -172.625777589, 495.1239375
575, 49239, 2.0, 70.0, 1622277455, 2021-05-29 08:37:35, 13, 9, -2.014377319, -174.851463031, 493.76290625
576, 49240, 0.004, 70.0, 1622278470, 2021-05-29 08:54:30, 4, 1, 61.5825769829, 167.045540358, 503.512
577, 49241, 0.004, 70.0, 1622278650, 2021-05-29 08:57:30, 34, 2, 72.3710110397, 156.279468341, 505.1191875
578, 49242, 0.004, 70.0, 1622278830, 2021-05-29 09:00:30, 0, 3, 81.3775238743, 122.01280543, 505.59440625
579, 49243, 0.004, 70.0, 1622279010, 2021-05-29 09:03:30, 8, 4, 80.0783331019, 45.1546640499, 504.7686875
580, 49244, 0.004, 70.0, 1622279190, 2021-05-29 09:06:30, 39, 5, 70.4234713905, 18.6530212246, 502.6866875
581, 49245, 0.004, 70.0, 1622279370, 2021-05-29 09:09:30, 2, 6, 59.5234183824, 9.41398313745, 499.612375
582, 49246, 2.0, 70.0, 1622279552, 2021-05-29 09:12:32, 87, 8, 48.2189464584, 4.35077457856, 495.93796875
583, 49247, 2.0, 70.0, 1622279732, 2021-05-29 09:15:32, 18, 10, 36.9366487435, 0.899923206643, 492.29059375
584, 49248, 2.0, 70.0, 1622279912, 2021-05-29 09:18:32, 15, 12, 25.6081174782, -1.84549192717, 489.195125
585, 49249, 2.0, 70.0, 1622280092, 2021-05-29 09:21:32, 0, 14, 14.2569569424, -4.24105228531, 487.147375
586, 49250, 0.004, 70.0, 1622281040, 2021-05-29 09:37:20, 265, 19, -45.4564320527, -17.4830764143, 498.744625
587, 49251, 0.004, 70.0, 1622281220, 2021-05-29 09:40:20, 157, 21, -56.6579286297, -21.9603473769, 503.07428125
588, 49252, 0.004, 70.0, 1622281400, 2021-05-29 09:43:20, 4, 22, -67.6495608142, -29.5951174622, 506.80540625
589, 49253, 0.004, 70.0, 1622281580, 2021-05-29 09:46:20, 128, 22, -77.854081999, -48.5882377113, 509.4525
590, 49254, 0.004, 70.0, 1622281760, 2021-05-29 09:49:20, 6, 22, -82.5526852416, -116.003673301, 510.69571875
591, 49255, 0.004, 70.0, 1622281940, 2021-05-29 09:52:20, 0, 22, -75.0603707042, -165.278433816, 510.4275625
592, 49256, 0.004, 70.0, 1622282120, 2021-05-29 09:55:20, 8, 20, -64.4937265502, -179.060457824, 508.766
593, 49257, 0.004, 70.0, 1622282300, 2021-05-29 09:58:20, 3, 19, -53.4284854169, 174.59074105, 506.03253125
594, 49258, 0.004, 70.0, 1622282480, 2021-05-29 10:01:20, 3, 17, -42.2109003293, 170.589138122, 502.69840625
595, 49259, 2.0, 70.0, 1622282662, 2021-05-29 10:04:22, 24, 15, -30.803261813, 167.550974357, 499.2729375
596, 49260, 2.0, 70.0, 1622282842, 2021-05-29 10:07:22, 11, 13, -19.4889424638, 165.029159232, 496.3684375
597, 49261, 2.0, 70.0, 1622283202, 2021-05-29 10:13:22, 22, 9, 3.17965454881, 160.539675892, 493.585875
598, 49262, 2.0, 70.0, 1622283382, 2021-05-29 10:16:22, 7, 7, 14.5171453148, 158.304837995, 494.048125
599, 49263, 0.004, 70.0, 1622283560, 2021-05-29 10:19:20, 0, 5, 25.7202247881, 155.93534975, 495.60190625
600, 49264, 0.004, 70.0, 1622283740, 2021-05-29 10:22:20, 1, 3, 37.0285865048, 153.18910827, 497.954
601, 49265, 0.004, 70.0, 1622283920, 2021-05-29 10:25:20, 9, 2, 48.2934228411, 149.735067947, 500.62865625
602, 49266, 0.004, 70.0, 1622284100, 2021-05-29 10:28:20, 5, 2, 59.4603757363, 144.73373023, 503.10390625
603, 49267, 0.004, 70.0, 1622284280, 2021-05-29 10:31:20, 34, 2, 70.3543020648, 135.546524741, 504.88584375
604, 49268, 0.004, 70.0, 1622284460, 2021-05-29 10:34:20, 11, 3, 80.0234525319, 109.301673122, 505.5910625
605, 49269, 0.004, 70.0, 1622284640, 2021-05-29 10:37:20, 1, 5, 81.4207794623, 32.5598464485, 505.011875
606, 49270, 0.004, 70.0, 1622284820, 2021-05-29 10:40:20, 36, 6, 72.4405901767, -2.05788562401, 503.15375
607, 49271, 0.004, 70.0, 1622285002, 2021-05-29 10:43:22, 3, 8, 61.5252512052, -12.971336902, 500.2014375
608, 49272, 2.0, 70.0, 1622285182, 2021-05-29 10:46:22, 111, 10, 50.3761660848, -18.4547237576, 496.62984375
609, 49273, 2.0, 70.0, 1622285362, 2021-05-29 10:49:22, 14, 12, 39.1072828615, -22.1114209161, 492.93959375
610, 49274, 2.0, 70.0, 1622285542, 2021-05-29 10:52:22, 3, 14, 27.7851873419, -24.9565276767, 489.69665625
611, 49275, 2.0, 70.0, 1622285722, 2021-05-29 10:55:22, 8, 16, 16.437085877, -27.4014741445, 487.4163125
612, 49276, 2.0, 70.0, 1622285902, 2021-05-29 10:58:22, 11, 17, 5.07730905755, -29.6568077308, 486.48203125
613, 49277, 0.004, 70.0, 1622286674, 2021-05-29 11:11:14, 261, 22, -43.5452392552, -40.4764694125, 497.986125
614, 49278, 0.004, 70.0, 1622286854, 2021-05-29 11:14:14, 306, 23, -54.7661813808, -44.6628084675, 502.36603125
615, 49279, 0.004, 70.0, 1622287034, 2021-05-29 11:17:14, 21, 24, -65.8110719654, -51.4973143161, 506.2413125
616, 49280, 0.004, 70.0, 1622287214, 2021-05-29 11:20:14, 122, 25, -76.2541579974, -67.1553556467, 509.1048125
617, 49281, 0.004, 70.0, 1622287394, 2021-05-29 11:23:14, 59, 25, -82.7351127641, -124.353074126, 510.60425
618, 49282, 0.004, 70.0, 1622287574, 2021-05-29 11:26:14, 0, 24, -76.7174975401, 175.386089258, 510.594
619, 49283, 0.004, 70.0, 1622287754, 2021-05-29 11:29:14, 0, 23, -66.3412107581, 158.88163381, 509.15428125
620, 49284, 0.004, 70.0, 1622287934, 2021-05-29 11:32:14, 9, 22, -55.3215440621, 151.837536777, 506.574875
621, 49285, 0.004, 70.0, 1622288114, 2021-05-29 11:35:14, 1, 20, -44.1209763909, 147.574023415, 503.3064375
622, 49286, 0.004, 70.0, 1622288294, 2021-05-29 11:38:14, 0, 18, -32.8468783181, 144.445182058, 499.88753125
623, 49287, 0.004, 70.0, 1622288474, 2021-05-29 11:41:14, 0, 16, -21.5369610258, 141.85932708, 496.8589375
624, 49288, 2.0, 70.0, 1622288656, 2021-05-29 11:44:16, 14, 14, -10.0825340062, 139.517159591, 494.66103125
625, 49289, 2.0, 70.0, 1622288836, 2021-05-29 11:47:16, 8, 12, 1.25459166486, 137.309341924, 493.64953125
626, 49290, 2.0, 70.0, 1622289016, 2021-05-29 11:50:16, 6, 10, 12.5926191343, 135.088437613, 493.89928125
627, 49291, 0.004, 70.0, 1622289194, 2021-05-29 11:53:14, 0, 8, 23.7977809615, 132.75693888, 495.2803125
628, 49292, 0.004, 70.0, 1622289374, 2021-05-29 11:56:14, 0, 6, 35.1107991597, 130.088780123, 497.5243125
629, 49293, 0.004, 70.0, 1622289554, 2021-05-29 11:59:14, 1, 4, 46.3855119495, 126.793732943, 500.17571875
630, 49294, 0.004, 70.0, 1622289734, 2021-05-29 12:02:14, 3, 4, 57.5758309219, 122.158507026, 502.71665625
631, 49295, 0.004, 70.0, 1622289914, 2021-05-29 12:05:14, 22, 3, 68.5421640858, 114.066617992, 504.64259375
632, 49296, 0.004, 70.0, 1622290094, 2021-05-29 12:08:14, 12, 3, 78.6067142039, 93.017627879, 505.54625
633, 49297, 0.004, 70.0, 1622290274, 2021-05-29 12:11:14, 2, 4, 82.277387637, 21.4274491878, 505.18678125
634, 49298, 0.004, 70.0, 1622290454, 2021-05-29 12:14:14, 134, 6, 74.1852527169, -22.5457184944, 503.53246875
635, 49299, 0.004, 70.0, 1622290634, 2021-05-29 12:17:14, 243, 8, 63.5172075745, -35.2080405629, 500.76975
636, 49300, 0.004, 70.0, 1622290814, 2021-05-29 12:20:14, 0, 10, 52.4047595888, -41.249667317, 497.27665625
637, 49301, 2.0, 70.0, 1622290996, 2021-05-29 12:23:16, 34, 12, 41.025049716, -45.1677199565, 493.52459375
638, 49302, 2.0, 70.0, 1622291176, 2021-05-29 12:26:16, 4, 13, 29.7094172629, -48.1127609224, 490.16696875
639, 49303, 2.0, 70.0, 1622291356, 2021-05-29 12:29:16, 3, 15, 18.3644320719, -50.6075489882, 487.69271875
640, 49304, 2.0, 70.0, 1622291536, 2021-05-29 12:32:16, 13, 16, 7.00580955436, -52.8843003401, 486.51259375
641, 49305, 0.004, 70.0, 1622291714, 2021-05-29 12:35:14, 0, 16, -4.23009708877, -55.0628233266, 486.840625
642, 49306, 0.004, 70.0, 1622291894, 2021-05-29 12:38:14, 29, 17, -15.5874069293, -57.3095696575, 488.6906875
643, 49307, 0.004, 70.0, 1622292074, 2021-05-29 12:41:14, 369, 19, -26.9305633372, -59.7334330389, 491.85134375
644, 49308, 0.004, 70.0, 1622292254, 2021-05-29 12:44:14, 117, 20, -38.2460677242, -62.5359006362, 495.91309375
645, 49309, 0.004, 70.0, 1622292434, 2021-05-29 12:47:14, 209, 21, -49.5086876641, -66.1035953071, 500.3340625
646, 49310, 0.004, 70.0, 1622292614, 2021-05-29 12:50:14, 57, 21, -60.6576327656, -71.3707639868, 504.5211875
647, 49311, 0.004, 70.0, 1622292794, 2021-05-29 12:53:14, 5, 21, -71.4894999953, -81.3873866675, 507.91946875
648, 49312, 0.004, 70.0, 1622292974, 2021-05-29 12:56:14, 446, 20, -80.8145865132, -111.752870921, 510.09559375
649, 49313, 0.004, 70.0, 1622293154, 2021-05-29 12:59:14, 1, 20, -80.7265043936, 170.753786662, 510.8021875
650, 49314, 0.004, 70.0, 1622293334, 2021-05-29 13:02:14, 0, 18, -71.362540439, 140.918728069, 510.0130625
651, 49315, 0.004, 70.0, 1622293514, 2021-05-29 13:05:14, 0, 17, -60.5329408321, 131.006716566, 507.92365625
652, 49316, 0.004, 70.0, 1622293694, 2021-05-29 13:08:14, 51, 15, -49.3952996937, 125.772633323, 504.91684375
653, 49317, 0.004, 70.0, 1622293874, 2021-05-29 13:11:14, 1, 13, -38.1488536418, 122.219350351, 501.50003125
654, 49318, 0.004, 70.0, 1622294054, 2021-05-29 13:14:14, 0, 11, -26.852927992, 119.424573547, 498.22378125
655, 49319, 2.0, 70.0, 1622294236, 2021-05-29 13:17:16, 2, 9, -15.4058297653, 116.979912239, 495.57125
656, 49320, 2.0, 70.0, 1622294416, 2021-05-29 13:20:16, 1, 7, -4.07174640996, 114.737807022, 493.98825
657, 49321, 2.0, 70.0, 1622294596, 2021-05-29 13:23:16, 6, 5, 7.26670912024, 112.537475241, 493.643125
658, 49322, 2.0, 70.0, 1622294776, 2021-05-29 13:26:16, 18, 3, 18.6020680134, 110.260802436, 494.526875
659, 49323, 2.0, 70.0, 1622294956, 2021-05-29 13:29:16, 15, 2, 29.9251146369, 107.76309788, 496.42328125
660, 49324, 0.004, 70.0, 1622295134, 2021-05-29 13:32:14, 0, 0, 41.0956226456, 104.847078388, 498.91534375
661, 49325, 0.004, 70.0, 1622295314, 2021-05-29 13:35:14, 11, 0, 52.3344257158, 100.97763962, 501.5690625
662, 49326, 0.004, 70.0, 1622295494, 2021-05-29 13:38:14, 0, 0, 63.4363722856, 94.9650445847, 503.837625
663, 49327, 0.004, 70.0, 1622295674, 2021-05-29 13:41:14, 34, 1, 74.1033724092, 82.4056654197, 505.25840625
664, 49328, 0.004, 70.0, 1622295854, 2021-05-29 13:44:14, 1, 2, 82.2442817101, 38.9437715478, 505.50540625
665, 49329, 0.004, 70.0, 1622296034, 2021-05-29 13:47:14, 0, 3, 78.679182511, -33.0061173484, 504.44553125
666, 49330, 0.004, 70.0, 1622296214, 2021-05-29 13:50:14, 61, 5, 68.6251577144, -54.2791786477, 502.16403125
667, 49331, 0.004, 70.0, 1622296394, 2021-05-29 13:53:14, 44, 7, 57.6515777198, -62.420572892, 498.9545625
668, 49332, 0.004, 70.0, 1622296574, 2021-05-29 13:56:14, 1, 9, 46.4478203502, -67.0732840937, 495.275
669, 49333, 2.0, 70.0, 1622297116, 2021-05-29 14:05:16, 14, 15, 12.342248305, -75.4349724292, 486.86321875
670, 49334, 2.0, 70.0, 1622297296, 2021-05-29 14:08:16, 17, 17, 0.980597025519, -77.6573247396, 486.47721875
671, 49335, 0.004, 70.0, 1622297474, 2021-05-29 14:11:14, 0, 19, -10.2538471034, -79.8444196134, 487.6225625
672, 49336, 0.004, 70.0, 1622298248, 2021-05-29 14:24:08, 178, 23, -58.7787911591, -93.881291639, 503.8535625
673, 49337, 0.004, 70.0, 1622298428, 2021-05-29 14:27:08, 2, 25, -69.6954210364, -102.637696607, 507.42528125
674, 49338, 0.004, 70.0, 1622298608, 2021-05-29 14:30:08, 1096, 26, -79.5173081937, -126.759759582, 509.83640625
675, 49339, 0.004, 70.0, 1622298788, 2021-05-29 14:33:08, 0, 27, -81.7891315642, 157.986564841, 510.8044375
676, 49340, 0.004, 70.0, 1622298968, 2021-05-29 14:36:08, 0, 26, -73.1268192825, 120.084902575, 510.26459375
677, 49341, 0.004, 70.0, 1622299148, 2021-05-29 14:39:08, 0, 25, -62.4028212304, 108.605868091, 508.37596875
678, 49342, 0.004, 70.0, 1622299328, 2021-05-29 14:42:08, 5, 23, -51.2959910753, 102.898678135, 505.4933125
679, 49343, 0.004, 70.0, 1622299508, 2021-05-29 14:45:08, 9, 21, -40.062242345, 99.1504752245, 502.1081875
680, 49344, 0.004, 70.0, 1622299688, 2021-05-29 14:48:08, 0, 19, -28.772571441, 96.2619677343, 498.76990625
681, 49345, 2.0, 70.0, 1622299870, 2021-05-29 14:51:10, 70, 17, -17.3287961013, 93.7702669141, 495.973
682, 49346, 2.0, 70.0, 1622300050, 2021-05-29 14:54:10, 34, 15, -5.99628625082, 91.5089620349, 494.192375
683, 49347, 2.0, 70.0, 1622300230, 2021-05-29 14:57:10, 25, 13, 5.34188369209, 89.3097572357, 493.62890625
684, 49348, 2.0, 70.0, 1622300410, 2021-05-29 15:00:10, 21, 11, 16.6782820547, 87.0549410362, 494.31028125
685, 49349, 2.0, 70.0, 1622300590, 2021-05-29 15:03:10, 38, 9, 28.0042058953, 84.6076637664, 496.05384375
686, 49350, 0.004, 70.0, 1622300768, 2021-05-29 15:06:08, 11, 7, 39.1807449611, 81.7910440172, 498.4684375
687, 49353, 0.004, 70.0, 1622301308, 2021-05-29 15:15:08, 3, 4, 72.3576785104, 61.8876132312, 505.0833125
688, 49354, 0.004, 70.0, 1622301488, 2021-05-29 15:18:08, 8, 3, 81.3696964775, 27.6823656741, 505.54046875
689, 49355, 0.004, 70.0, 1622301668, 2021-05-29 15:21:08, 1, 3, 80.0880661214, -49.1963533587, 504.6986875
690, 49356, 0.004, 70.0, 1622301848, 2021-05-29 15:24:08, 7, 4, 70.43717275, -75.7425085268, 502.60609375
691, 49357, 0.004, 70.0, 1622302028, 2021-05-29 15:27:08, 365, 5, 59.5374612513, -84.9910832656, 499.52325
692, 49358, 0.004, 70.0, 1622302208, 2021-05-29 15:30:08, 0, 7, 48.3578212796, -90.0127134748, 495.8846875
693, 49359, 0.004, 70.0, 1622302388, 2021-05-29 15:33:08, 9, 9, 37.0760050931, -93.4759745534, 492.2316875
694, 49360, 0.004, 70.0, 1622302568, 2021-05-29 15:36:08, 0, 11, 25.747533592, -96.2274479582, 489.1278125
695, 49361, 2.0, 70.0, 1622302750, 2021-05-29 15:39:10, 300, 13, 14.2700418773, -98.6514752642, 487.054625
696, 49362, 2.0, 70.0, 1622302930, 2021-05-29 15:42:10, 31, 14, 2.90898311666, -100.887324028, 486.4123125
697, 49363, 2.0, 70.0, 1622303110, 2021-05-29 15:45:10, 23, 15, -8.45247521, -103.092942375, 487.32046875
698, 49364, 0.004, 70.0, 1622303288, 2021-05-29 15:48:08, 0, 16, -19.6797779492, -105.36130284, 489.66815625
699, 49366, 0.004, 70.0, 1622304252, 2021-05-29 16:04:12, 796, 18, -78.5431797842, -145.710747809, 509.6409375
700, 49367, 0.004, 70.0, 1622304432, 2021-05-29 16:07:12, 0, 18, -82.310391111, 143.126969209, 510.7853125
701, 49368, 0.004, 70.0, 1622304612, 2021-05-29 16:10:12, 0, 17, -74.2910386868, 98.6648624349, 510.417
702, 49369, 0.004, 70.0, 1622304792, 2021-05-29 16:13:12, 0, 15, -63.6553891315, 85.8899088395, 508.6703125
703, 49370, 0.004, 70.0, 1622304972, 2021-05-29 16:16:12, 37, 14, -52.5725875819, 79.8147219509, 505.88003125
704, 49371, 0.004, 70.0, 1622305152, 2021-05-29 16:19:12, 9, 12, -41.3484147769, 75.9197246149, 502.5256875
705, 49372, 2.0, 70.0, 1622305334, 2021-05-29 16:22:14, 470, 10, -29.937791468, 72.9319130044, 499.118875
706, 49373, 2.0, 70.0, 1622305514, 2021-05-29 16:25:14, 92, 8, -18.6220872979, 70.434898297, 496.2669375
707, 49374, 2.0, 70.0, 1622305694, 2021-05-29 16:28:14, 17, 6, -7.29079492857, 68.1584986998, 494.35665625
708, 49375, 2.0, 70.0, 1622305874, 2021-05-29 16:31:14, 13, 5, 4.04704289639, 65.9582010703, 493.64596875
709, 49376, 0.004, 70.0, 1622307506, 2021-05-29 16:58:26, 3, -2, 70.8226481362, -98.8394830512, 502.68078125
710, 49377, 0.004, 70.0, 1622307686, 2021-05-29 17:01:26, 291, 0, 59.9410776199, -108.35957147, 499.624875
711, 49378, 0.004, 70.0, 1622307866, 2021-05-29 17:04:26, 21, 0, 48.7670759694, -113.468382214, 495.99596875
712, 49379, 0.004, 70.0, 1622308046, 2021-05-29 17:07:26, 3, 2, 37.4876093679, -116.968724389, 492.3329375
713, 49380, 0.004, 70.0, 1622308226, 2021-05-29 17:10:26, 4, 4, 26.1602341121, -119.738256814, 489.20009375
714, 49381, 2.0, 70.0, 1622308408, 2021-05-29 17:13:28, 206, 7, 14.6832299022, -122.171265819, 487.0824375
715, 49382, 2.0, 70.0, 1622308588, 2021-05-29 17:16:28, 52, 9, 3.32227274064, -124.410475036, 486.38746875
716, 49383, 2.0, 70.0, 1622308768, 2021-05-29 17:19:28, 35, 11, -8.03938110019, -126.615164477, 487.24228125
717, 49384, 0.004, 70.0, 1622308946, 2021-05-29 17:22:26, 0, 12, -19.2671850045, -128.878074451, 489.54453125
718, 49385, 0.004, 70.0, 1622309126, 2021-05-29 17:25:26, 9, 14, -30.6033182704, -131.397116518, 493.06296875
719, 49386, 0.004, 70.0, 1622309306, 2021-05-29 17:28:26, 0, 15, -41.9054713452, -134.390446922, 497.31875
720, 49387, 0.004, 70.0, 1622309486, 2021-05-29 17:31:26, 61, 17, -53.1410505661, -138.359128339, 501.7433125
721, 49388, 0.004, 70.0, 1622310281, 2021-05-29 17:44:41, 0, 19, -74.0404800273, 74.5631739139, 510.40725
722, 49389, 0.004, 70.0, 1622310461, 2021-05-29 17:47:41, 24, 19, -63.3843603951, 62.0884754342, 508.63259375
723, 49390, 0.004, 70.0, 1622310641, 2021-05-29 17:50:41, 0, 17, -52.2961834866, 56.0968661555, 505.82390625
724, 49391, 0.004, 70.0, 1622310821, 2021-05-29 17:53:41, 24, 16, -41.0699513796, 52.2348552181, 502.46328125
725, 49392, 0.004, 70.0, 1622311001, 2021-05-29 17:56:41, 2, 14, -29.7839824381, 49.2923277618, 499.09840625
726, 49393, 0.004, 70.0, 1622311181, 2021-05-29 17:59:41, 0, 13, -18.468063117, 46.7995819226, 496.25565625
727, 49394, 2.0, 70.0, 1622311363, 2021-05-29 18:02:43, 1, 11, -7.01074479292, 44.500458286, 494.34378125
728, 49395, 2.0, 70.0, 1622311543, 2021-05-29 18:05:43, 19, 9, 4.32709858158, 42.3005363169, 493.661375
729, 49396, 0.004, 70.0, 1622312327, 2021-05-29 18:18:47, 0, 2, 53.5353539717, 29.6598881461, 501.83478125
730, 49397, 0.004, 70.0, 1622312505, 2021-05-29 18:21:45, 3, 3, 64.4910969273, 23.3603192981, 503.99815625
731, 49398, 0.004, 70.0, 1622312687, 2021-05-29 18:24:47, 1, 4, 75.1830204112, 9.29801762442, 505.31184375
732, 49399, 0.004, 70.0, 1622312867, 2021-05-29 18:27:47, 0, 4, 82.5862897723, -40.9027449336, 505.40853125
733, 49400, 0.004, 70.0, 1622313047, 2021-05-29 18:30:47, 1, 5, 77.7130317624, -107.618420813, 504.19859375
734, 49401, 0.004, 70.0, 1622313227, 2021-05-29 18:33:47, 23, 6, 67.4675294427, -126.282520604, 501.7911875
735, 49402, 0.004, 70.0, 1622313407, 2021-05-29 18:36:47, 10, 8, 56.4547236717, -133.83686009, 498.50059375
736, 49403, 0.004, 70.0, 1622313587, 2021-05-29 18:39:47, 3, 10, 45.2372615275, -138.284269465, 494.7988125
737, 49404, 0.004, 70.0, 1622313767, 2021-05-29 18:42:47, 5, 12, 33.9388070002, -141.496398148, 491.24234375
738, 49405, 0.004, 70.0, 1622313947, 2021-05-29 18:45:47, 3, 14, 22.6021119513, -144.124299771, 488.385
739, 49406, 0.004, 70.0, 1622314127, 2021-05-29 18:48:47, 1, 16, 11.2468994057, -146.462710656, 486.690875
740, 49407, 0.004, 70.0, 1622314307, 2021-05-29 18:51:47, 0, 18, -0.115232481658, -148.678997758, 486.46090625
741, 49409, 0.004, 70.0, 1622315268, 2021-05-29 19:07:48, 30, 22, -60.4010157283, -165.627661389, 504.4404375
742, 49410, 0.004, 70.0, 1622315448, 2021-05-29 19:10:48, 37, 22, -71.2456485816, -175.454213565, 507.8813125
743, 49411, 0.004, 70.0, 1622315628, 2021-05-29 19:13:48, 4, 22, -80.6499789542, 155.145684259, 510.106875
744, 49412, 0.004, 70.0, 1622315808, 2021-05-29 19:16:48, 6, 21, -80.8890082544, 77.6741201747, 510.86425
745, 49413, 0.004, 70.0, 1622315988, 2021-05-29 19:19:48, 10, 20, -71.6064669848, 46.8563817757, 510.12134375
746, 49414, 0.004, 70.0, 1622316168, 2021-05-29 19:22:48, 163, 19, -60.7900633034, 36.7512842397, 508.06825
747, 49415, 0.004, 70.0, 1622316348, 2021-05-29 19:25:48, 17, 17, -49.6566261464, 31.4570099543, 505.08365625
748, 49416, 0.004, 70.0, 1622316708, 2021-05-29 19:31:48, 20, 13, -27.1173109543, 25.0715463548, 498.3856875
749, 49417, 0.004, 70.0, 1622316888, 2021-05-29 19:34:48, 0, 11, -15.7968119915, 22.6464450016, 495.73178125
