# ordinar image ID, original image ID, exposure [s], dacs, bias [V], detector type, UTC time, human readable time, chip-board id, adrenalin mode, anomaly mode, latitude [deg], longitude [deg], 
1, 37110, 1.0, [1 100 255 127 127 0 385 7 130 128 80 85 128 128], 70.0, TPX, 1572870526, 2019-11-04 12:28:46, I07-W0167, 0, 0, 17.1799628643, 131.207305561 
2, 37111, 1.0, [1 100 255 127 127 0 385 7 130 128 80 85 128 128], 70.0, TPX, 1572870706, 2019-11-04 12:31:46, I07-W0167, 0, 0, 28.508635856, 128.727154591 
3, 37113, 0.002, [1 100 255 127 127 0 385 7 130 128 80 85 128 128], 70.0, TPX, 1572871245, 2019-11-04 12:40:45, I07-W0167, 0, 0, 62.1593932884, 116.373241177 
4, 37114, 0.002, [1 100 255 127 127 0 385 7 130 128 80 85 128 128], 70.0, TPX, 1572871425, 2019-11-04 12:43:45, I07-W0167, 0, 0, 72.9211691169, 104.947775867 
5, 37117, 0.002, [1 100 255 127 127 0 385 7 130 128 80 85 128 128], 70.0, TPX, 1572871965, 2019-11-04 12:52:45, I07-W0167, 0, 0, 69.7245039819, -32.0916574715 
6, 37119, 1.0, [1 100 255 127 127 0 385 7 130 128 80 85 128 128], 70.0, TPX, 1572872326, 2019-11-04 12:58:46, I07-W0167, 0, 0, 47.528544107, -45.9178045009 
7, 37120, 1.0, [1 100 255 127 127 0 385 7 130 128 80 85 128 128], 70.0, TPX, 1572872506, 2019-11-04 13:01:46, I07-W0167, 0, 0, 36.2398977313, -49.3403166709 
8, 37121, 1.0, [1 100 255 127 127 0 385 7 130 128 80 85 128 128], 70.0, TPX, 1572872686, 2019-11-04 13:04:46, I07-W0167, 0, 0, 24.9139260793, -52.0784985276 
9, 37122, 1.0, [1 100 255 127 127 0 385 7 130 128 80 85 128 128], 70.0, TPX, 1572872866, 2019-11-04 13:07:46, I07-W0167, 0, 0, 13.5744391906, -54.4768477374 
10, 37123, 1.0, [1 100 255 127 127 0 385 7 130 128 80 85 128 128], 70.0, TPX, 1572873046, 2019-11-04 13:10:46, I07-W0167, 0, 0, 2.234659244, -56.721667955 
11, 37124, 0.002, [1 100 255 127 127 0 385 7 130 128 80 85 128 128], 70.0, TPX, 1572873225, 2019-11-04 13:13:45, I07-W0167, 0, 0, -9.03333840261, -58.9294241511 
12, 37125, 0.002, [1 100 255 127 127 0 385 7 130 128 80 85 128 128], 70.0, TPX, 1572873405, 2019-11-04 13:16:45, I07-W0167, 0, 0, -20.3472889216, -61.2445987322 
13, 37126, 0.002, [1 100 255 127 127 0 385 7 130 128 80 85 128 128], 70.0, TPX, 1572873585, 2019-11-04 13:19:45, I07-W0167, 0, 0, -31.6343216651, -63.8084878218 
14, 37130, 0.002, [1 100 255 127 127 0 385 7 130 128 80 85 128 128], 70.0, TPX, 1572875182, 2019-11-04 13:46:22, I07-W0167, 0, 0, -46.6532553649, 121.93623901 
15, 37132, 1.0, [1 100 255 127 127 0 385 7 130 128 80 85 128 128], 70.0, TPX, 1572875543, 2019-11-04 13:52:23, I07-W0167, 0, 0, -24.106577229, 115.891207406 
16, 37133, 1.0, [1 100 255 127 127 0 385 7 130 128 80 85 128 128], 70.0, TPX, 1572875723, 2019-11-04 13:55:23, I07-W0167, 0, 0, -12.8087152206, 113.514602104 
17, 37134, 1.0, [1 100 255 127 127 0 385 7 130 128 80 85 128 128], 70.0, TPX, 1572875903, 2019-11-04 13:58:23, I07-W0167, 0, 0, -1.49128920248, 111.27802934 
18, 37136, 1.0, [1 100 255 127 127 0 385 7 130 128 80 85 128 128], 70.0, TPX, 1572876263, 2019-11-04 14:04:23, I07-W0167, 0, 0, 21.1698537259, 106.725462372 
19, 37137, 1.0, [1 100 255 127 127 0 385 7 130 128 80 85 128 128], 70.0, TPX, 1572876443, 2019-11-04 14:07:23, I07-W0167, 0, 0, 32.4943141985, 104.128125846 
20, 37138, 1.0, [1 100 255 127 127 0 385 7 130 128 80 85 128 128], 70.0, TPX, 1572876623, 2019-11-04 14:10:23, I07-W0167, 0, 0, 43.7922291409, 100.989667583 
21, 37139, 0.002, [1 100 255 127 127 0 385 7 130 128 80 85 128 128], 70.0, TPX, 1572876802, 2019-11-04 14:13:22, I07-W0167, 0, 0, 54.961849225, 96.750872675 
22, 37140, 0.002, [1 100 255 127 127 0 385 7 130 128 80 85 128 128], 70.0, TPX, 1572876982, 2019-11-04 14:16:22, I07-W0167, 0, 0, 66.0194678671, 89.7512333428 
23, 37143, 0.002, [1 100 255 127 127 0 385 7 130 128 80 85 128 128], 70.0, TPX, 1572877522, 2019-11-04 14:25:22, I07-W0167, 0, 0, 76.3659545337, -43.5708046533 
24, 37144, 0.002, [1 100 255 127 127 0 385 7 130 128 80 85 128 128], 70.0, TPX, 1572877702, 2019-11-04 14:28:22, I07-W0167, 0, 0, 65.9256757095, -59.647645863 
25, 37146, 1.0, [1 100 255 127 127 0 385 7 130 128 80 85 128 128], 70.0, TPX, 1572878063, 2019-11-04 14:34:23, I07-W0167, 0, 0, 43.5599753884, -70.8759099513 
26, 37147, 1.0, [1 100 255 127 127 0 385 7 130 128 80 85 128 128], 70.0, TPX, 1572878243, 2019-11-04 14:37:23, I07-W0167, 0, 0, 32.2543594077, -74.0002160622 
27, 37148, 1.0, [1 100 255 127 127 0 385 7 130 128 80 85 128 128], 70.0, TPX, 1572878423, 2019-11-04 14:40:23, I07-W0167, 0, 0, 20.9217607647, -76.590797531 
28, 37149, 1.0, [1 100 255 127 127 0 385 7 130 128 80 85 128 128], 70.0, TPX, 1572878603, 2019-11-04 14:43:23, I07-W0167, 0, 0, 9.58105895604, -78.9181025281 
29, 37150, 1.0, [1 100 255 127 127 0 385 7 130 128 80 85 128 128], 70.0, TPX, 1572878783, 2019-11-04 14:46:23, I07-W0167, 0, 0, -1.75642988895, -81.1408168385 
30, 37151, 1.0, [1 100 255 127 127 0 385 7 130 128 80 85 128 128], 70.0, TPX, 1572878963, 2019-11-04 14:49:23, I07-W0167, 0, 0, -13.0821712355, -83.3803129236 
31, 37153, 0.002, [1 100 255 127 127 0 385 7 130 128 80 85 128 128], 70.0, TPX, 1572879322, 2019-11-04 14:55:22, I07-W0167, 0, 0, -35.5991406098, -88.4532515139 
32, 37154, 0.002, [1 100 255 127 127 0 385 7 130 128 80 85 128 128], 70.0, TPX, 1572879502, 2019-11-04 14:58:22, I07-W0167, 0, 0, -46.8214556034, -91.8030836409 
33, 37155, 0.002, [1 100 255 127 127 0 385 7 130 128 80 85 128 128], 70.0, TPX, 1572879682, 2019-11-04 15:01:22, I07-W0167, 0, 0, -57.9449343446, -96.5349499048 
34, 37156, 0.002, [1 100 255 127 127 0 385 7 130 128 80 85 128 128], 70.0, TPX, 1572879862, 2019-11-04 15:04:22, I07-W0167, 0, 0, -68.8247221815, -104.839046085 
35, 37157, 0.002, [1 100 255 127 127 0 385 7 130 128 80 85 128 128], 70.0, TPX, 1572880042, 2019-11-04 15:07:22, I07-W0167, 0, 0, -78.7493763651, -126.533338811 
36, 37158, 0.002, [1 100 255 127 127 0 385 7 130 128 80 85 128 128], 70.0, TPX, 1572880222, 2019-11-04 15:10:22, I07-W0167, 0, 0, -82.1381405704, 162.024149206 
37, 37161, 0.002, [1 100 255 127 127 0 385 7 130 128 80 85 128 128], 70.0, TPX, 1572880762, 2019-11-04 15:19:22, I07-W0167, 0, 0, -52.4548556112, 100.490981811 
38, 37162, 0.002, [1 100 255 127 127 0 385 7 130 128 80 85 128 128], 70.0, TPX, 1572880942, 2019-11-04 15:22:22, I07-W0167, 0, 0, -41.2792215455, 96.5847078329 
39, 37163, 1.0, [1 100 255 127 127 0 385 7 130 128 80 85 128 128], 70.0, TPX, 1572881123, 2019-11-04 15:25:23, I07-W0167, 0, 0, -29.972092678, 93.5969986752 
40, 37164, 1.0, [1 100 255 127 127 0 385 7 130 128 80 85 128 128], 70.0, TPX, 1572881303, 2019-11-04 15:28:23, I07-W0167, 0, 0, -18.6882735385, 91.0834275893 
41, 37167, 1.0, [1 100 255 127 127 0 385 7 130 128 80 85 128 128], 70.0, TPX, 1572881843, 2019-11-04 15:37:23, I07-W0167, 0, 0, 15.2759485956, 84.3185145381 
42, 37168, 1.0, [1 100 255 127 127 0 385 7 130 128 80 85 128 128], 70.0, TPX, 1572882023, 2019-11-04 15:40:23, I07-W0167, 0, 0, 26.6062540026, 81.8846722503 
43, 37169, 1.0, [1 100 255 127 127 0 385 7 130 128 80 85 128 128], 70.0, TPX, 1572882203, 2019-11-04 15:43:23, I07-W0167, 0, 0, 37.9212273424, 79.0738035204 
44, 37170, 1.0, [1 100 255 127 127 0 385 7 130 128 80 85 128 128], 70.0, TPX, 1572882388, 2019-11-04 15:46:28, I07-W0167, 0, 0, 49.506843513, 75.3849891049 
45, 37171, 0.002, [1 100 255 127 127 0 385 7 130 128 80 85 128 128], 70.0, TPX, 1572882742, 2019-11-04 15:52:22, I07-W0167, 0, 0, 71.1689660478, 60.3895888218 
46, 37174, 0.002, [1 100 255 127 127 0 385 7 130 128 80 85 128 128], 70.0, TPX, 1572883282, 2019-11-04 16:01:22, I07-W0167, 0, 0, 71.5019446, -77.0075688439 
47, 37175, 0.002, [1 100 255 127 127 0 385 7 130 128 80 85 128 128], 70.0, TPX, 1572883462, 2019-11-04 16:04:22, I07-W0167, 0, 0, 60.6505635198, -87.1634249308 
48, 37176, 0.002, [1 100 255 127 127 0 385 7 130 128 80 85 128 128], 70.0, TPX, 1572883642, 2019-11-04 16:07:22, I07-W0167, 0, 0, 49.4801135677, -92.4894835015 
49, 37177, 1.0, [1 100 255 127 127 0 385 7 130 128 80 85 128 128], 70.0, TPX, 1572883823, 2019-11-04 16:10:23, I07-W0167, 0, 0, 38.1393255279, -96.1078376855 
50, 37178, 1.0, [1 100 255 127 127 0 385 7 130 128 80 85 128 128], 70.0, TPX, 1572884003, 2019-11-04 16:13:23, I07-W0167, 0, 0, 26.8176773857, -98.9300240389 
51, 37179, 1.0, [1 100 255 127 127 0 385 7 130 128 80 85 128 128], 70.0, TPX, 1572884183, 2019-11-04 16:16:23, I07-W0167, 0, 0, 15.4795565348, -101.369842742 
52, 37180, 1.0, [1 100 255 127 127 0 385 7 130 128 80 85 128 128], 70.0, TPX, 1572884363, 2019-11-04 16:19:23, I07-W0167, 0, 0, 4.13933753509, -103.630587546 
53, 37183, 0.002, [1 100 255 127 127 0 385 7 130 128 80 85 128 128], 70.0, TPX, 1572885507, 2019-11-04 16:38:27, I07-W0167, 0, 0, -67.124531003, -126.714325164 
54, 37184, 0.002, [1 100 255 127 127 0 385 7 130 128 80 85 128 128], 70.0, TPX, 1572885687, 2019-11-04 16:41:27, I07-W0167, 0, 0, -77.3284921122, -144.648571431 
55, 37188, 0.002, [1 100 255 127 127 0 385 7 130 128 80 85 128 128], 70.0, TPX, 1572886407, 2019-11-04 16:53:27, I07-W0167, 0, 0, -54.2221363229, 77.6185565858 
56, 37189, 0.002, [1 100 255 127 127 0 385 7 130 128 80 85 128 128], 70.0, TPX, 1572886587, 2019-11-04 16:56:27, I07-W0167, 0, 0, -43.0624405036, 73.4847007044 
57, 37190, 1.0, [1 100 255 127 127 0 385 7 130 128 80 85 128 128], 70.0, TPX, 1572886768, 2019-11-04 16:59:28, I07-W0167, 0, 0, -31.7635829951, 70.3899898032 
58, 37191, 1.0, [1 100 255 127 127 0 385 7 130 128 80 85 128 128], 70.0, TPX, 1572886948, 2019-11-04 17:02:28, I07-W0167, 0, 0, -20.4846832994, 67.8231978833 
59, 37192, 1.0, [1 100 255 127 127 0 385 7 130 128 80 85 128 128], 70.0, TPX, 1572887128, 2019-11-04 17:05:28, I07-W0167, 0, 0, -9.17935418666, 65.5071490379 
60, 37193, 1.0, [1 100 255 127 127 0 385 7 130 128 80 85 128 128], 70.0, TPX, 1572887308, 2019-11-04 17:08:28, I07-W0167, 0, 0, 2.14282521619, 63.2877746901 
61, 37194, 1.0, [1 100 255 127 127 0 385 7 130 128 80 85 128 128], 70.0, TPX, 1572887488, 2019-11-04 17:11:28, I07-W0167, 0, 0, 13.474008089, 61.0447952085 
62, 37195, 1.0, [1 100 255 127 127 0 385 7 130 128 80 85 128 128], 70.0, TPX, 1572887668, 2019-11-04 17:14:28, I07-W0167, 0, 0, 24.8054080338, 58.6497688857 
63, 37196, 1.0, [1 100 255 127 127 0 385 7 130 128 80 85 128 128], 70.0, TPX, 1572887848, 2019-11-04 17:17:28, I07-W0167, 0, 0, 36.1242148173, 55.9175531992 
64, 37201, 0.002, [1 100 255 127 127 0 385 7 130 128 80 85 128 128], 70.0, TPX, 1572888747, 2019-11-04 17:32:27, I07-W0167, 0, 0, 81.7691669213, -59.4586135475 
65, 37203, 0.002, [1 100 255 127 127 0 385 7 130 128 80 85 128 128], 70.0, TPX, 1572889107, 2019-11-04 17:38:27, I07-W0167, 0, 0, 62.406851042, -109.658605148 
66, 37204, 0.002, [1 100 255 127 127 0 385 7 130 128 80 85 128 128], 70.0, TPX, 1572889287, 2019-11-04 17:41:27, I07-W0167, 0, 0, 51.2656001486, -115.437969713 
67, 37207, 1.0, [1 100 255 127 127 0 385 7 130 128 80 85 128 128], 70.0, TPX, 1572889828, 2019-11-04 17:50:28, I07-W0167, 0, 0, 17.2825454754, -124.638548713 
68, 37208, 1.0, [1 100 255 127 127 0 385 7 130 128 80 85 128 128], 70.0, TPX, 1572890008, 2019-11-04 17:53:28, I07-W0167, 0, 0, 5.94205241438, -126.917769178 
69, 37209, 1.0, [1 100 255 127 127 0 385 7 130 128 80 85 128 128], 70.0, TPX, 1572890188, 2019-11-04 17:56:28, I07-W0167, 0, 0, -5.39231908958, -129.133127375 
70, 37210, 1.0, [1 100 255 127 127 0 385 7 130 128 80 85 128 128], 70.0, TPX, 1572890368, 2019-11-04 17:59:28, I07-W0167, 0, 0, -16.7123390854, -131.403495915 
71, 37216, 0.002, [1 100 255 127 127 0 385 7 130 128 80 85 128 128], 70.0, TPX, 1572892087, 2019-11-04 18:28:07, I07-W0167, 0, 0, -53.8291545589, 53.8022845947 
72, 37217, 0.002, [1 100 255 127 127 0 385 7 130 128 80 85 128 128], 70.0, TPX, 1572892267, 2019-11-04 18:31:07, I07-W0167, 0, 0, -42.6656645695, 49.7216939435 
73, 37218, 1.0, [1 100 255 127 127 0 385 7 130 128 80 85 128 128], 70.0, TPX, 1572892448, 2019-11-04 18:34:08, I07-W0167, 0, 0, -31.3647989854, 46.6518346856 
74, 37219, 1.0, [1 100 255 127 127 0 385 7 130 128 80 85 128 128], 70.0, TPX, 1572892628, 2019-11-04 18:37:08, I07-W0167, 0, 0, -20.0846561952, 44.0973883326 
75, 37220, 1.0, [1 100 255 127 127 0 385 7 130 128 80 85 128 128], 70.0, TPX, 1572892808, 2019-11-04 18:40:08, I07-W0167, 0, 0, -8.77847672395, 41.7870392801 
76, 37221, 1.0, [1 100 255 127 127 0 385 7 130 128 80 85 128 128], 70.0, TPX, 1572892988, 2019-11-04 18:43:08, I07-W0167, 0, 0, 2.54426830394, 39.5688055738 
77, 37223, 1.0, [1 100 255 127 127 0 385 7 130 128 80 85 128 128], 70.0, TPX, 1572893529, 2019-11-04 18:52:09, I07-W0167, 0, 0, 36.5880017374, 32.1536755891 
78, 37224, 1.0, [1 100 255 127 127 0 385 7 130 128 80 85 128 128], 70.0, TPX, 1572893708, 2019-11-04 18:55:08, I07-W0167, 0, 0, 47.8062288627, 28.7252074942 
79, 37230, 0.002, [1 100 255 127 127 0 385 7 130 128 80 85 128 128], 70.0, TPX, 1572894787, 2019-11-04 19:13:07, I07-W0167, 0, 0, 62.0153719196, -133.565114183 
80, 37231, 0.002, [1 100 255 127 127 0 385 7 130 128 80 85 128 128], 70.0, TPX, 1572894967, 2019-11-04 19:16:07, I07-W0167, 0, 0, 50.8672225351, -139.236793986 
81, 37232, 1.0, [1 100 255 127 127 0 385 7 130 128 80 85 128 128], 70.0, TPX, 1572895148, 2019-11-04 19:19:08, I07-W0167, 0, 0, 39.5351395714, -142.998220143 
82, 37233, 1.0, [1 100 255 127 127 0 385 7 130 128 80 85 128 128], 70.0, TPX, 1572895328, 2019-11-04 19:22:08, I07-W0167, 0, 0, 28.2171541181, -145.888674237 
83, 37234, 1.0, [1 100 255 127 127 0 385 7 130 128 80 85 128 128], 70.0, TPX, 1572895508, 2019-11-04 19:25:08, I07-W0167, 0, 0, 16.8803344182, -148.362473131 
84, 37235, 1.0, [1 100 255 127 127 0 385 7 130 128 80 85 128 128], 70.0, TPX, 1572895688, 2019-11-04 19:28:08, I07-W0167, 0, 0, 5.54001253885, -150.637253974 
85, 37236, 1.0, [1 100 255 127 127 0 385 7 130 128 80 85 128 128], 70.0, TPX, 1572895868, 2019-11-04 19:31:08, I07-W0167, 0, 0, -5.79387530234, -152.852530208 
86, 37238, 0.002, [1 100 255 127 127 0 385 7 130 128 80 85 128 128], 70.0, TPX, 1572896911, 2019-11-04 19:48:31, I07-W0167, 0, 0, -70.476132149, -177.758077353 
87, 37242, 0.002, [1 100 255 127 127 0 385 7 130 128 80 85 128 128], 70.0, TPX, 1572897631, 2019-11-04 20:00:31, I07-W0167, 0, 0, -61.7766499779, 34.4418026212 
88, 37243, 0.002, [1 100 255 127 127 0 385 7 130 128 80 85 128 128], 70.0, TPX, 1572897811, 2019-11-04 20:03:31, I07-W0167, 0, 0, -50.7159953167, 28.8635768815 
89, 37244, 0.002, [1 100 255 127 127 0 385 7 130 128 80 85 128 128], 70.0, TPX, 1572897991, 2019-11-04 20:06:31, I07-W0167, 0, 0, -39.5261749481, 25.1537510965 
90, 37245, 0.002, [1 100 255 127 127 0 385 7 130 128 80 85 128 128], 70.0, TPX, 1572898171, 2019-11-04 20:09:31, I07-W0167, 0, 0, -28.2738976222, 22.2746863429 
91, 37249, 0.002, [1 100 255 127 127 0 385 7 130 128 80 85 128 128], 70.0, TPX, 1572899685, 2019-11-04 20:34:45, I07-W0167, 0, 0, 66.53589164, -5.27664428647 
92, 37251, 0.002, [1 100 255 127 127 0 385 7 130 128 80 85 128 128], 70.0, TPX, 1572900490, 2019-11-04 20:48:10, I07-W0167, 0, 0, 60.2095791863, -158.354493471 
93, 37252, 0.002, [1 100 255 127 127 0 385 7 130 128 80 85 128 128], 70.0, TPX, 1572900670, 2019-11-04 20:51:10, I07-W0167, 0, 0, 49.0327054413, -163.577812336 
94, 37253, 0.002, [1 100 255 127 127 0 385 7 130 128 80 85 128 128], 70.0, TPX, 1572900850, 2019-11-04 20:54:10, I07-W0167, 0, 0, 37.752378236, -167.135712516 
95, 37254, 1.0, [1 100 255 127 127 0 385 7 130 128 80 85 128 128], 70.0, TPX, 1572901031, 2019-11-04 20:57:11, I07-W0167, 0, 0, 26.3671256647, -169.954231057 
96, 37255, 1.0, [1 100 255 127 127 0 385 7 130 128 80 85 128 128], 70.0, TPX, 1572901211, 2019-11-04 21:00:11, I07-W0167, 0, 0, 15.0289928609, -172.383715684 
97, 37256, 1.0, [1 100 255 127 127 0 385 7 130 128 80 85 128 128], 70.0, TPX, 1572901391, 2019-11-04 21:03:11, I07-W0167, 0, 0, 3.68922934951, -174.640314563 
98, 37258, 1.0, [1 100 255 127 127 0 385 7 130 128 80 85 128 128], 70.0, TPX, 1572901751, 2019-11-04 21:09:11, I07-W0167, 0, 0, -18.9586534069, -179.153375717 
99, 37261, 0.002, [1 100 255 127 127 0 385 7 130 128 80 85 128 128], 70.0, TPX, 1572902470, 2019-11-04 21:21:10, I07-W0167, 0, 0, -63.6448023383, 165.31248914 
100, 37263, 0.002, [1 100 255 127 127 0 385 7 130 128 80 85 128 128], 70.0, TPX, 1572903497, 2019-11-04 21:38:17, I07-W0167, 0, 0, -49.94976079, 4.9261095868 
101, 37264, 0.002, [1 100 255 127 127 0 385 7 130 128 80 85 128 128], 70.0, TPX, 1572903677, 2019-11-04 21:41:17, I07-W0167, 0, 0, -38.7541894022, 1.29531346613 
102, 37265, 0.002, [1 100 255 127 127 0 385 7 130 128 80 85 128 128], 70.0, TPX, 1572903857, 2019-11-04 21:44:17, I07-W0167, 0, 0, -27.4987172553, -1.5456232506 
103, 37266, 1.0, [1 100 255 127 127 0 385 7 130 128 80 85 128 128], 70.0, TPX, 1572904038, 2019-11-04 21:47:18, I07-W0167, 0, 0, -16.1453309316, -4.00797421435 
104, 37267, 1.0, [1 100 255 127 127 0 385 7 130 128 80 85 128 128], 70.0, TPX, 1572904218, 2019-11-04 21:50:18, I07-W0167, 0, 0, -4.83222735601, -6.27161373755 
105, 37268, 1.0, [1 100 255 127 127 0 385 7 130 128 80 85 128 128], 70.0, TPX, 1572904398, 2019-11-04 21:53:18, I07-W0167, 0, 0, 6.49468344694, -8.48628293884 
106, 37271, 1.0, [1 100 255 127 127 0 385 7 130 128 80 85 128 128], 70.0, TPX, 1572904938, 2019-11-04 22:02:18, I07-W0167, 0, 0, 40.4652883928, -16.2063877001 
107, 37272, 1.0, [1 100 255 127 127 0 385 7 130 128 80 85 128 128], 70.0, TPX, 1572905118, 2019-11-04 22:05:18, I07-W0167, 0, 0, 51.7234823701, -20.0441104848 
108, 37277, 0.002, [1 100 255 127 127 0 385 7 130 128 80 85 128 128], 70.0, TPX, 1572906197, 2019-11-04 22:23:17, I07-W0167, 0, 0, 58.1495394914, 176.829062343 
109, 37278, 0.002, [1 100 255 127 127 0 385 7 130 128 80 85 128 128], 70.0, TPX, 1572906377, 2019-11-04 22:26:17, I07-W0167, 0, 0, 46.9454064614, 172.035512641 
110, 37279, 1.0, [1 100 255 127 127 0 385 7 130 128 80 85 128 128], 70.0, TPX, 1572906558, 2019-11-04 22:29:18, I07-W0167, 0, 0, 35.5914873829, 168.645498511 
111, 37280, 1.0, [1 100 255 127 127 0 385 7 130 128 80 85 128 128], 70.0, TPX, 1572906738, 2019-11-04 22:32:18, I07-W0167, 0, 0, 24.2647814856, 165.933913411 
112, 37281, 1.0, [1 100 255 127 127 0 385 7 130 128 80 85 128 128], 70.0, TPX, 1572906918, 2019-11-04 22:35:18, I07-W0167, 0, 0, 12.9255840261, 163.548620107 
113, 37282, 1.0, [1 100 255 127 127 0 385 7 130 128 80 85 128 128], 70.0, TPX, 1572907098, 2019-11-04 22:38:18, I07-W0167, 0, 0, 1.58674120284, 161.308509305 
114, 37283, 1.0, [1 100 255 127 127 0 385 7 130 128 80 85 128 128], 70.0, TPX, 1572907278, 2019-11-04 22:41:18, I07-W0167, 0, 0, -9.74273465632, 159.086225297 
115, 37284, 1.0, [1 100 255 127 127 0 385 7 130 128 80 85 128 128], 70.0, TPX, 1572907458, 2019-11-04 22:44:18, I07-W0167, 0, 0, -21.0546489252, 156.760709809 
116, 37285, 1.0, [1 100 255 127 127 0 385 7 130 128 80 85 128 128], 70.0, TPX, 1572907638, 2019-11-04 22:47:18, I07-W0167, 0, 0, -32.3389205647, 154.174486001 
117, 37287, 0.002, [1 100 255 127 127 0 385 7 130 128 80 85 128 128], 70.0, TPX, 1572908873, 2019-11-04 23:07:53, I07-W0167, 0, 0, -68.1096969982, -7.5871218319 
118, 37288, 0.002, [1 100 255 127 127 0 385 7 130 128 80 85 128 128], 70.0, TPX, 1572909053, 2019-11-04 23:10:53, I07-W0167, 0, 0, -57.2073148955, -15.5050638762 
119, 37289, 0.002, [1 100 255 127 127 0 385 7 130 128 80 85 128 128], 70.0, TPX, 1572909233, 2019-11-04 23:13:53, I07-W0167, 0, 0, -46.0795433804, -20.1025342154 
120, 37290, 1.0, [1 100 255 127 127 0 385 7 130 128 80 85 128 128], 70.0, TPX, 1572912210, 2019-11-05 00:03:30, I07-W0167, 0, 0, 36.9496363482, 145.365481747 
121, 37291, 1.0, [1 100 255 127 127 0 385 7 130 128 80 85 128 128], 70.0, TPX, 1572912390, 2019-11-05 00:06:30, I07-W0167, 0, 0, 25.6257461964, 142.597137775 
122, 37292, 1.0, [1 100 255 127 127 0 385 7 130 128 80 85 128 128], 70.0, TPX, 1572912570, 2019-11-05 00:09:30, I07-W0167, 0, 0, 14.2873521379, 140.18399096 
123, 37293, 1.0, [1 100 255 127 127 0 385 7 130 128 80 85 128 128], 70.0, TPX, 1572912930, 2019-11-05 00:15:30, I07-W0167, 0, 0, -8.38285594558, 135.7154763 
124, 37294, 1.0, [1 100 255 127 127 0 385 7 130 128 80 85 128 128], 70.0, TPX, 1572913110, 2019-11-05 00:18:30, I07-W0167, 0, 0, -19.6972324976, 133.409495153 
125, 37295, 1.0, [1 100 255 127 127 0 385 7 130 128 80 85 128 128], 70.0, TPX, 1572913290, 2019-11-05 00:21:30, I07-W0167, 0, 0, -30.9854024676, 130.865522895 
126, 37297, 0.002, [1 100 255 127 127 0 385 7 130 128 80 85 128 128], 70.0, TPX, 1572913649, 2019-11-05 00:27:29, I07-W0167, 0, 0, -53.342592373, 123.837121637 
127, 37299, 0.002, [1 100 255 127 127 0 385 7 130 128 80 85 128 128], 70.0, TPX, 1572914502, 2019-11-05 00:41:42, I07-W0167, 0, 0, -70.7342586581, -28.113741639 
128, 37300, 0.002, [1 100 255 127 127 0 385 7 130 128 80 85 128 128], 70.0, TPX, 1572914682, 2019-11-05 00:44:42, I07-W0167, 0, 0, -59.9406063368, -37.6319346802 
129, 37301, 0.002, [1 100 255 127 127 0 385 7 130 128 80 85 128 128], 70.0, TPX, 1572914862, 2019-11-05 00:47:42, I07-W0167, 0, 0, -48.849673447, -42.7676392938 
130, 37302, 0.002, [1 100 255 127 127 0 385 7 130 128 80 85 128 128], 70.0, TPX, 1572915042, 2019-11-05 00:50:42, I07-W0167, 0, 0, -37.6462575869, -46.2922115655 
131, 37303, 0.002, [1 100 255 127 127 0 385 7 130 128 80 85 128 128], 70.0, TPX, 1572915222, 2019-11-05 00:53:42, I07-W0167, 0, 0, -26.3863389868, -49.0815242183 
132, 37304, 0.002, [1 100 255 127 127 0 385 7 130 128 80 85 128 128], 70.0, TPX, 1572915402, 2019-11-05 00:56:42, I07-W0167, 0, 0, -15.0928739127, -51.5052612412 
133, 37305, 1.0, [1 100 255 127 127 0 385 7 130 128 80 85 128 128], 70.0, TPX, 1572915583, 2019-11-05 00:59:43, I07-W0167, 0, 0, -3.71502313202, -53.7715248377 
134, 37306, 1.0, [1 100 255 127 127 0 385 7 130 128 80 85 128 128], 70.0, TPX, 1572915763, 2019-11-05 01:02:43, I07-W0167, 0, 0, 7.61306459791, -55.9877607137 
135, 37307, 1.0, [1 100 255 127 127 0 385 7 130 128 80 85 128 128], 70.0, TPX, 1572915943, 2019-11-05 01:05:43, I07-W0167, 0, 0, 18.9461900192, -58.2861227842 
136, 37308, 1.0, [1 100 255 127 127 0 385 7 130 128 80 85 128 128], 70.0, TPX, 1572916123, 2019-11-05 01:08:43, I07-W0167, 0, 0, 30.2740894921, -60.8147271165 
137, 37309, 1.0, [1 100 255 127 127 0 385 7 130 128 80 85 128 128], 70.0, TPX, 1572916303, 2019-11-05 01:11:43, I07-W0167, 0, 0, 41.5800845482, -63.8155229166 
138, 37314, 0.002, [1 100 255 127 127 0 385 7 130 128 80 85 128 128], 70.0, TPX, 1572917202, 2019-11-05 01:26:42, I07-W0167, 0, 0, 78.1929481742, 157.057918661 
139, 37315, 0.002, [1 100 255 127 127 0 385 7 130 128 80 85 128 128], 70.0, TPX, 1572917382, 2019-11-05 01:29:42, I07-W0167, 0, 0, 68.0495981637, 136.899325668 
140, 37316, 0.002, [1 100 255 127 127 0 385 7 130 128 80 85 128 128], 70.0, TPX, 1572917562, 2019-11-05 01:32:42, I07-W0167, 0, 0, 57.0493394502, 128.969530684 
141, 37317, 1.0, [1 100 255 127 127 0 385 7 130 128 80 85 128 128], 70.0, TPX, 1572917743, 2019-11-05 01:35:43, I07-W0167, 0, 0, 45.7701050752, 124.355259787 
142, 37318, 1.0, [1 100 255 127 127 0 385 7 130 128 80 85 128 128], 70.0, TPX, 1572917923, 2019-11-05 01:38:43, I07-W0167, 0, 0, 34.4738464537, 121.074665288 
143, 37319, 1.0, [1 100 255 127 127 0 385 7 130 128 80 85 128 128], 70.0, TPX, 1572918103, 2019-11-05 01:41:43, I07-W0167, 0, 0, 23.1453100657, 118.406438228 
144, 37320, 1.0, [1 100 255 127 127 0 385 7 130 128 80 85 128 128], 70.0, TPX, 1572918283, 2019-11-05 01:44:43, I07-W0167, 0, 0, 11.8058752571, 116.042195568 
145, 37321, 1.0, [1 100 255 127 127 0 385 7 130 128 80 85 128 128], 70.0, TPX, 1572918463, 2019-11-05 01:47:43, I07-W0167, 0, 0, 0.467809794755, 113.809133521 
146, 37322, 0.002, [1 100 255 127 127 0 385 7 130 128 80 85 128 128], 70.0, TPX, 1572919375, 2019-11-05 02:02:55, I07-W0167, 0, 0, -56.5703212083, 98.6924427388 
147, 37325, 0.002, [1 100 255 127 127 0 385 7 130 128 80 85 128 128], 70.0, TPX, 1572919915, 2019-11-05 02:11:55, I07-W0167, 0, 0, -82.5253098434, 6.84248393651 
148, 37326, 0.002, [1 100 255 127 127 0 385 7 130 128 80 85 128 128], 70.0, TPX, 1572920095, 2019-11-05 02:14:55, I07-W0167, 0, 0, -75.3004108724, -43.6331062238 
149, 37327, 0.002, [1 100 255 127 127 0 385 7 130 128 80 85 128 128], 70.0, TPX, 1572920275, 2019-11-05 02:17:55, I07-W0167, 0, 0, -64.8346759331, -57.8832987176 
150, 37328, 0.002, [1 100 255 127 127 0 385 7 130 128 80 85 128 128], 70.0, TPX, 1572920455, 2019-11-05 02:20:55, I07-W0167, 0, 0, -53.8372005217, -64.3971135244 
151, 37329, 0.002, [1 100 255 127 127 0 385 7 130 128 80 85 128 128], 70.0, TPX, 1572920635, 2019-11-05 02:23:55, I07-W0167, 0, 0, -42.6734612304, -68.4788618926 
152, 37330, 0.002, [1 100 255 127 127 0 385 7 130 128 80 85 128 128], 70.0, TPX, 1572920815, 2019-11-05 02:26:55, I07-W0167, 0, 0, -31.4347879338, -71.5340055079 
153, 37331, 0.002, [1 100 255 127 127 0 385 7 130 128 80 85 128 128], 70.0, TPX, 1572920995, 2019-11-05 02:29:55, I07-W0167, 0, 0, -20.1543565682, -74.0906682573 
154, 37332, 1.0, [1 100 255 127 127 0 385 7 130 128 80 85 128 128], 70.0, TPX, 1572921176, 2019-11-05 02:32:56, I07-W0167, 0, 0, -8.784896248, -76.4145376693 
155, 37334, 1.0, [1 100 255 127 127 0 385 7 130 128 80 85 128 128], 70.0, TPX, 1572921536, 2019-11-05 02:38:56, I07-W0167, 0, 0, 13.8704706882, -80.8789132348 
156, 37335, 1.0, [1 100 255 127 127 0 385 7 130 128 80 85 128 128], 70.0, TPX, 1572921716, 2019-11-05 02:41:56, I07-W0167, 0, 0, 25.2023700906, -83.2821972562 
157, 37341, 0.002, [1 100 255 127 127 0 385 7 130 128 80 85 128 128], 70.0, TPX, 1572922975, 2019-11-05 03:02:55, I07-W0167, 0, 0, 72.7915389566, 119.533651668 
158, 37342, 0.002, [1 100 255 127 127 0 385 7 130 128 80 85 128 128], 70.0, TPX, 1572923155, 2019-11-05 03:05:55, I07-W0167, 0, 0, 62.0180971651, 108.234107725 
159, 37343, 1.0, [1 100 255 127 127 0 385 7 130 128 80 85 128 128], 70.0, TPX, 1572923336, 2019-11-05 03:08:56, I07-W0167, 0, 0, 50.8078511157, 102.537183543 
160, 37344, 1.0, [1 100 255 127 127 0 385 7 130 128 80 85 128 128], 70.0, TPX, 1572923516, 2019-11-05 03:11:56, I07-W0167, 0, 0, 39.5385000245, 98.8000865201 
161, 37345, 1.0, [1 100 255 127 127 0 385 7 130 128 80 85 128 128], 70.0, TPX, 1572923696, 2019-11-05 03:14:56, I07-W0167, 0, 0, 28.2209448731, 95.909523143 
162, 37346, 1.0, [1 100 255 127 127 0 385 7 130 128 80 85 128 128], 70.0, TPX, 1572923876, 2019-11-05 03:17:56, I07-W0167, 0, 0, 16.8846186544, 93.4357105882 
163, 37347, 1.0, [1 100 255 127 127 0 385 7 130 128 80 85 128 128], 70.0, TPX, 1572924056, 2019-11-05 03:20:56, I07-W0167, 0, 0, 5.54483294486, 91.1609434062 
164, 37348, 1.0, [1 100 255 127 127 0 385 7 130 128 80 85 128 128], 70.0, TPX, 1572924236, 2019-11-05 03:23:56, I07-W0167, 0, 0, -5.78849610148, 88.9457491341 
165, 37352, 0.002, [1 100 255 127 127 0 385 7 130 128 80 85 128 128], 70.0, TPX, 1572924955, 2019-11-05 03:35:55, I07-W0167, 0, 0, -50.791902624, 77.6105925853 
166, 37353, 0.002, [1 100 255 127 127 0 385 7 130 128 80 85 128 128], 70.0, TPX, 1572925135, 2019-11-05 03:38:55, I07-W0167, 0, 0, -61.8550673798, 72.0104453534 
167, 37354, 0.002, [1 100 255 127 127 0 385 7 130 128 80 85 128 128], 70.0, TPX, 1572926089, 2019-11-05 03:54:49, I07-W0167, 0, 0, -56.2778695835, -86.8960708361 
168, 37355, 0.002, [1 100 255 127 127 0 385 7 130 128 80 85 128 128], 70.0, TPX, 1572926269, 2019-11-05 03:57:49, I07-W0167, 0, 0, -45.1391082941, -91.3371486264 
169, 37356, 0.002, [1 100 255 127 127 0 385 7 130 128 80 85 128 128], 70.0, TPX, 1572926449, 2019-11-05 04:00:49, I07-W0167, 0, 0, -33.9129752248, -94.5571115366 
170, 37357, 1.0, [1 100 255 127 127 0 385 7 130 128 80 85 128 128], 70.0, TPX, 1572926630, 2019-11-05 04:03:50, I07-W0167, 0, 0, -22.5772312797, -97.2097999155 
171, 37358, 1.0, [1 100 255 127 127 0 385 7 130 128 80 85 128 128], 70.0, TPX, 1572926810, 2019-11-05 04:06:50, I07-W0167, 0, 0, -11.275225054, -99.5589478576 
172, 37359, 1.0, [1 100 255 127 127 0 385 7 130 128 80 85 128 128], 70.0, TPX, 1572926990, 2019-11-05 04:09:50, I07-W0167, 0, 0, 0.0452341650773, -101.786873602 
173, 37360, 1.0, [1 100 255 127 127 0 385 7 130 128 80 85 128 128], 70.0, TPX, 1572927170, 2019-11-05 04:12:50, I07-W0167, 0, 0, 11.3761692735, -104.016670819 
174, 37361, 1.0, [1 100 255 127 127 0 385 7 130 128 80 85 128 128], 70.0, TPX, 1572927350, 2019-11-05 04:15:50, I07-W0167, 0, 0, 22.7091290627, -106.372266459 
175, 37363, 0.002, [1 100 255 127 127 0 385 7 130 128 80 85 128 128], 70.0, TPX, 1572927709, 2019-11-05 04:21:49, I07-W0167, 0, 0, 45.2626288501, -112.2489339 
176, 37364, 0.002, [1 100 255 127 127 0 385 7 130 128 80 85 128 128], 70.0, TPX, 1572927889, 2019-11-05 04:24:49, I07-W0167, 0, 0, 56.4810403906, -116.744735166 
177, 37365, 0.002, [1 100 255 127 127 0 385 7 130 128 80 85 128 128], 70.0, TPX, 1572928069, 2019-11-05 04:27:49, I07-W0167, 0, 0, 67.4964211429, -124.398180696 
178, 37367, 1.0, [1 100 255 127 127 0 385 7 130 128 80 85 128 128], 70.0, TPX, 1572929531, 2019-11-05 04:52:11, I07-W0167, 0, 0, 18.0570940498, 70.0389180799 
179, 37368, 1.0, [1 100 255 127 127 0 385 7 130 128 80 85 128 128], 70.0, TPX, 1572929711, 2019-11-05 04:55:11, I07-W0167, 0, 0, 6.7172588214, 67.7507978781 
180, 37369, 1.0, [1 100 255 127 127 0 385 7 130 128 80 85 128 128], 70.0, TPX, 1572929891, 2019-11-05 04:58:11, I07-W0167, 0, 0, -4.61701321793, 65.5349820588 
181, 37370, 1.0, [1 100 255 127 127 0 385 7 130 128 80 85 128 128], 70.0, TPX, 1572930071, 2019-11-05 05:01:11, I07-W0167, 0, 0, -15.9374848601, 63.2724340852 
182, 37371, 1.0, [1 100 255 127 127 0 385 7 130 128 80 85 128 128], 70.0, TPX, 1572930251, 2019-11-05 05:04:11, I07-W0167, 0, 0, -27.2353451609, 60.8283601741 
183, 37373, 0.002, [1 100 255 127 127 0 385 7 130 128 80 85 128 128], 70.0, TPX, 1572931145, 2019-11-05 05:19:05, I07-W0167, 0, 0, -80.5286474738, 10.3380949254 
184, 37374, 0.002, [1 100 255 127 127 0 385 7 130 128 80 85 128 128], 70.0, TPX, 1572931325, 2019-11-05 05:22:05, I07-W0167, 0, 0, -80.9143755769, -66.1599580282 
185, 37375, 0.002, [1 100 255 127 127 0 385 7 130 128 80 85 128 128], 70.0, TPX, 1572931505, 2019-11-05 05:25:05, I07-W0167, 0, 0, -71.7698587701, -97.5634534503 
186, 37376, 0.002, [1 100 255 127 127 0 385 7 130 128 80 85 128 128], 70.0, TPX, 1572931685, 2019-11-05 05:28:05, I07-W0167, 0, 0, -61.0310050565, -107.884477172 
187, 37377, 0.002, [1 100 255 127 127 0 385 7 130 128 80 85 128 128], 70.0, TPX, 1572931865, 2019-11-05 05:31:05, I07-W0167, 0, 0, -49.9572056962, -113.273974539 
188, 37378, 0.002, [1 100 255 127 127 0 385 7 130 128 80 85 128 128], 70.0, TPX, 1572932045, 2019-11-05 05:34:05, I07-W0167, 0, 0, -38.7613269499, -116.905586121 
189, 37380, 1.0, [1 100 255 127 127 0 385 7 130 128 80 85 128 128], 70.0, TPX, 1572932406, 2019-11-05 05:40:06, I07-W0167, 0, 0, -16.1515549414, -122.209528539 
190, 37381, 1.0, [1 100 255 127 127 0 385 7 130 128 80 85 128 128], 70.0, TPX, 1572932586, 2019-11-05 05:43:06, I07-W0167, 0, 0, -4.83790196255, -124.473299116 
191, 37382, 1.0, [1 100 255 127 127 0 385 7 130 128 80 85 128 128], 70.0, TPX, 1572932766, 2019-11-05 05:46:06, I07-W0167, 0, 0, 6.4895855645, -126.688042596 
192, 37383, 1.0, [1 100 255 127 127 0 385 7 130 128 80 85 128 128], 70.0, TPX, 1572932946, 2019-11-05 05:49:06, I07-W0167, 0, 0, 17.8229585802, -128.972535967 
193, 37384, 0.002, [1 100 255 127 127 0 385 7 130 128 80 85 128 128], 70.0, TPX, 1572933125, 2019-11-05 05:52:05, I07-W0167, 0, 0, 29.0894000109, -131.455036523 
194, 37385, 0.002, [1 100 255 127 127 0 385 7 130 128 80 85 128 128], 70.0, TPX, 1572933305, 2019-11-05 05:55:05, I07-W0167, 0, 0, 40.3991311805, -134.389845865 
195, 37386, 0.002, [1 100 255 127 127 0 385 7 130 128 80 85 128 128], 70.0, TPX, 1572933485, 2019-11-05 05:58:05, I07-W0167, 0, 0, 51.6582267428, -138.22018863 
196, 37387, 0.002, [1 100 255 127 127 0 385 7 130 128 80 85 128 128], 70.0, TPX, 1572933665, 2019-11-05 06:01:05, I07-W0167, 0, 0, 62.7886722769, -144.1072926 
197, 37388, 0.002, [1 100 255 127 127 0 385 7 130 128 80 85 128 128], 70.0, TPX, 1572933845, 2019-11-05 06:04:05, I07-W0167, 0, 0, 73.5091118005, -156.146033765 
198, 37389, 0.002, [1 100 255 127 127 0 385 7 130 128 80 85 128 128], 70.0, TPX, 1572934025, 2019-11-05 06:07:05, I07-W0167, 0, 0, 81.939108858, 163.423450061 
199, 37390, 0.002, [1 100 255 127 127 0 385 7 130 128 80 85 128 128], 70.0, TPX, 1572934205, 2019-11-05 06:10:05, I07-W0167, 0, 0, 79.0571241984, 89.94935664 
200, 37391, 0.002, [1 100 255 127 127 0 385 7 130 128 80 85 128 128], 70.0, TPX, 1572934385, 2019-11-05 06:13:05, I07-W0167, 0, 0, 69.113229372, 67.1409097966 
201, 37392, 0.002, [1 100 255 127 127 0 385 7 130 128 80 85 128 128], 70.0, TPX, 1572934565, 2019-11-05 06:16:05, I07-W0167, 0, 0, 58.1518480953, 58.6277278653 
202, 37393, 1.0, [1 100 255 127 127 0 385 7 130 128 80 85 128 128], 70.0, TPX, 1572934746, 2019-11-05 06:19:06, I07-W0167, 0, 0, 46.885457891, 53.8122020293 
203, 37394, 1.0, [1 100 255 127 127 0 385 7 130 128 80 85 128 128], 70.0, TPX, 1572934926, 2019-11-05 06:22:06, I07-W0167, 0, 0, 35.5944824208, 50.4436517689 
204, 37395, 1.0, [1 100 255 127 127 0 385 7 130 128 80 85 128 128], 70.0, TPX, 1572935106, 2019-11-05 06:25:06, I07-W0167, 0, 0, 24.2682290236, 47.7320256876 
205, 37396, 1.0, [1 100 255 127 127 0 385 7 130 128 80 85 128 128], 70.0, TPX, 1572935646, 2019-11-05 06:34:06, I07-W0167, 0, 0, -9.73766324086, 40.8844775927 
206, 37397, 1.0, [1 100 255 127 127 0 385 7 130 128 80 85 128 128], 70.0, TPX, 1572935826, 2019-11-05 06:37:06, I07-W0167, 0, 0, -21.0490276795, 38.5591089542 
207, 37399, 0.002, [1 100 255 127 127 0 385 7 130 128 80 85 128 128], 70.0, TPX, 1572936185, 2019-11-05 06:43:05, I07-W0167, 0, 0, -43.5099954791, 32.8795676035 
208, 37400, 0.002, [1 100 255 127 127 0 385 7 130 128 80 85 128 128], 70.0, TPX, 1572936365, 2019-11-05 06:46:05, I07-W0167, 0, 0, -54.669967921, 28.681835793 
209, 37402, 0.002, [1 100 255 127 127 0 385 7 130 128 80 85 128 128], 70.0, TPX, 1572937297, 2019-11-05 07:01:37, I07-W0167, 0, 0, -64.7665994377, -128.860070072 
210, 37403, 0.002, [1 100 255 127 127 0 385 7 130 128 80 85 128 128], 70.0, TPX, 1572937477, 2019-11-05 07:04:37, I07-W0167, 0, 0, -53.7673550073, -135.349787972 
211, 37404, 0.002, [1 100 255 127 127 0 385 7 130 128 80 85 128 128], 70.0, TPX, 1572937657, 2019-11-05 07:07:37, I07-W0167, 0, 0, -42.6027619424, -139.422274603 
212, 37405, 1.0, [1 100 255 127 127 0 385 7 130 128 80 85 128 128], 70.0, TPX, 1572937838, 2019-11-05 07:10:38, I07-W0167, 0, 0, -31.3009230563, -142.488360182 
213, 37406, 1.0, [1 100 255 127 127 0 385 7 130 128 80 85 128 128], 70.0, TPX, 1572938018, 2019-11-05 07:13:38, I07-W0167, 0, 0, -20.0198120868, -145.040965799 
214, 37407, 1.0, [1 100 255 127 127 0 385 7 130 128 80 85 128 128], 70.0, TPX, 1572938198, 2019-11-05 07:16:38, I07-W0167, 0, 0, -8.71264479942, -147.350525965 
215, 37408, 1.0, [1 100 255 127 127 0 385 7 130 128 80 85 128 128], 70.0, TPX, 1572938378, 2019-11-05 07:19:38, I07-W0167, 0, 0, 2.61109572855, -149.568698199 
216, 37409, 1.0, [1 100 255 127 127 0 385 7 130 128 80 85 128 128], 70.0, TPX, 1572938558, 2019-11-05 07:22:38, I07-W0167, 0, 0, 13.9435298067, -151.815365983 
217, 37412, 0.002, [1 100 255 127 127 0 385 7 130 128 80 85 128 128], 70.0, TPX, 1572939097, 2019-11-05 07:31:37, I07-W0167, 0, 0, 47.81353375, -160.401610448 
218, 37413, 0.002, [1 100 255 127 127 0 385 7 130 128 80 85 128 128], 70.0, TPX, 1572939277, 2019-11-05 07:34:37, I07-W0167, 0, 0, 59.0030194394, -165.362732011 
219, 37414, 0.002, [1 100 255 127 127 0 385 7 130 128 80 85 128 128], 70.0, TPX, 1572939457, 2019-11-05 07:37:37, I07-W0167, 0, 0, 69.9282621852, -174.377529865 
220, 37417, 0.002, [1 100 255 127 127 0 385 7 130 128 80 85 128 128], 70.0, TPX, 1572939997, 2019-11-05 07:46:37, I07-W0167, 0, 0, 72.7234283102, 48.49738595 
221, 37419, 1.0, [1 100 255 127 127 0 385 7 130 128 80 85 128 128], 70.0, TPX, 1572940356, 2019-11-05 07:52:36, I07-W0167, 0, 0, 50.8589409307, 31.6357764954 
222, 37420, 1.0, [1 100 255 127 127 0 385 7 130 128 80 85 128 128], 70.0, TPX, 1572940539, 2019-11-05 07:55:39, I07-W0167, 0, 0, 39.4017869581, 27.8397349401 
223, 37421, 1.0, [1 100 255 127 127 0 385 7 130 128 80 85 128 128], 70.0, TPX, 1572940718, 2019-11-05 07:58:38, I07-W0167, 0, 0, 28.1470763773, 24.9707874042 
224, 37422, 1.0, [1 100 255 127 127 0 385 7 130 128 80 85 128 128], 70.0, TPX, 1572940898, 2019-11-05 08:01:38, I07-W0167, 0, 0, 16.810982385, 22.4988873023 
225, 37423, 1.0, [1 100 255 127 127 0 385 7 130 128 80 85 128 128], 70.0, TPX, 1572941078, 2019-11-05 08:04:38, I07-W0167, 0, 0, 5.47153519668, 20.224955111 
226, 37424, 1.0, [1 100 255 127 127 0 385 7 130 128 80 85 128 128], 70.0, TPX, 1572941258, 2019-11-05 08:07:38, I07-W0167, 0, 0, -5.86138617275, 18.0098001125 
227, 37425, 1.0, [1 100 255 127 127 0 385 7 130 128 80 85 128 128], 70.0, TPX, 1572941438, 2019-11-05 08:10:38, I07-W0167, 0, 0, -17.1796162322, 15.7346231191 
228, 37426, 0.002, [1 100 255 127 127 0 385 7 130 128 80 85 128 128], 70.0, TPX, 1572941617, 2019-11-05 08:13:37, I07-W0167, 0, 0, -28.411454217, 13.274835504 
229, 37427, 0.002, [1 100 255 127 127 0 385 7 130 128 80 85 128 128], 70.0, TPX, 1572942410, 2019-11-05 08:26:50, I07-W0167, 0, 0, -76.639360176, -18.8883519774 
230, 37428, 0.002, [1 100 255 127 127 0 385 7 130 128 80 85 128 128], 70.0, TPX, 1572942590, 2019-11-05 08:29:50, I07-W0167, 0, 0, -82.6555820414, -78.1367357173 
231, 37429, 0.002, [1 100 255 127 127 0 385 7 130 128 80 85 128 128], 70.0, TPX, 1572942770, 2019-11-05 08:32:50, I07-W0167, 0, 0, -76.3500606835, -135.486487378 
232, 37430, 0.002, [1 100 255 127 127 0 385 7 130 128 80 85 128 128], 70.0, TPX, 1572942950, 2019-11-05 08:35:50, I07-W0167, 0, 0, -66.0062719417, -151.454486108 
233, 37431, 0.002, [1 100 255 127 127 0 385 7 130 128 80 85 128 128], 70.0, TPX, 1572943130, 2019-11-05 08:38:50, I07-W0167, 0, 0, -55.038682023, -158.412768645 
234, 37432, 0.002, [1 100 255 127 127 0 385 7 130 128 80 85 128 128], 70.0, TPX, 1572943310, 2019-11-05 08:41:50, I07-W0167, 0, 0, -43.8864481854, -162.662826534 
235, 37433, 1.0, [1 100 255 127 127 0 385 7 130 128 80 85 128 128], 70.0, TPX, 1572943491, 2019-11-05 08:44:51, I07-W0167, 0, 0, -32.5908999035, -165.811393477 
236, 37434, 1.0, [1 100 255 127 127 0 385 7 130 128 80 85 128 128], 70.0, TPX, 1572943671, 2019-11-05 08:47:51, I07-W0167, 0, 0, -21.3134806513, -168.404966569 
237, 37435, 1.0, [1 100 255 127 127 0 385 7 130 128 80 85 128 128], 70.0, TPX, 1572944031, 2019-11-05 08:53:51, I07-W0167, 0, 0, 1.31371506297, -172.955976254 
238, 37436, 1.0, [1 100 255 127 127 0 385 7 130 128 80 85 128 128], 70.0, TPX, 1572944211, 2019-11-05 08:56:51, I07-W0167, 0, 0, 12.6456811664, -175.19335498 
239, 37437, 1.0, [1 100 255 127 127 0 385 7 130 128 80 85 128 128], 70.0, TPX, 1572944391, 2019-11-05 08:59:51, I07-W0167, 0, 0, 23.9785743613, -177.572241566 
240, 37439, 0.002, [1 100 255 127 127 0 385 7 130 128 80 85 128 128], 70.0, TPX, 1572944750, 2019-11-05 09:05:50, I07-W0167, 0, 0, 46.5251415067, 176.406533181 
241, 37440, 0.002, [1 100 255 127 127 0 385 7 130 128 80 85 128 128], 70.0, TPX, 1572944930, 2019-11-05 09:08:50, I07-W0167, 0, 0, 57.7302205179, 171.692555182 
242, 37441, 0.002, [1 100 255 127 127 0 385 7 130 128 80 85 128 128], 70.0, TPX, 1572945110, 2019-11-05 09:11:50, I07-W0167, 0, 0, 68.7044903616, 163.413887796 
243, 37444, 0.002, [1 100 255 127 127 0 385 7 130 128 80 85 128 128], 70.0, TPX, 1572945650, 2019-11-05 09:20:50, I07-W0167, 0, 0, 73.8990882813, 26.9804185955 
244, 37445, 0.002, [1 100 255 127 127 0 385 7 130 128 80 85 128 128], 70.0, TPX, 1572945832, 2019-11-05 09:23:52, I07-W0167, 0, 0, 63.0845492415, 14.4125273073 
245, 37446, 1.0, [1 100 255 127 127 0 385 7 130 128 80 85 128 128], 70.0, TPX, 1572946011, 2019-11-05 09:26:51, I07-W0167, 0, 0, 52.018754863, 8.46261121073 
246, 37447, 1.0, [1 100 255 127 127 0 385 7 130 128 80 85 128 128], 70.0, TPX, 1572946191, 2019-11-05 09:29:51, I07-W0167, 0, 0, 40.7578902817, 4.58953835511 
247, 37449, 0.002, [1 100 255 127 127 0 385 7 130 128 80 85 128 128], 70.0, TPX, 1572947015, 2019-11-05 09:43:35, I07-W0167, 0, 0, -11.1069957872, -6.66980224016 
248, 37451, 0.002, [1 100 255 127 127 0 385 7 130 128 80 85 128 128], 70.0, TPX, 1572947784, 2019-11-05 09:56:24, I07-W0167, 0, 0, -59.0792853316, -20.8473099952 
249, 37452, 0.002, [1 100 255 127 127 0 385 7 130 128 80 85 128 128], 70.0, TPX, 1572947964, 2019-11-05 09:59:24, I07-W0167, 0, 0, -69.9136729011, -29.8070411567 
250, 37453, 0.002, [1 100 255 127 127 0 385 7 130 128 80 85 128 128], 70.0, TPX, 1572948144, 2019-11-05 10:02:24, I07-W0167, 0, 0, -79.6038945018, -54.5399142891 
251, 37454, 0.002, [1 100 255 127 127 0 385 7 130 128 80 85 128 128], 70.0, TPX, 1572948324, 2019-11-05 10:05:24, I07-W0167, 0, 0, -81.6508817052, -129.272640819 
252, 37456, 0.002, [1 100 255 127 127 0 385 7 130 128 80 85 128 128], 70.0, TPX, 1572948684, 2019-11-05 10:11:24, I07-W0167, 0, 0, -62.3611092651, -177.929501441 
253, 37459, 1.0, [1 100 255 127 127 0 385 7 130 128 80 85 128 128], 70.0, TPX, 1572949225, 2019-11-05 10:20:25, I07-W0167, 0, 0, -28.8116469532, 169.635329525 
254, 37461, 1.0, [1 100 255 127 127 0 385 7 130 128 80 85 128 128], 70.0, TPX, 1572949585, 2019-11-05 10:26:25, I07-W0167, 0, 0, -6.2117885375, 164.874783297 
255, 37462, 1.0, [1 100 255 127 127 0 385 7 130 128 80 85 128 128], 70.0, TPX, 1572949765, 2019-11-05 10:29:25, I07-W0167, 0, 0, 5.11478118288, 162.660340346 
256, 37463, 1.0, [1 100 255 127 127 0 385 7 130 128 80 85 128 128], 70.0, TPX, 1572949945, 2019-11-05 10:32:25, I07-W0167, 0, 0, 16.4482532363, 160.390982673 
257, 37464, 1.0, [1 100 255 127 127 0 385 7 130 128 80 85 128 128], 70.0, TPX, 1572950125, 2019-11-05 10:35:25, I07-W0167, 0, 0, 27.7790948131, 157.929068308 
258, 37465, 1.0, [1 100 255 127 127 0 385 7 130 128 80 85 128 128], 70.0, TPX, 1572950305, 2019-11-05 10:38:25, I07-W0167, 0, 0, 39.0925672189, 155.061836857 
259, 37467, 0.002, [1 100 255 127 127 0 385 7 130 128 80 85 128 128], 70.0, TPX, 1572950664, 2019-11-05 10:44:24, I07-W0167, 0, 0, 61.4519974263, 145.87468601 
260, 37468, 0.002, [1 100 255 127 127 0 385 7 130 128 80 85 128 128], 70.0, TPX, 1572950844, 2019-11-05 10:47:24, I07-W0167, 0, 0, 72.2573088806, 135.076935575 
261, 37471, 0.002, [1 100 255 127 127 0 385 7 130 128 80 85 128 128], 70.0, TPX, 1572951384, 2019-11-05 10:56:24, I07-W0167, 0, 0, 70.4047430118, -2.20408625006 
262, 37472, 0.002, [1 100 255 127 127 0 385 7 130 128 80 85 128 128], 70.0, TPX, 1572951567, 2019-11-05 10:59:27, I07-W0167, 0, 0, 59.3134651975, -11.6466370806 
263, 37473, 1.0, [1 100 255 127 127 0 385 7 130 128 80 85 128 128], 70.0, TPX, 1572955280, 2019-11-05 12:01:20, I07-W0167, 0, 0, -4.8666135165, 140.970145733 
264, 37474, 1.0, [1 100 255 127 127 0 385 7 130 128 80 85 128 128], 70.0, TPX, 1572955460, 2019-11-05 12:04:20, I07-W0167, 0, 0, 6.46131498465, 138.755374933 
265, 37475, 1.0, [1 100 255 127 127 0 385 7 130 128 80 85 128 128], 70.0, TPX, 1572955640, 2019-11-05 12:07:20, I07-W0167, 0, 0, 17.795149465, 136.471154769 
266, 37477, 1.0, [1 100 255 127 127 0 385 7 130 128 80 85 128 128], 70.0, TPX, 1572956000, 2019-11-05 12:13:20, I07-W0167, 0, 0, 40.4350101642, 131.037698304 
267, 37479, 0.002, [1 100 255 127 127 0 385 7 130 128 80 85 128 128], 70.0, TPX, 1572956359, 2019-11-05 12:19:19, I07-W0167, 0, 0, 62.7631205392, 121.348678817 
268, 37483, 0.002, [1 100 255 127 127 0 385 7 130 128 80 85 128 128], 70.0, TPX, 1572957079, 2019-11-05 12:31:19, I07-W0167, 0, 0, 69.1377839021, -27.3928903043 
269, 37484, 0.002, [1 100 255 127 127 0 385 7 130 128 80 85 128 128], 70.0, TPX, 1572957259, 2019-11-05 12:34:19, I07-W0167, 0, 0, 58.1774954556, -35.9204019725 
270, 37485, 1.0, [1 100 255 127 127 0 385 7 130 128 80 85 128 128], 70.0, TPX, 1572957440, 2019-11-05 12:37:20, I07-W0167, 0, 0, 46.9116482514, -40.7407738277 
271, 37486, 1.0, [1 100 255 127 127 0 385 7 130 128 80 85 128 128], 70.0, TPX, 1572957620, 2019-11-05 12:40:20, I07-W0167, 0, 0, 35.621099668, -44.1114072958 
272, 37489, 0.002, [1 100 255 127 127 0 385 7 130 128 80 85 128 128], 70.0, TPX, 1572958339, 2019-11-05 12:52:19, I07-W0167, 0, 0, -9.64645887111, -53.6595302259 
273, 37490, 0.002, [1 100 255 127 127 0 385 7 130 128 80 85 128 128], 70.0, TPX, 1572958519, 2019-11-05 12:55:19, I07-W0167, 0, 0, -20.9575526635, -55.9834542794 
274, 37491, 0.002, [1 100 255 127 127 0 385 7 130 128 80 85 128 128], 70.0, TPX, 1572958699, 2019-11-05 12:58:19, I07-W0167, 0, 0, -32.2411634822, -58.5663654458 
275, 37492, 0.002, [1 100 255 127 127 0 385 7 130 128 80 85 128 128], 70.0, TPX, 1572958879, 2019-11-05 13:01:19, I07-W0167, 0, 0, -43.4807281185, -61.6734868007 
276, 37493, 0.002, [1 100 255 127 127 0 385 7 130 128 80 85 128 128], 70.0, TPX, 1572959059, 2019-11-05 13:04:19, I07-W0167, 0, 0, -54.6406698246, -65.8669634034 
277, 37497, 0.002, [1 100 255 127 127 0 385 7 130 128 80 85 128 128], 70.0, TPX, 1572960183, 2019-11-05 13:23:03, I07-W0167, 0, 0, -53.0561513147, 129.778006516 
278, 37498, 0.002, [1 100 255 127 127 0 385 7 130 128 80 85 128 128], 70.0, TPX, 1572960363, 2019-11-05 13:26:03, I07-W0167, 0, 0, -41.8848031927, 125.79746789 
279, 37499, 1.0, [1 100 255 127 127 0 385 7 130 128 80 85 128 128], 70.0, TPX, 1572960544, 2019-11-05 13:29:04, I07-W0167, 0, 0, -30.5792350234, 122.774576428 
280, 37500, 1.0, [1 100 255 127 127 0 385 7 130 128 80 85 128 128], 70.0, TPX, 1572960724, 2019-11-05 13:32:04, I07-W0167, 0, 0, -19.2956856764, 120.243431266 
281, 37501, 1.0, [1 100 255 127 127 0 385 7 130 128 80 85 128 128], 70.0, TPX, 1572960904, 2019-11-05 13:35:04, I07-W0167, 0, 0, -7.98676303037, 117.94363827 
282, 37502, 1.0, [1 100 255 127 127 0 385 7 130 128 80 85 128 128], 70.0, TPX, 1572961084, 2019-11-05 13:38:04, I07-W0167, 0, 0, 3.33823339862, 115.7270643 
283, 37504, 1.0, [1 100 255 127 127 0 385 7 130 128 80 85 128 128], 70.0, TPX, 1572961444, 2019-11-05 13:44:04, I07-W0167, 0, 0, 26.0036759311, 111.053862531 
284, 37505, 1.0, [1 100 255 127 127 0 385 7 130 128 80 85 128 128], 70.0, TPX, 1572961624, 2019-11-05 13:47:04, I07-W0167, 0, 0, 37.3214445258, 108.269979879 
285, 37508, 0.002, [1 100 255 127 127 0 385 7 130 128 80 85 128 128], 70.0, TPX, 1572962163, 2019-11-05 13:56:03, I07-W0167, 0, 0, 70.6116499323, 90.1839599776 
286, 37512, 0.002, [1 100 255 127 127 0 385 7 130 128 80 85 128 128], 70.0, TPX, 1572962883, 2019-11-05 14:08:03, I07-W0167, 0, 0, 61.2342919768, -57.763223992 
287, 37513, 1.0, [1 100 255 127 127 0 385 7 130 128 80 85 128 128], 70.0, TPX, 1572963064, 2019-11-05 14:11:04, I07-W0167, 0, 0, 50.0112529831, -63.2554269142 
288, 37514, 1.0, [1 100 255 127 127 0 385 7 130 128 80 85 128 128], 70.0, TPX, 1572963244, 2019-11-05 14:14:04, I07-W0167, 0, 0, 38.7374110425, -66.9091887989 
289, 37515, 1.0, [1 100 255 127 127 0 385 7 130 128 80 85 128 128], 70.0, TPX, 1572963424, 2019-11-05 14:17:04, I07-W0167, 0, 0, 27.4184164288, -69.7597204373 
290, 37516, 1.0, [1 100 255 127 127 0 385 7 130 128 80 85 128 128], 70.0, TPX, 1572963604, 2019-11-05 14:20:04, I07-W0167, 0, 0, 16.0821346063, -72.2135615189 
291, 37517, 1.0, [1 100 255 127 127 0 385 7 130 128 80 85 128 128], 70.0, TPX, 1572963784, 2019-11-05 14:23:04, I07-W0167, 0, 0, 4.74327780246, -74.4799139079 
292, 37520, 0.002, [1 100 255 127 127 0 385 7 130 128 80 85 128 128], 70.0, TPX, 1572964503, 2019-11-05 14:35:03, I07-W0167, 0, 0, -40.3885273118, -84.3818099011 
293, 37521, 0.002, [1 100 255 127 127 0 385 7 130 128 80 85 128 128], 70.0, TPX, 1572965200, 2019-11-05 14:46:40, I07-W0167, 0, 0, -81.0332686798, -135.741171471 
294, 37524, 0.002, [1 100 255 127 127 0 385 7 130 128 80 85 128 128], 70.0, TPX, 1572965920, 2019-11-05 14:58:40, I07-W0167, 0, 0, -49.1339288447, 104.572354519 
295, 37525, 0.002, [1 100 255 127 127 0 385 7 130 128 80 85 128 128], 70.0, TPX, 1572966100, 2019-11-05 15:01:40, I07-W0167, 0, 0, -37.9317799847, 101.02096351 
296, 37526, 1.0, [1 100 255 127 127 0 385 7 130 128 80 85 128 128], 70.0, TPX, 1572966281, 2019-11-05 15:04:41, I07-W0167, 0, 0, -26.6094573613, 98.2042481378 
297, 37527, 1.0, [1 100 255 127 127 0 385 7 130 128 80 85 128 128], 70.0, TPX, 1572966461, 2019-11-05 15:07:41, I07-W0167, 0, 0, -15.3155824758, 95.7753782277 
298, 37528, 1.0, [1 100 255 127 127 0 385 7 130 128 80 85 128 128], 70.0, TPX, 1572966641, 2019-11-05 15:10:41, I07-W0167, 0, 0, -3.99996026802, 93.519325764 
299, 37529, 1.0, [1 100 255 127 127 0 385 7 130 128 80 85 128 128], 70.0, TPX, 1572966821, 2019-11-05 15:13:41, I07-W0167, 0, 0, 7.3289440964, 91.3034553032 
300, 37530, 1.0, [1 100 255 127 127 0 385 7 130 128 80 85 128 128], 70.0, TPX, 1572967001, 2019-11-05 15:16:41, I07-W0167, 0, 0, 18.6630974612, 89.0085937046 
301, 37531, 1.0, [1 100 255 127 127 0 385 7 130 128 80 85 128 128], 70.0, TPX, 1572967181, 2019-11-05 15:19:41, I07-W0167, 0, 0, 29.9922929624, 86.487919222 
302, 37532, 1.0, [1 100 255 127 127 0 385 7 130 128 80 85 128 128], 70.0, TPX, 1572967361, 2019-11-05 15:22:41, I07-W0167, 0, 0, 41.3000433772, 83.5030787437 
303, 37535, 0.002, [1 100 255 127 127 0 385 7 130 128 80 85 128 128], 70.0, TPX, 1572967900, 2019-11-05 15:31:40, I07-W0167, 0, 0, 74.2660811756, 60.539183625 
304, 37539, 0.002, [1 100 255 127 127 0 385 7 130 128 80 85 128 128], 70.0, TPX, 1572968620, 2019-11-05 15:43:40, I07-W0167, 0, 0, 57.3241043001, -83.6534590187 
305, 37541, 1.0, [1 100 255 127 127 0 385 7 130 128 80 85 128 128], 70.0, TPX, 1572968981, 2019-11-05 15:49:41, I07-W0167, 0, 0, 34.7540925304, -91.6178420805 
306, 37542, 1.0, [1 100 255 127 127 0 385 7 130 128 80 85 128 128], 70.0, TPX, 1572969161, 2019-11-05 15:52:41, I07-W0167, 0, 0, 23.4268692463, -94.2965329896 
307, 37543, 1.0, [1 100 255 127 127 0 385 7 130 128 80 85 128 128], 70.0, TPX, 1572969521, 2019-11-05 15:58:41, I07-W0167, 0, 0, 0.751250799164, -98.9003741877 
308, 37544, 1.0, [1 100 255 127 127 0 385 7 130 128 80 85 128 128], 70.0, TPX, 1572969701, 2019-11-05 16:01:41, I07-W0167, 0, 0, -10.5759673623, -101.125786423 
309, 37545, 0.002, [1 100 255 127 127 0 385 7 130 128 80 85 128 128], 70.0, TPX, 1572969880, 2019-11-05 16:04:40, I07-W0167, 0, 0, -21.8222460746, -103.450605231 
310, 37547, 0.002, [1 100 255 127 127 0 385 7 130 128 80 85 128 128], 70.0, TPX, 1572970640, 2019-11-05 16:17:20, I07-W0167, 0, 0, -68.8262794647, -123.090103847 
311, 37548, 0.002, [1 100 255 127 127 0 385 7 130 128 80 85 128 128], 70.0, TPX, 1572970820, 2019-11-05 16:20:20, I07-W0167, 0, 0, -78.7501481764, -144.786186082 
312, 37552, 0.002, [1 100 255 127 127 0 385 7 130 128 80 85 128 128], 70.0, TPX, 1572971540, 2019-11-05 16:32:20, I07-W0167, 0, 0, -52.4528441205, 82.2408461249 
313, 37554, 1.0, [1 100 255 127 127 0 385 7 130 128 80 85 128 128], 70.0, TPX, 1572971901, 2019-11-05 16:38:21, I07-W0167, 0, 0, -29.9675710927, 75.3467946871 
314, 37555, 1.0, [1 100 255 127 127 0 385 7 130 128 80 85 128 128], 70.0, TPX, 1572972081, 2019-11-05 16:41:21, I07-W0167, 0, 0, -18.6821383211, 72.8331143181 
315, 37556, 1.0, [1 100 255 127 127 0 385 7 130 128 80 85 128 128], 70.0, TPX, 1572972261, 2019-11-05 16:44:21, I07-W0167, 0, 0, -7.37190769382, 70.5411487197 
316, 37557, 1.0, [1 100 255 127 127 0 385 7 130 128 80 85 128 128], 70.0, TPX, 1572972441, 2019-11-05 16:47:21, I07-W0167, 0, 0, 3.95396833547, 68.3255992778 
317, 37559, 1.0, [1 100 255 127 127 0 385 7 130 128 80 85 128 128], 70.0, TPX, 1572972801, 2019-11-05 16:53:21, I07-W0167, 0, 0, 26.61969923, 63.6330680733 
318, 37560, 1.0, [1 100 255 127 127 0 385 7 130 128 80 85 128 128], 70.0, TPX, 1572972981, 2019-11-05 16:56:21, I07-W0167, 0, 0, 37.9363254756, 60.8212294566 
319, 37562, 0.002, [1 100 255 127 127 0 385 7 130 128 80 85 128 128], 70.0, TPX, 1572973330, 2019-11-05 17:02:10, I07-W0167, 0, 0, 59.7048145463, 52.3902454368 
320, 37563, 0.002, [1 100 255 127 127 0 385 7 130 128 80 85 128 128], 70.0, TPX, 1572973520, 2019-11-05 17:05:20, I07-W0167, 0, 0, 71.1864445019, 42.1167803226 
321, 37567, 0.002, [1 100 255 127 127 0 385 7 130 128 80 85 128 128], 70.0, TPX, 1572974240, 2019-11-05 17:17:20, I07-W0167, 0, 0, 60.6319375939, -105.423116052 
322, 37568, 0.002, [1 100 255 127 127 0 385 7 130 128 80 85 128 128], 70.0, TPX, 1572974420, 2019-11-05 17:20:20, I07-W0167, 0, 0, 49.4620169815, -110.744495943 
323, 37570, 1.0, [1 100 255 127 127 0 385 7 130 128 80 85 128 128], 70.0, TPX, 1572974961, 2019-11-05 17:29:21, I07-W0167, 0, 0, 15.4654385337, -119.621228353 
324, 37571, 1.0, [1 100 255 127 127 0 385 7 130 128 80 85 128 128], 70.0, TPX, 1572975141, 2019-11-05 17:32:21, I07-W0167, 0, 0, 4.12696422052, -121.881611157 
325, 37572, 1.0, [1 100 255 127 127 0 385 7 130 128 80 85 128 128], 70.0, TPX, 1572975321, 2019-11-05 17:35:21, I07-W0167, 0, 0, -7.2039550497, -124.09757041 
326, 37574, 0.002, [1 100 255 127 127 0 385 7 130 128 80 85 128 128], 70.0, TPX, 1572976273, 2019-11-05 17:51:13, I07-W0167, 0, 0, -66.4098473291, -144.293155708 
327, 37575, 0.002, [1 100 255 127 127 0 385 7 130 128 80 85 128 128], 70.0, TPX, 1572976453, 2019-11-05 17:54:13, I07-W0167, 0, 0, -76.7069722186, -160.932507391 
328, 37579, 0.002, [1 100 255 127 127 0 385 7 130 128 80 85 128 128], 70.0, TPX, 1572977173, 2019-11-05 18:06:13, I07-W0167, 0, 0, -54.959103489, 59.7067816408 
329, 37581, 1.0, [1 100 255 127 127 0 385 7 130 128 80 85 128 128], 70.0, TPX, 1572977534, 2019-11-05 18:12:14, I07-W0167, 0, 0, -32.5091903505, 52.3249932246 
330, 37582, 1.0, [1 100 255 127 127 0 385 7 130 128 80 85 128 128], 70.0, TPX, 1572977714, 2019-11-05 18:15:14, I07-W0167, 0, 0, -21.2309326925, 49.734022435 
331, 37584, 1.0, [1 100 255 127 127 0 385 7 130 128 80 85 128 128], 70.0, TPX, 1572978074, 2019-11-05 18:21:14, I07-W0167, 0, 0, 1.39787046406, 45.1844300143 
332, 37585, 1.0, [1 100 255 127 127 0 385 7 130 128 80 85 128 128], 70.0, TPX, 1572978254, 2019-11-05 18:24:14, I07-W0167, 0, 0, 12.730579564, 42.9464024198 
333, 37586, 1.0, [1 100 255 127 127 0 385 7 130 128 80 85 128 128], 70.0, TPX, 1572978434, 2019-11-05 18:27:14, I07-W0167, 0, 0, 24.0641241882, 40.565777551 
334, 37587, 1.0, [1 100 255 127 127 0 385 7 130 128 80 85 128 128], 70.0, TPX, 1572978614, 2019-11-05 18:30:14, I07-W0167, 0, 0, 35.386011387, 37.8631946402 
335, 37590, 0.002, [1 100 255 127 127 0 385 7 130 128 80 85 128 128], 70.0, TPX, 1572979774, 2019-11-05 18:49:34, I07-W0167, 0, 0, 69.1020620127, -121.99582558 
336, 37591, 0.002, [1 100 255 127 127 0 385 7 130 128 80 85 128 128], 70.0, TPX, 1572979954, 2019-11-05 18:52:34, I07-W0167, 0, 0, 58.1405304718, -130.502334417 
337, 37592, 0.002, [1 100 255 127 127 0 385 7 130 128 80 85 128 128], 70.0, TPX, 1572980134, 2019-11-05 18:55:34, I07-W0167, 0, 0, 46.9370224042, -135.293971666 
338, 37593, 1.0, [1 100 255 127 127 0 385 7 130 128 80 85 128 128], 70.0, TPX, 1572980315, 2019-11-05 18:58:35, I07-W0167, 0, 0, 35.584052722, -138.683097871 
339, 37594, 1.0, [1 100 255 127 127 0 385 7 130 128 80 85 128 128], 70.0, TPX, 1572980495, 2019-11-05 19:01:35, I07-W0167, 0, 0, 24.2585164946, -141.394191198 
340, 37595, 1.0, [1 100 255 127 127 0 385 7 130 128 80 85 128 128], 70.0, TPX, 1572980675, 2019-11-05 19:04:35, I07-W0167, 0, 0, 12.9206543371, -143.779183973 
341, 37596, 1.0, [1 100 255 127 127 0 385 7 130 128 80 85 128 128], 70.0, TPX, 1572980855, 2019-11-05 19:07:35, I07-W0167, 0, 0, 1.58325033584, -146.019089869 
342, 37597, 1.0, [1 100 255 127 127 0 385 7 130 128 80 85 128 128], 70.0, TPX, 1572981035, 2019-11-05 19:10:35, I07-W0167, 0, 0, -9.74474614703, -148.241168972 
343, 37598, 1.0, [1 100 255 127 127 0 385 7 130 128 80 85 128 128], 70.0, TPX, 1572981215, 2019-11-05 19:13:35, I07-W0167, 0, 0, -21.055203878, -150.566520535 
344, 37599, 0.002, [1 100 255 127 127 0 385 7 130 128 80 85 128 128], 70.0, TPX, 1572982097, 2019-11-05 19:28:17, I07-W0167, 0, 0, -75.1164875385, 179.600165711 
345, 37602, 0.002, [1 100 255 127 127 0 385 7 130 128 80 85 128 128], 70.0, TPX, 1572982637, 2019-11-05 19:37:17, I07-W0167, 0, 0, -67.6982327423, 44.6614014485 
346, 37603, 0.002, [1 100 255 127 127 0 385 7 130 128 80 85 128 128], 70.0, TPX, 1572982817, 2019-11-05 19:40:17, I07-W0167, 0, 0, -56.7813125819, 36.9498754048 
347, 37604, 0.002, [1 100 255 127 127 0 385 7 130 128 80 85 128 128], 70.0, TPX, 1572982997, 2019-11-05 19:43:17, I07-W0167, 0, 0, -45.6476807645, 32.4253770992 
348, 37605, 1.0, [1 100 255 127 127 0 385 7 130 128 80 85 128 128], 70.0, TPX, 1572983358, 2019-11-05 19:49:18, I07-W0167, 0, 0, -23.0884914295, 26.4963528438 
349, 37606, 1.0, [1 100 255 127 127 0 385 7 130 128 80 85 128 128], 70.0, TPX, 1572983538, 2019-11-05 19:52:18, I07-W0167, 0, 0, -11.7864595906, 24.1381770992 
350, 37607, 1.0, [1 100 255 127 127 0 385 7 130 128 80 85 128 128], 70.0, TPX, 1572983718, 2019-11-05 19:55:18, I07-W0167, 0, 0, -0.465510262161, 21.9074253637 
351, 37608, 1.0, [1 100 255 127 127 0 385 7 130 128 80 85 128 128], 70.0, TPX, 1572983898, 2019-11-05 19:58:18, I07-W0167, 0, 0, 10.8662930907, 19.6800733549 
352, 37614, 0.002, [1 100 255 127 127 0 385 7 130 128 80 85 128 128], 70.0, TPX, 1572985337, 2019-11-05 20:22:17, I07-W0167, 0, 0, 75.4711587714, -135.082782217 
353, 37615, 0.002, [1 100 255 127 127 0 385 7 130 128 80 85 128 128], 70.0, TPX, 1572985517, 2019-11-05 20:25:17, I07-W0167, 0, 0, 64.9253330339, -149.663132395 
354, 37616, 0.002, [1 100 255 127 127 0 385 7 130 128 80 85 128 128], 70.0, TPX, 1572985697, 2019-11-05 20:28:17, I07-W0167, 0, 0, 53.8369204839, -156.244470451 
355, 37619, 0.002, [1 100 255 127 127 0 385 7 130 128 80 85 128 128], 70.0, TPX, 1572987727, 2019-11-05 21:02:07, I07-W0167, 0, 0, -72.6740597029, 160.746548661 
356, 37622, 0.002, [1 100 255 127 127 0 385 7 130 128 80 85 128 128], 70.0, TPX, 1572988267, 2019-11-05 21:11:07, I07-W0167, 0, 0, -70.2712469645, 23.9506884065 
357, 37623, 0.002, [1 100 255 127 127 0 385 7 130 128 80 85 128 128], 70.0, TPX, 1572988447, 2019-11-05 21:14:07, I07-W0167, 0, 0, -59.4550686793, 14.7556264923 
358, 37624, 0.002, [1 100 255 127 127 0 385 7 130 128 80 85 128 128], 70.0, TPX, 1572988627, 2019-11-05 21:17:07, I07-W0167, 0, 0, -48.3562025248, 9.72489420221 
359, 37625, 0.002, [1 100 255 127 127 0 385 7 130 128 80 85 128 128], 70.0, TPX, 1572988807, 2019-11-05 21:20:07, I07-W0167, 0, 0, -37.1484973059, 6.24519200452 
360, 37627, 1.0, [1 100 255 127 127 0 385 7 130 128 80 85 128 128], 70.0, TPX, 1572989168, 2019-11-05 21:26:08, I07-W0167, 0, 0, -14.5267041645, 1.0520013172 
361, 37628, 1.0, [1 100 255 127 127 0 385 7 130 128 80 85 128 128], 70.0, TPX, 1572989348, 2019-11-05 21:29:08, I07-W0167, 0, 0, -3.20944484575, -1.1973845617 
362, 37629, 1.0, [1 100 255 127 127 0 385 7 130 128 80 85 128 128], 70.0, TPX, 1572989528, 2019-11-05 21:32:08, I07-W0167, 0, 0, 8.12056472865, -3.41488647723 
363, 37632, 1.0, [1 100 255 127 127 0 385 7 130 128 80 85 128 128], 70.0, TPX, 1572990070, 2019-11-05 21:41:10, I07-W0167, 0, 0, 42.2150906504, -11.3330161383 
364, 37636, 0.002, [1 100 255 127 127 0 385 7 130 128 80 85 128 128], 70.0, TPX, 1572991147, 2019-11-05 21:59:07, I07-W0167, 0, 0, 67.5594228078, -170.927669618 
365, 37639, 1.0, [1 100 255 127 127 0 385 7 130 128 80 85 128 128], 70.0, TPX, 1572991688, 2019-11-05 22:08:08, I07-W0167, 0, 0, 33.9622243038, 173.617398113 
366, 37640, 1.0, [1 100 255 127 127 0 385 7 130 128 80 85 128 128], 70.0, TPX, 1572991868, 2019-11-05 22:11:08, I07-W0167, 0, 0, 22.6340533309, 170.968227281 
367, 37641, 1.0, [1 100 255 127 127 0 385 7 130 128 80 85 128 128], 70.0, TPX, 1572992048, 2019-11-05 22:14:08, I07-W0167, 0, 0, 11.2958172205, 168.613232697 
368, 37642, 1.0, [1 100 255 127 127 0 385 7 130 128 80 85 128 128], 70.0, TPX, 1572992228, 2019-11-05 22:17:08, I07-W0167, 0, 0, -0.0405178727653, 166.383162273 
369, 37643, 1.0, [1 100 255 127 127 0 385 7 130 128 80 85 128 128], 70.0, TPX, 1572992588, 2019-11-05 22:23:08, I07-W0167, 0, 0, -22.6732739847, 161.802591529 
370, 37644, 1.0, [1 100 255 127 127 0 385 7 130 128 80 85 128 128], 70.0, TPX, 1572992768, 2019-11-05 22:26:08, I07-W0167, 0, 0, -33.9509066803, 159.161480321 
371, 37646, 0.002, [1 100 255 127 127 0 385 7 130 128 80 85 128 128], 70.0, TPX, 1572993860, 2019-11-05 22:44:20, I07-W0167, 0, 0, -74.8648975204, 8.03859306711 
372, 37647, 0.002, [1 100 255 127 127 0 385 7 130 128 80 85 128 128], 70.0, TPX, 1572994040, 2019-11-05 22:47:20, I07-W0167, 0, 0, -64.3552376346, -5.592538828 
373, 37648, 0.002, [1 100 255 127 127 0 385 7 130 128 80 85 128 128], 70.0, TPX, 1572994220, 2019-11-05 22:50:20, I07-W0167, 0, 0, -53.3458572034, -11.9401200639 
374, 37649, 0.002, [1 100 255 127 127 0 385 7 130 128 80 85 128 128], 70.0, TPX, 1572994400, 2019-11-05 22:53:20, I07-W0167, 0, 0, -42.1766913269, -15.9576356256 
375, 37650, 0.002, [1 100 255 127 127 0 385 7 130 128 80 85 128 128], 70.0, TPX, 1572994580, 2019-11-05 22:56:20, I07-W0167, 0, 0, -30.9345448791, -18.9828237388 
376, 37651, 0.002, [1 100 255 127 127 0 385 7 130 128 80 85 128 128], 70.0, TPX, 1572994760, 2019-11-05 22:59:20, I07-W0167, 0, 0, -19.6513848528, -21.5245300815 
377, 37652, 1.0, [1 100 255 127 127 0 385 7 130 128 80 85 128 128], 70.0, TPX, 1572994941, 2019-11-05 23:02:21, I07-W0167, 0, 0, -8.27955787213, -23.8416051628 
378, 37653, 1.0, [1 100 255 127 127 0 385 7 130 128 80 85 128 128], 70.0, TPX, 1572995121, 2019-11-05 23:05:21, I07-W0167, 0, 0, 3.0458182727, -26.0588758124 
379, 37654, 1.0, [1 100 255 127 127 0 385 7 130 128 80 85 128 128], 70.0, TPX, 1572995301, 2019-11-05 23:08:21, I07-W0167, 0, 0, 14.3795921351, -28.3091823795 
380, 37655, 1.0, [1 100 255 127 127 0 385 7 130 128 80 85 128 128], 70.0, TPX, 1572995481, 2019-11-05 23:11:21, I07-W0167, 0, 0, 25.7126962121, -30.7234886186 
381, 37656, 1.0, [1 100 255 127 127 0 385 7 130 128 80 85 128 128], 70.0, TPX, 1572995661, 2019-11-05 23:14:21, I07-W0167, 0, 0, 37.0317010711, -33.4946671193 
382, 37657, 1.0, [1 100 255 127 127 0 385 7 130 128 80 85 128 128], 70.0, TPX, 1572995841, 2019-11-05 23:17:21, I07-W0167, 0, 0, 48.3118370311, -36.9850611243 
383, 37662, 0.002, [1 100 255 127 127 0 385 7 130 128 80 85 128 128], 70.0, TPX, 1572996740, 2019-11-05 23:32:20, I07-W0167, 0, 0, 72.3195797152, 171.43105456 
384, 37663, 0.002, [1 100 255 127 127 0 385 7 130 128 80 85 128 128], 70.0, TPX, 1572996920, 2019-11-05 23:35:20, I07-W0167, 0, 0, 61.5162421857, 160.575944196 
385, 37664, 1.0, [1 100 255 127 127 0 385 7 130 128 80 85 128 128], 70.0, TPX, 1572997101, 2019-11-05 23:38:21, I07-W0167, 0, 0, 50.2981345886, 155.011976476 
386, 37665, 1.0, [1 100 255 127 127 0 385 7 130 128 80 85 128 128], 70.0, TPX, 1572997281, 2019-11-05 23:41:21, I07-W0167, 0, 0, 39.0264783085, 151.328878929 
387, 37666, 1.0, [1 100 255 127 127 0 385 7 130 128 80 85 128 128], 70.0, TPX, 1572997461, 2019-11-05 23:44:21, I07-W0167, 0, 0, 27.7087404496, 148.46424295 
388, 37667, 1.0, [1 100 255 127 127 0 385 7 130 128 80 85 128 128], 70.0, TPX, 1572997641, 2019-11-05 23:47:21, I07-W0167, 0, 0, 16.3732919102, 146.003421415 
389, 37668, 1.0, [1 100 255 127 127 0 385 7 130 128 80 85 128 128], 70.0, TPX, 1572997821, 2019-11-05 23:50:21, I07-W0167, 0, 0, 5.03502549084, 143.734214007 
390, 37669, 1.0, [1 100 255 127 127 0 385 7 130 128 80 85 128 128], 70.0, TPX, 1572998001, 2019-11-05 23:53:21, I07-W0167, 0, 0, -6.29634627942, 141.519101697 
391, 37670, 1.0, [1 100 255 127 127 0 385 7 130 128 80 85 128 128], 70.0, TPX, 1572998181, 2019-11-05 23:56:21, I07-W0167, 0, 0, -17.6127202349, 139.239266515 
392, 37671, 1.0, [1 100 255 127 127 0 385 7 130 128 80 85 128 128], 70.0, TPX, 1572998361, 2019-11-05 23:59:21, I07-W0167, 0, 0, -28.9050122241, 136.753856299 
393, 37674, 0.002, [1 100 255 127 127 0 385 7 130 128 80 85 128 128], 70.0, TPX, 1572999485, 2019-11-06 00:18:05, I07-W0167, 0, 0, -77.4536211778, -8.46889839986 
394, 37675, 0.002, [1 100 255 127 127 0 385 7 130 128 80 85 128 128], 70.0, TPX, 1572999665, 2019-11-06 00:21:05, I07-W0167, 0, 0, -67.2720904098, -26.6840993761 
395, 37676, 0.002, [1 100 255 127 127 0 385 7 130 128 80 85 128 128], 70.0, TPX, 1573000025, 2019-11-06 00:27:05, I07-W0167, 0, 0, -45.2023456005, -38.6435847339 
396, 37677, 0.002, [1 100 255 127 127 0 385 7 130 128 80 85 128 128], 70.0, TPX, 1573000205, 2019-11-06 00:30:05, I07-W0167, 0, 0, -33.9754885311, -41.8683321916 
397, 37678, 0.002, [1 100 255 127 127 0 385 7 130 128 80 85 128 128], 70.0, TPX, 1573000385, 2019-11-06 00:33:05, I07-W0167, 0, 0, -22.7013989961, -44.5097985697 
398, 37679, 1.0, [1 100 255 127 127 0 385 7 130 128 80 85 128 128], 70.0, TPX, 1573000566, 2019-11-06 00:36:06, I07-W0167, 0, 0, -11.3353845064, -46.8738568147 
399, 37680, 1.0, [1 100 255 127 127 0 385 7 130 128 80 85 128 128], 70.0, TPX, 1573000746, 2019-11-06 00:39:06, I07-W0167, 0, 0, -0.0135074994947, -49.102274333 
400, 37682, 1.0, [1 100 255 127 127 0 385 7 130 128 80 85 128 128], 70.0, TPX, 1573001106, 2019-11-06 00:45:06, I07-W0167, 0, 0, 22.6533776436, -53.6867860958 
401, 37684, 1.0, [1 100 255 127 127 0 385 7 130 128 80 85 128 128], 70.0, TPX, 1573001466, 2019-11-06 00:51:06, I07-W0167, 0, 0, 45.2724199263, -59.5786404618 
402, 37686, 0.002, [1 100 255 127 127 0 385 7 130 128 80 85 128 128], 70.0, TPX, 1573001825, 2019-11-06 00:57:05, I07-W0167, 0, 0, 67.4475443092, -71.6760188011 
403, 37689, 0.002, [1 100 255 127 127 0 385 7 130 128 80 85 128 128], 70.0, TPX, 1573002365, 2019-11-06 01:06:05, I07-W0167, 0, 0, 75.0738330071, 153.056657242 
404, 37690, 0.002, [1 100 255 127 127 0 385 7 130 128 80 85 128 128], 70.0, TPX, 1573002545, 2019-11-06 01:09:05, I07-W0167, 0, 0, 64.4869031912, 139.063730653 
405, 37692, 1.0, [1 100 255 127 127 0 385 7 130 128 80 85 128 128], 70.0, TPX, 1573002906, 2019-11-06 01:15:06, I07-W0167, 0, 0, 42.0759631121, 128.57620741 
406, 37693, 1.0, [1 100 255 127 127 0 385 7 130 128 80 85 128 128], 70.0, TPX, 1573003086, 2019-11-06 01:18:06, I07-W0167, 0, 0, 30.7670310746, 125.545406589 
407, 37694, 1.0, [1 100 255 127 127 0 385 7 130 128 80 85 128 128], 70.0, TPX, 1573003266, 2019-11-06 01:21:06, I07-W0167, 0, 0, 19.4346527052, 123.001598256 
408, 37695, 1.0, [1 100 255 127 127 0 385 7 130 128 80 85 128 128], 70.0, TPX, 1573003446, 2019-11-06 01:24:06, I07-W0167, 0, 0, 8.09616387784, 120.696040581 
409, 37696, 1.0, [1 100 255 127 127 0 385 7 130 128 80 85 128 128], 70.0, TPX, 1573003626, 2019-11-06 01:27:06, I07-W0167, 0, 0, -3.23777561665, 118.478086913 
410, 37697, 1.0, [1 100 255 127 127 0 385 7 130 128 80 85 128 128], 70.0, TPX, 1573003806, 2019-11-06 01:30:06, I07-W0167, 0, 0, -14.5588897234, 116.227935732 
411, 37698, 0.002, [1 100 255 127 127 0 385 7 130 128 80 85 128 128], 70.0, TPX, 1573005309, 2019-11-06 01:55:09, I07-W0167, 0, 0, -69.028487215, -48.4727118917 
412, 37699, 0.002, [1 100 255 127 127 0 385 7 130 128 80 85 128 128], 70.0, TPX, 1573005489, 2019-11-06 01:58:09, I07-W0167, 0, 0, -58.1593613034, -56.8914459672 
413, 37700, 0.002, [1 100 255 127 127 0 385 7 130 128 80 85 128 128], 70.0, TPX, 1573005669, 2019-11-06 02:01:09, I07-W0167, 0, 0, -47.0424805249, -61.6624970263 
414, 37701, 0.002, [1 100 255 127 127 0 385 7 130 128 80 85 128 128], 70.0, TPX, 1573005849, 2019-11-06 02:04:09, I07-W0167, 0, 0, -35.8262068337, -65.0294251169 
415, 37702, 0.002, [1 100 255 127 127 0 385 7 130 128 80 85 128 128], 70.0, TPX, 1573006029, 2019-11-06 02:07:09, I07-W0167, 0, 0, -24.5582064123, -67.7413995378 
416, 37703, 1.0, [1 100 255 127 127 0 385 7 130 128 80 85 128 128], 70.0, TPX, 1573006210, 2019-11-06 02:10:10, I07-W0167, 0, 0, -13.1960492719, -70.1397931438 
417, 37704, 1.0, [1 100 255 127 127 0 385 7 130 128 80 85 128 128], 70.0, TPX, 1573006390, 2019-11-06 02:13:10, I07-W0167, 0, 0, -1.87653961926, -72.3792755686 
418, 37705, 1.0, [1 100 255 127 127 0 385 7 130 128 80 85 128 128], 70.0, TPX, 1573006570, 2019-11-06 02:16:10, I07-W0167, 0, 0, 9.45480803189, -74.6007536147 
419, 37706, 1.0, [1 100 255 127 127 0 385 7 130 128 80 85 128 128], 70.0, TPX, 1573006750, 2019-11-06 02:19:10, I07-W0167, 0, 0, 20.789729793, -76.9252787248 
420, 37707, 1.0, [1 100 255 127 127 0 385 7 130 128 80 85 128 128], 70.0, TPX, 1573006930, 2019-11-06 02:22:10, I07-W0167, 0, 0, 32.1172092092, -79.5106146083 
421, 37709, 0.002, [1 100 255 127 127 0 385 7 130 128 80 85 128 128], 70.0, TPX, 1573007289, 2019-11-06 02:28:09, I07-W0167, 0, 0, 54.5935551797, -86.8110076602 
422, 37713, 0.002, [1 100 255 127 127 0 385 7 130 128 80 85 128 128], 70.0, TPX, 1573008009, 2019-11-06 02:40:09, I07-W0167, 0, 0, 76.6792348204, 133.603800375 
423, 37714, 0.002, [1 100 255 127 127 0 385 7 130 128 80 85 128 128], 70.0, TPX, 1573008189, 2019-11-06 02:43:09, I07-W0167, 0, 0, 66.2815627161, 116.937469444 
424, 37715, 0.002, [1 100 255 127 127 0 385 7 130 128 80 85 128 128], 70.0, TPX, 1573008369, 2019-11-06 02:46:09, I07-W0167, 0, 0, 55.2278611875, 109.82838999 
425, 37716, 1.0, [1 100 255 127 127 0 385 7 130 128 80 85 128 128], 70.0, TPX, 1573008550, 2019-11-06 02:49:10, I07-W0167, 0, 0, 43.9312132452, 105.509463303 
426, 37717, 1.0, [1 100 255 127 127 0 385 7 130 128 80 85 128 128], 70.0, TPX, 1573008730, 2019-11-06 02:52:10, I07-W0167, 0, 0, 32.6288176987, 102.360773417 
427, 37718, 1.0, [1 100 255 127 127 0 385 7 130 128 80 85 128 128], 70.0, TPX, 1573008910, 2019-11-06 02:55:10, I07-W0167, 0, 0, 21.2989221031, 99.7581230039 
428, 37719, 1.0, [1 100 255 127 127 0 385 7 130 128 80 85 128 128], 70.0, TPX, 1573009090, 2019-11-06 02:58:10, I07-W0167, 0, 0, 9.9607056295, 97.4252923838 
429, 37722, 1.0, [1 100 255 127 127 0 385 7 130 128 80 85 128 128], 70.0, TPX, 1573009630, 2019-11-06 03:07:10, I07-W0167, 0, 0, -24.0014230516, 90.5894136671 
430, 37723, 0.002, [1 100 255 127 127 0 385 7 130 128 80 85 128 128], 70.0, TPX, 1573009809, 2019-11-06 03:10:09, I07-W0167, 0, 0, -35.2120464689, 87.9151487206 
431, 37725, 0.002, [1 100 255 127 127 0 385 7 130 128 80 85 128 128], 70.0, TPX, 1573010749, 2019-11-06 03:25:49, I07-W0167, 0, 0, -81.1545318583, -34.8922706724 
432, 37726, 0.002, [1 100 255 127 127 0 385 7 130 128 80 85 128 128], 70.0, TPX, 1573010929, 2019-11-06 03:28:49, I07-W0167, 0, 0, -72.152076156, -67.9451509109 
433, 37727, 0.002, [1 100 255 127 127 0 385 7 130 128 80 85 128 128], 70.0, TPX, 1573011109, 2019-11-06 03:31:49, I07-W0167, 0, 0, -61.4353181044, -78.5937436746 
434, 37728, 0.002, [1 100 255 127 127 0 385 7 130 128 80 85 128 128], 70.0, TPX, 1573011289, 2019-11-06 03:34:49, I07-W0167, 0, 0, -50.3677444615, -84.0840478043 
435, 37729, 0.002, [1 100 255 127 127 0 385 7 130 128 80 85 128 128], 70.0, TPX, 1573011469, 2019-11-06 03:37:49, I07-W0167, 0, 0, -39.1740308851, -87.757596747 
436, 37731, 1.0, [1 100 255 127 127 0 385 7 130 128 80 85 128 128], 70.0, TPX, 1573012010, 2019-11-06 03:46:50, I07-W0167, 0, 0, -5.25038946619, -95.3600412545 
437, 37732, 1.0, [1 100 255 127 127 0 385 7 130 128 80 85 128 128], 70.0, TPX, 1573012190, 2019-11-06 03:49:50, I07-W0167, 0, 0, 6.07809526848, -97.57463447 
438, 37733, 1.0, [1 100 255 127 127 0 385 7 130 128 80 85 128 128], 70.0, TPX, 1573012370, 2019-11-06 03:52:50, I07-W0167, 0, 0, 17.4127783998, -99.8545174637 
439, 37734, 1.0, [1 100 255 127 127 0 385 7 130 128 80 85 128 128], 70.0, TPX, 1573012555, 2019-11-06 03:55:55, I07-W0167, 0, 0, 29.0583841219, -102.414964138 
440, 37735, 0.002, [1 100 255 127 127 0 385 7 130 128 80 85 128 128], 70.0, TPX, 1573012719, 2019-11-06 03:58:39, I07-W0167, 0, 0, 39.3654093705, -105.060733535 
441, 37736, 0.002, [1 100 255 127 127 0 385 7 130 128 80 85 128 128], 70.0, TPX, 1573012909, 2019-11-06 04:01:49, I07-W0167, 0, 0, 51.255829563, -109.024872876 
442, 37737, 0.002, [1 100 255 127 127 0 385 7 130 128 80 85 128 128], 70.0, TPX, 1573013089, 2019-11-06 04:04:49, I07-W0167, 0, 0, 62.3943859468, -114.799620234 
443, 37740, 0.002, [1 100 255 127 127 0 385 7 130 128 80 85 128 128], 70.0, TPX, 1573013809, 2019-11-06 04:16:49, I07-W0167, 0, 0, 69.4951462296, 96.6192071184 
444, 37741, 0.002, [1 100 255 127 127 0 385 7 130 128 80 85 128 128], 70.0, TPX, 1573013989, 2019-11-06 04:19:49, I07-W0167, 0, 0, 58.5493924257, 87.8773436235 
445, 37744, 0.002, [1 100 255 127 127 0 385 7 130 128 80 85 128 128], 70.0, TPX, 1573015867, 2019-11-06 04:51:07, I07-W0167, 0, 0, -59.056445179, 55.4793146017 
446, 37747, 0.002, [1 100 255 127 127 0 385 7 130 128 80 85 128 128], 70.0, TPX, 1573016407, 2019-11-06 05:00:07, I07-W0167, 0, 0, -81.6627730646, -52.8085023158 
447, 37748, 0.002, [1 100 255 127 127 0 385 7 130 128 80 85 128 128], 70.0, TPX, 1573016587, 2019-11-06 05:03:07, I07-W0167, 0, 0, -73.0434226728, -90.1109520856 
448, 37749, 0.002, [1 100 255 127 127 0 385 7 130 128 80 85 128 128], 70.0, TPX, 1573016767, 2019-11-06 05:06:07, I07-W0167, 0, 0, -62.3845846253, -101.600559702 
449, 37750, 0.002, [1 100 255 127 127 0 385 7 130 128 80 85 128 128], 70.0, TPX, 1573016947, 2019-11-06 05:09:07, I07-W0167, 0, 0, -51.3341069459, -107.343109548 
450, 37751, 0.002, [1 100 255 127 127 0 385 7 130 128 80 85 128 128], 70.0, TPX, 1573017127, 2019-11-06 05:12:07, I07-W0167, 0, 0, -40.1477528983, -111.120149517 
451, 37752, 0.002, [1 100 255 127 127 0 385 7 130 128 80 85 128 128], 70.0, TPX, 1573017307, 2019-11-06 05:15:07, I07-W0167, 0, 0, -28.8964198461, -114.03149033 
452, 37753, 1.0, [1 100 255 127 127 0 385 7 130 128 80 85 128 128], 70.0, TPX, 1573017488, 2019-11-06 05:18:08, I07-W0167, 0, 0, -17.544770098, -116.529215377 
453, 37754, 1.0, [1 100 255 127 127 0 385 7 130 128 80 85 128 128], 70.0, TPX, 1573017668, 2019-11-06 05:21:08, I07-W0167, 0, 0, -6.23196235499, -118.807752823 
454, 37755, 1.0, [1 100 255 127 127 0 385 7 130 128 80 85 128 128], 70.0, TPX, 1573018028, 2019-11-06 05:27:08, I07-W0167, 0, 0, 16.4303239897, -123.291580767 
455, 37757, 0.002, [1 100 255 127 127 0 385 7 130 128 80 85 128 128], 70.0, TPX, 1573018387, 2019-11-06 05:33:07, I07-W0167, 0, 0, 39.0140439491, -128.602107488 
456, 37758, 0.002, [1 100 255 127 127 0 385 7 130 128 80 85 128 128], 70.0, TPX, 1573018567, 2019-11-06 05:36:07, I07-W0167, 0, 0, 50.28320038, -132.283005714 
457, 37759, 0.002, [1 100 255 127 127 0 385 7 130 128 80 85 128 128], 70.0, TPX, 1573018747, 2019-11-06 05:39:07, I07-W0167, 0, 0, 61.4382141046, -137.802044449 
458, 37762, 0.002, [1 100 255 127 127 0 385 7 130 128 80 85 128 128], 70.0, TPX, 1573019287, 2019-11-06 05:48:07, I07-W0167, 0, 0, 80.0505752131, 100.908641049 
459, 37763, 0.002, [1 100 255 127 127 0 385 7 130 128 80 85 128 128], 70.0, TPX, 1573019467, 2019-11-06 05:51:07, I07-W0167, 0, 0, 70.4172081071, 74.1254407504 
460, 37764, 0.002, [1 100 255 127 127 0 385 7 130 128 80 85 128 128], 70.0, TPX, 1573019647, 2019-11-06 05:54:07, I07-W0167, 0, 0, 59.5117865702, 64.7814619293 
461, 37765, 1.0, [1 100 255 127 127 0 385 7 130 128 80 85 128 128], 70.0, TPX, 1573020008, 2019-11-06 06:00:08, I07-W0167, 0, 0, 36.9803653693, 56.2038439933 
462, 37766, 1.0, [1 100 255 127 127 0 385 7 130 128 80 85 128 128], 70.0, TPX, 1573020188, 2019-11-06 06:03:08, I07-W0167, 0, 0, 25.6580103025, 53.4344515871 
463, 37767, 1.0, [1 100 255 127 127 0 385 7 130 128 80 85 128 128], 70.0, TPX, 1573020368, 2019-11-06 06:06:08, I07-W0167, 0, 0, 14.3213152536, 51.0208813008 
464, 37768, 1.0, [1 100 255 127 127 0 385 7 130 128 80 85 128 128], 70.0, TPX, 1573020548, 2019-11-06 06:09:08, I07-W0167, 0, 0, 2.98382939679, 48.7706140074 
465, 37769, 1.0, [1 100 255 127 127 0 385 7 130 128 80 85 128 128], 70.0, TPX, 1573020728, 2019-11-06 06:12:08, I07-W0167, 0, 0, -8.34523867873, 46.5527525464 
466, 37770, 1.0, [1 100 255 127 127 0 385 7 130 128 80 85 128 128], 70.0, TPX, 1573020908, 2019-11-06 06:15:08, I07-W0167, 0, 0, -19.6578137684, 44.2475978528 
467, 37771, 1.0, [1 100 255 127 127 0 385 7 130 128 80 85 128 128], 70.0, TPX, 1573021088, 2019-11-06 06:18:08, I07-W0167, 0, 0, -30.9443154647, 41.7051623874 
468, 37773, 0.002, [1 100 255 127 127 0 385 7 130 128 80 85 128 128], 70.0, TPX, 1573021842, 2019-11-06 06:30:42, I07-W0167, 0, 0, -76.7119855774, 9.92911600459 
469, 37774, 0.002, [1 100 255 127 127 0 385 7 130 128 80 85 128 128], 70.0, TPX, 1573022022, 2019-11-06 06:33:42, I07-W0167, 0, 0, -82.6532529469, -49.7894562503 
470, 37775, 0.002, [1 100 255 127 127 0 385 7 130 128 80 85 128 128], 70.0, TPX, 1573022202, 2019-11-06 06:36:42, I07-W0167, 0, 0, -76.2770664519, -106.659141235 
471, 37776, 0.002, [1 100 255 127 127 0 385 7 130 128 80 85 128 128], 70.0, TPX, 1573022382, 2019-11-06 06:39:42, I07-W0167, 0, 0, -65.9235788414, -122.495713465 
472, 37777, 0.002, [1 100 255 127 127 0 385 7 130 128 80 85 128 128], 70.0, TPX, 1573022742, 2019-11-06 06:45:42, I07-W0167, 0, 0, -43.7993257074, -133.658400907 
473, 37778, 1.0, [1 100 255 127 127 0 385 7 130 128 80 85 128 128], 70.0, TPX, 1573022923, 2019-11-06 06:48:43, I07-W0167, 0, 0, -32.502349916, -136.801271472 
474, 37779, 1.0, [1 100 255 127 127 0 385 7 130 128 80 85 128 128], 70.0, TPX, 1573023103, 2019-11-06 06:51:43, I07-W0167, 0, 0, -21.2235219373, -139.392044186 
475, 37780, 1.0, [1 100 255 127 127 0 385 7 130 128 80 85 128 128], 70.0, TPX, 1573023283, 2019-11-06 06:54:43, I07-W0167, 0, 0, -9.91724001317, -141.719403825 
476, 37781, 1.0, [1 100 255 127 127 0 385 7 130 128 80 85 128 128], 70.0, TPX, 1573023463, 2019-11-06 06:57:43, I07-W0167, 0, 0, 1.40657948885, -143.94156489 
477, 37782, 1.0, [1 100 255 127 127 0 385 7 130 128 80 85 128 128], 70.0, TPX, 1573023643, 2019-11-06 07:00:43, I07-W0167, 0, 0, 12.7399650977, -146.179694937 
478, 37783, 1.0, [1 100 255 127 127 0 385 7 130 128 80 85 128 128], 70.0, TPX, 1573023823, 2019-11-06 07:03:43, I07-W0167, 0, 0, 24.0741679814, -148.560562278 
479, 37784, 0.002, [1 100 255 127 127 0 385 7 130 128 80 85 128 128], 70.0, TPX, 1573024182, 2019-11-06 07:09:42, I07-W0167, 0, 0, 46.6225126835, -154.59365471 
480, 37785, 0.002, [1 100 255 127 127 0 385 7 130 128 80 85 128 128], 70.0, TPX, 1573024362, 2019-11-06 07:12:42, I07-W0167, 0, 0, 57.8274277701, -159.32571905 
481, 37786, 0.002, [1 100 255 127 127 0 385 7 130 128 80 85 128 128], 70.0, TPX, 1573024542, 2019-11-06 07:15:42, I07-W0167, 0, 0, 68.7989518778, -167.657375044 
482, 37789, 0.002, [1 100 255 127 127 0 385 7 130 128 80 85 128 128], 70.0, TPX, 1573025082, 2019-11-06 07:24:42, I07-W0167, 0, 0, 73.8089366145, 55.8382137218 
483, 37790, 0.002, [1 100 255 127 127 0 385 7 130 128 80 85 128 128], 70.0, TPX, 1573025262, 2019-11-06 07:27:42, I07-W0167, 0, 0, 63.1096843377, 43.4631540418 
484, 37791, 1.0, [1 100 255 127 127 0 385 7 130 128 80 85 128 128], 70.0, TPX, 1573025441, 2019-11-06 07:30:41, I07-W0167, 0, 0, 52.0448939969, 37.5060645391 
485, 37793, 1.0, [1 100 255 127 127 0 385 7 130 128 80 85 128 128], 70.0, TPX, 1573025803, 2019-11-06 07:36:43, I07-W0167, 0, 0, 29.3463517274, 30.6439442356 
486, 37794, 1.0, [1 100 255 127 127 0 385 7 130 128 80 85 128 128], 70.0, TPX, 1573026163, 2019-11-06 07:42:43, I07-W0167, 0, 0, 6.67433492445, 25.8534185995 
487, 37795, 1.0, [1 100 255 127 127 0 385 7 130 128 80 85 128 128], 70.0, TPX, 1573026343, 2019-11-06 07:45:43, I07-W0167, 0, 0, -4.65825133882, 23.6379050161 
488, 37796, 1.0, [1 100 255 127 127 0 385 7 130 128 80 85 128 128], 70.0, TPX, 1573026523, 2019-11-06 07:48:43, I07-W0167, 0, 0, -15.9770009195, 21.3752409293 
489, 37797, 0.002, [1 100 255 127 127 0 385 7 130 128 80 85 128 128], 70.0, TPX, 1573026702, 2019-11-06 07:51:42, I07-W0167, 0, 0, -27.2104918101, 18.944953755 
490, 37798, 0.002, [1 100 255 127 127 0 385 7 130 128 80 85 128 128], 70.0, TPX, 1573027471, 2019-11-06 08:04:31, I07-W0167, 0, 0, -74.2934565738, -7.73177157812 
491, 37799, 0.002, [1 100 255 127 127 0 385 7 130 128 80 85 128 128], 70.0, TPX, 1573027651, 2019-11-06 08:07:31, I07-W0167, 0, 0, -82.22767069, -51.9498792354 
492, 37800, 0.002, [1 100 255 127 127 0 385 7 130 128 80 85 128 128], 70.0, TPX, 1573027831, 2019-11-06 08:10:31, I07-W0167, 0, 0, -78.5512803886, -122.448790065 
493, 37801, 0.002, [1 100 255 127 127 0 385 7 130 128 80 85 128 128], 70.0, TPX, 1573028011, 2019-11-06 08:13:31, I07-W0167, 0, 0, -68.5823597491, -143.533420106 
494, 37802, 0.002, [1 100 255 127 127 0 385 7 130 128 80 85 128 128], 70.0, TPX, 1573028191, 2019-11-06 08:16:31, I07-W0167, 0, 0, -57.6961925155, -151.70187556 
495, 37804, 1.0, [1 100 255 127 127 0 385 7 130 128 80 85 128 128], 70.0, TPX, 1573028732, 2019-11-06 08:25:32, I07-W0167, 0, 0, -24.0215943078, -162.422800027 
496, 37805, 1.0, [1 100 255 127 127 0 385 7 130 128 80 85 128 128], 70.0, TPX, 1573028912, 2019-11-06 08:28:32, I07-W0167, 0, 0, -12.7209336294, -164.798107593 
497, 37806, 1.0, [1 100 255 127 127 0 385 7 130 128 80 85 128 128], 70.0, TPX, 1573029092, 2019-11-06 08:31:32, I07-W0167, 0, 0, -1.40057874078, -167.034434471 
498, 37807, 1.0, [1 100 255 127 127 0 385 7 130 128 80 85 128 128], 70.0, TPX, 1573029272, 2019-11-06 08:34:32, I07-W0167, 0, 0, 9.93129739626, -169.257688366 
499, 37808, 1.0, [1 100 255 127 127 0 385 7 130 128 80 85 128 128], 70.0, TPX, 1573029452, 2019-11-06 08:37:32, I07-W0167, 0, 0, 21.2663677139, -171.589555929 
500, 37810, 0.002, [1 100 255 127 127 0 385 7 130 128 80 85 128 128], 70.0, TPX, 1573029811, 2019-11-06 08:43:31, I07-W0167, 0, 0, 43.8307787285, -177.316341699 
501, 37811, 0.002, [1 100 255 127 127 0 385 7 130 128 80 85 128 128], 70.0, TPX, 1573029991, 2019-11-06 08:46:31, I07-W0167, 0, 0, 55.0642303455, 178.409595437 
502, 37812, 0.002, [1 100 255 127 127 0 385 7 130 128 80 85 128 128], 70.0, TPX, 1573030351, 2019-11-06 08:52:31, I07-W0167, 0, 0, 76.5371737158, 154.975079794 
503, 37814, 0.002, [1 100 255 127 127 0 385 7 130 128 80 85 128 128], 70.0, TPX, 1573030711, 2019-11-06 08:58:31, I07-W0167, 0, 0, 76.2745597725, 37.8791977734 
504, 37815, 0.002, [1 100 255 127 127 0 385 7 130 128 80 85 128 128], 70.0, TPX, 1573030894, 2019-11-06 09:01:34, I07-W0167, 0, 0, 65.6412256513, 21.8112153191 
505, 37817, 1.0, [1 100 255 127 127 0 385 7 130 128 80 85 128 128], 70.0, TPX, 1573031252, 2019-11-06 09:07:32, I07-W0167, 0, 0, 43.4560677205, 10.7974721046 
506, 37818, 1.0, [1 100 255 127 127 0 385 7 130 128 80 85 128 128], 70.0, TPX, 1573031432, 2019-11-06 09:10:32, I07-W0167, 0, 0, 32.1520295136, 7.68040940935 
507, 37819, 1.0, [1 100 255 127 127 0 385 7 130 128 80 85 128 128], 70.0, TPX, 1573031612, 2019-11-06 09:13:32, I07-W0167, 0, 0, 20.821613116, 5.09355380872 
508, 37820, 1.0, [1 100 255 127 127 0 385 7 130 128 80 85 128 128], 70.0, TPX, 1573031792, 2019-11-06 09:16:32, I07-W0167, 0, 0, 9.48348628867, 2.76816574689 
509, 37821, 1.0, [1 100 255 127 127 0 385 7 130 128 80 85 128 128], 70.0, TPX, 1573031972, 2019-11-06 09:19:32, I07-W0167, 0, 0, -1.85118510329, 0.546203290944 
510, 37824, 0.002, [1 100 255 127 127 0 385 7 130 128 80 85 128 128], 70.0, TPX, 1573032511, 2019-11-06 09:28:31, I07-W0167, 0, 0, -35.6851975783, -6.7707259691 
511, 37825, 0.002, [1 100 255 127 127 0 385 7 130 128 80 85 128 128], 70.0, TPX, 1573032691, 2019-11-06 09:31:31, I07-W0167, 0, 0, -46.9047326849, -10.1267919244 
512, 37826, 0.002, [1 100 255 127 127 0 385 7 130 128 80 85 128 128], 70.0, TPX, 1573032871, 2019-11-06 09:34:31, I07-W0167, 0, 0, -58.02528469, -14.8730067082 
513, 37827, 0.002, [1 100 255 127 127 0 385 7 130 128 80 85 128 128], 70.0, TPX, 1573033051, 2019-11-06 09:37:31, I07-W0167, 0, 0, -68.9007353568, -23.2191068446 
514, 37828, 0.002, [1 100 255 127 127 0 385 7 130 128 80 85 128 128], 70.0, TPX, 1573033231, 2019-11-06 09:40:31, I07-W0167, 0, 0, -78.8099942939, -45.1040011217 
515, 37829, 0.002, [1 100 255 127 127 0 385 7 130 128 80 85 128 128], 70.0, TPX, 1573033411, 2019-11-06 09:43:31, I07-W0167, 0, 0, -82.1095562287, -116.82000385 
516, 37830, 0.002, [1 100 255 127 127 0 385 7 130 128 80 85 128 128], 70.0, TPX, 1573033591, 2019-11-06 09:46:31, I07-W0167, 0, 0, -73.9923954956, -159.273112933 
517, 37831, 0.002, [1 100 255 127 127 0 385 7 130 128 80 85 128 128], 70.0, TPX, 1573033771, 2019-11-06 09:49:31, I07-W0167, 0, 0, -63.4051993023, -171.797221001 
518, 37834, 1.0, [1 100 255 127 127 0 385 7 130 128 80 85 128 128], 70.0, TPX, 1573034312, 2019-11-06 09:58:32, I07-W0167, 0, 0, -29.8871422002, 175.281491741 
519, 37835, 1.0, [1 100 255 127 127 0 385 7 130 128 80 85 128 128], 70.0, TPX, 1573034492, 2019-11-06 10:01:32, I07-W0167, 0, 0, -18.600609768, 172.769990203 
520, 37836, 1.0, [1 100 255 127 127 0 385 7 130 128 80 85 128 128], 70.0, TPX, 1573034672, 2019-11-06 10:04:32, I07-W0167, 0, 0, -7.28927179639, 170.47895351 
521, 37837, 1.0, [1 100 255 127 127 0 385 7 130 128 80 85 128 128], 70.0, TPX, 1573034852, 2019-11-06 10:07:32, I07-W0167, 0, 0, 4.03770218582, 168.263431389 
522, 37838, 1.0, [1 100 255 127 127 0 385 7 130 128 80 85 128 128], 70.0, TPX, 1573035032, 2019-11-06 10:10:32, I07-W0167, 0, 0, 15.3723703761, 166.004441944 
523, 37842, 0.002, [1 100 255 127 127 0 385 7 130 128 80 85 128 128], 70.0, TPX, 1573035751, 2019-11-06 10:22:31, I07-W0167, 0, 0, 60.4067940684, 151.925099802 
524, 37843, 0.002, [1 100 255 127 127 0 385 7 130 128 80 85 128 128], 70.0, TPX, 1573035931, 2019-11-06 10:25:31, I07-W0167, 0, 0, 71.2688643946, 141.955318559 
525, 37849, 0.002, [1 100 255 127 127 0 385 7 130 128 80 85 128 128], 70.0, TPX, 1573037925, 2019-11-06 10:58:45, I07-W0167, 0, 0, -19.4184429588, -26.6232628812 
526, 37850, 0.002, [1 100 255 127 127 0 385 7 130 128 80 85 128 128], 70.0, TPX, 1573038983, 2019-11-06 11:16:23, I07-W0167, 0, 0, -81.8627336827, -92.7383551042 
527, 37851, 0.002, [1 100 255 127 127 0 385 7 130 128 80 85 128 128], 70.0, TPX, 1573039163, 2019-11-06 11:19:23, I07-W0167, 0, 0, -79.2690376476, -166.341580081 
528, 37853, 0.002, [1 100 255 127 127 0 385 7 130 128 80 85 128 128], 70.0, TPX, 1573039523, 2019-11-06 11:25:23, I07-W0167, 0, 0, -58.6291212239, 161.522184943 
529, 37856, 1.0, [1 100 255 127 127 0 385 7 130 128 80 85 128 128], 70.0, TPX, 1573040064, 2019-11-06 11:34:24, I07-W0167, 0, 0, -24.9753106969, 150.50821804 
530, 37857, 1.0, [1 100 255 127 127 0 385 7 130 128 80 85 128 128], 70.0, TPX, 1573040244, 2019-11-06 11:37:24, I07-W0167, 0, 0, -13.6765325894, 148.114223076 
531, 37858, 1.0, [1 100 255 127 127 0 385 7 130 128 80 85 128 128], 70.0, TPX, 1573040424, 2019-11-06 11:40:24, I07-W0167, 0, 0, -2.35727949572, 145.871339217 
532, 37859, 1.0, [1 100 255 127 127 0 385 7 130 128 80 85 128 128], 70.0, TPX, 1573040604, 2019-11-06 11:43:24, I07-W0167, 0, 0, 8.97416164365, 143.651445775 
533, 37860, 1.0, [1 100 255 127 127 0 385 7 130 128 80 85 128 128], 70.0, TPX, 1573040784, 2019-11-06 11:46:24, I07-W0167, 0, 0, 20.3095623717, 141.334044552 
534, 37862, 1.0, [1 100 255 127 127 0 385 7 130 128 80 85 128 128], 70.0, TPX, 1573041144, 2019-11-06 11:52:24, I07-W0167, 0, 0, 42.9416588535, 135.680423769 
