# ordinar image ID, original image ID, acquisition time [s], bias [V], UTC time [s], human-readable time, no. of nonzero pixels, heatsink temperature [deg C]latitude [deg], longitude [deg], altitude (WGS84) [km]
1, 40601, 0.002, 70.0, 1581410878, 2020-02-11 08:47:58, 0, 14, 10.808235629, 9.28925534549, 491.4809375
2, 40602, 0.002, 70.0, 1581411058, 2020-02-11 08:50:58, 0, 16, -0.537343628457, 7.0633573132, 493.87175
3, 40603, 0.002, 70.0, 1581411721, 2020-02-11 09:02:01, 38, 18, -42.159328986, -2.31672396687, 513.16209375
4, 40604, 0.002, 70.0, 1581411901, 2020-02-11 09:05:01, 20, 20, -53.3403110898, -6.32963021813, 519.146375
5, 40605, 0.002, 70.0, 1581412081, 2020-02-11 09:08:01, 5, 23, -64.360162201, -12.6707206399, 524.25928125
6, 40606, 0.002, 70.0, 1581412261, 2020-02-11 09:11:01, 48, 26, -74.8794116724, -26.2991601598, 527.9694375
7, 40607, 0.002, 70.0, 1581412441, 2020-02-11 09:14:01, 405, 28, -82.4333413463, -74.1138430892, 529.8620625
8, 40609, 0.002, 70.0, 1581412801, 2020-02-11 09:20:01, 296, 29, -67.9571515533, -161.612234157, 527.710875
9, 40610, 0.002, 70.0, 1581412981, 2020-02-11 09:23:01, 0, 29, -57.0465015066, -169.438387851, 524.014
10, 40611, 0.002, 70.0, 1581413161, 2020-02-11 09:26:01, 2, 29, -45.9158032554, -174.000298517, 519.13865625
11, 40612, 0.002, 70.0, 1581413967, 2020-02-11 09:39:27, 0, 32, 4.59886668597, 174.418702246, 498.2241875
12, 40613, 0.002, 70.0, 1581414327, 2020-02-11 09:45:27, 0, 22, 27.2553490775, 169.712934134, 495.68921875
13, 40614, 0.002, 70.0, 1581414507, 2020-02-11 09:48:27, 0, 19, 38.5664821434, 166.876247289, 496.043
14, 40615, 0.002, 70.0, 1581414687, 2020-02-11 09:51:27, 2, 16, 49.8345662346, 163.247668312, 496.9974375
15, 40616, 0.002, 70.0, 1581414867, 2020-02-11 09:54:27, 7, 13, 60.9943064501, 157.85007034, 498.096
16, 40617, 0.002, 70.0, 1581415047, 2020-02-11 09:57:27, 13, 11, 71.825927793, 147.449509066, 498.9046875
17, 40618, 0.002, 70.0, 1581415227, 2020-02-11 10:00:27, 0, 9, 81.0187818486, 115.307417478, 499.09215625
18, 40619, 0.002, 70.0, 1581415407, 2020-02-11 10:03:27, 0, 8, 80.3699002171, 38.2890569349, 498.49190625
19, 40620, 0.002, 70.0, 1581415587, 2020-02-11 10:06:27, 139, 8, 70.8520042892, 9.99895212752, 497.13525
20, 40622, 0.002, 70.0, 1581416335, 2020-02-11 10:18:55, 0, 8, 24.3952602968, -11.5120951606, 490.61165625
21, 40623, 0.002, 70.0, 1581416515, 2020-02-11 10:21:55, 0, 10, 13.0488510114, -13.8976386194, 491.18578125
22, 40625, 0.002, 70.0, 1581417288, 2020-02-11 10:34:48, 47, 15, -35.5665093811, -24.1023595872, 509.5166875
23, 40626, 0.002, 70.0, 1581417468, 2020-02-11 10:37:48, 108, 16, -46.7964844318, -27.4463450723, 515.71078125
24, 40627, 0.002, 70.0, 1581417648, 2020-02-11 10:40:48, 64, 17, -57.927510532, -32.1687498166, 521.41671875
25, 40628, 0.002, 70.0, 1581417828, 2020-02-11 10:43:48, 2, 17, -68.8152487092, -40.4546572034, 526.01475
26, 40629, 0.002, 70.0, 1581418008, 2020-02-11 10:46:48, 37, 18, -78.7509473086, -62.1085220395, 529.004
27, 40631, 0.002, 70.0, 1581418368, 2020-02-11 10:52:48, 2, 18, -74.0727526711, -176.542754473, 529.136125
28, 40632, 0.002, 70.0, 1581418548, 2020-02-11 10:55:48, 1, 17, -63.4876738365, 170.8620315, 526.353875
29, 40633, 0.002, 70.0, 1581418728, 2020-02-11 10:58:48, 0, 17, -52.4579394416, 164.8062765, 522.09696875
30, 40634, 0.002, 70.0, 1581418908, 2020-02-11 11:01:48, 0, 17, -41.2815643004, 160.905937956, 516.89625
31, 40635, 1.5, 70.0, 1581419090, 2020-02-11 11:04:50, 5, 16, -29.9122089944, 157.907771778, 511.30396875
32, 40636, 1.5, 70.0, 1581419270, 2020-02-11 11:07:50, 24, 15, -18.6294604871, 155.399603372, 506.056625
33, 40637, 1.5, 70.0, 1581419450, 2020-02-11 11:10:50, 20, 14, -7.32279180351, 153.111872491, 501.6113125
34, 40638, 1.5, 70.0, 1581419630, 2020-02-11 11:13:50, 11, 13, 3.99894342361, 150.899874747, 498.3275
35, 40639, 1.5, 70.0, 1581419810, 2020-02-11 11:16:50, 9, 11, 15.3281500239, 148.644983416, 496.36259375
36, 40640, 1.5, 70.0, 1581419990, 2020-02-11 11:19:50, 0, 9, 26.6558821571, 146.21375026, 495.66028125
37, 40641, 0.002, 70.0, 1581420348, 2020-02-11 11:25:48, 1, 6, 49.1151970509, 139.881222334, 496.89665625
38, 40642, 0.002, 70.0, 1581420528, 2020-02-11 11:28:48, 6, 4, 60.2856196823, 134.651469431, 498.00378125
39, 40643, 0.002, 70.0, 1581420708, 2020-02-11 11:31:48, 32, 2, 71.1536049523, 124.790848271, 498.8475625
40, 40644, 0.002, 70.0, 1581420888, 2020-02-11 11:34:48, 0, 0, 80.5763768357, 95.3861667281, 499.0876875
41, 40645, 0.002, 70.0, 1581421068, 2020-02-11 11:37:48, 0, 0, 80.8281785896, 18.2161264669, 498.545625
42, 40646, 0.002, 70.0, 1581421248, 2020-02-11 11:40:48, 104, 0, 71.5265196206, -12.6878456317, 497.239375
43, 40647, 0.002, 70.0, 1581421428, 2020-02-11 11:43:48, 0, 0, 60.6712658232, -22.8454032895, 495.383875
44, 40648, 1.5, 70.0, 1581421610, 2020-02-11 11:46:50, 75, 2, 49.3713052391, -28.2150794482, 493.334
45, 40649, 1.5, 70.0, 1581421790, 2020-02-11 11:49:50, 12, 4, 38.0873204676, -31.8008246016, 491.61328125
46, 40650, 1.5, 70.0, 1581421970, 2020-02-11 11:52:50, 27, 6, 26.7595080796, -34.6173589734, 490.687875
47, 40651, 0.002, 70.0, 1581422922, 2020-02-11 12:08:42, 122, 15, -33.1548037364, -47.1208945117, 508.223375
48, 40652, 0.002, 70.0, 1581423102, 2020-02-11 12:11:42, 81, 18, -44.3983879391, -50.2861202859, 514.4340625
49, 40653, 0.002, 70.0, 1581424008, 2020-02-11 12:26:48, 4, 26, -75.861019139, 163.869365791, 529.4531875
50, 40654, 0.002, 70.0, 1581424188, 2020-02-11 12:29:48, 0, 28, -65.4510731849, 148.774975576, 526.976
51, 40655, 0.002, 70.0, 1581424368, 2020-02-11 12:32:48, 16, 29, -54.4665546423, 142.046187395, 522.94325
52, 40656, 0.002, 70.0, 1581424548, 2020-02-11 12:35:48, 0, 31, -43.3082453514, 137.885167852, 517.8625625
53, 40657, 0.002, 70.0, 1581424908, 2020-02-11 12:41:48, 0, 30, -20.7964489916, 132.22218971, 506.98803125
54, 40658, 1.5, 70.0, 1581425090, 2020-02-11 12:44:50, 30, 28, -9.36780252094, 129.880008561, 502.3055625
55, 40659, 1.5, 70.0, 1581425270, 2020-02-11 12:47:50, 22, 26, 1.95187895367, 127.663284326, 498.79128125
56, 40660, 1.5, 70.0, 1581425450, 2020-02-11 12:50:50, 41, 23, 13.2804362591, 125.425044996, 496.5846875
57, 40661, 1.5, 70.0, 1581425630, 2020-02-11 12:53:50, 14, 21, 24.6093628216, 123.037607013, 495.6675625
58, 40662, 0.002, 70.0, 1581425808, 2020-02-11 12:56:48, 0, 18, 35.8006038696, 120.350938443, 495.81665625
59, 40663, 0.002, 70.0, 1581425988, 2020-02-11 12:59:48, 0, 16, 47.0832396788, 116.972918125, 496.67071875
60, 40664, 0.002, 70.0, 1581426168, 2020-02-11 13:02:48, 8, 14, 58.2801258781, 112.164369328, 497.78425
61, 40665, 0.002, 70.0, 1581426348, 2020-02-11 13:05:48, 47, 12, 69.2344037581, 103.5978846, 498.709625
62, 40666, 0.002, 70.0, 1581426528, 2020-02-11 13:08:48, 0, 9, 79.1569883943, 80.4986561132, 499.08321875
63, 40667, 0.002, 70.0, 1581426708, 2020-02-11 13:11:48, 0, 8, 81.9012422892, 6.57145904207, 498.69353125
64, 40668, 0.002, 70.0, 1581426888, 2020-02-11 13:14:48, 0, 8, 73.4038859062, -33.2663953671, 497.52171875
65, 40669, 0.002, 70.0, 1581427068, 2020-02-11 13:17:48, 7, 9, 62.6676344947, -45.1706740133, 495.7485
66, 40670, 0.002, 70.0, 1581427248, 2020-02-11 13:20:48, 0, 10, 51.5263187144, -51.0149629419, 493.725
67, 40671, 0.002, 70.0, 1581427428, 2020-02-11 13:23:48, 1, 11, 40.2560728684, -54.8263007058, 491.91309375
68, 40672, 1.5, 70.0, 1581427610, 2020-02-11 13:26:50, 13, 12, 28.8080884247, -57.7805248611, 490.7985
69, 40673, 1.5, 70.0, 1581427790, 2020-02-11 13:29:50, 17, 14, 17.4651369224, -60.267048398, 490.84528125
70, 40674, 1.5, 70.0, 1581427970, 2020-02-11 13:32:50, 2, 16, 6.11751912037, -62.5461732407, 492.335375
71, 40675, 0.002, 70.0, 1581428148, 2020-02-11 13:35:48, 0, 17, -5.09853002841, -64.7349756618, 495.33153125
72, 40676, 0.002, 70.0, 1581428328, 2020-02-11 13:38:48, 1, 18, -16.4267142348, -67.0003649941, 499.7855625
73, 40677, 0.002, 70.0, 1581428508, 2020-02-11 13:41:48, 33, 19, -27.7318435645, -69.4540763021, 505.33984375
74, 40678, 0.002, 70.0, 1581428688, 2020-02-11 13:44:48, 50, 21, -39.0005884765, -72.3050723934, 511.483125
75, 40679, 0.002, 70.0, 1581428868, 2020-02-11 13:47:48, 23, 22, -50.2073101481, -75.9588001272, 517.59159375
76, 40680, 0.002, 70.0, 1581429048, 2020-02-11 13:50:48, 35, 24, -61.2881753391, -81.4057188952, 523.01275
77, 40681, 0.002, 70.0, 1581429228, 2020-02-11 13:53:48, 1, 26, -72.0230129015, -91.9259109327, 527.155
78, 40682, 0.002, 70.0, 1581430353, 2020-02-11 14:12:33, 11, 29, -35.0454376645, 111.909569121, 513.78434375
79, 40683, 0.002, 70.0, 1581430533, 2020-02-11 14:15:33, 0, 28, -23.7775636016, 109.232647231, 508.3255625
80, 40684, 1.5, 70.0, 1581430715, 2020-02-11 14:18:35, 20, 27, -12.3546826644, 106.840393965, 503.4016875
81, 40685, 1.5, 70.0, 1581430895, 2020-02-11 14:21:35, 29, 25, -1.03849216352, 104.609872748, 499.563125
82, 40686, 1.5, 70.0, 1581431075, 2020-02-11 14:24:35, 22, 23, 10.2885803228, 102.38869523, 497.00259375
83, 40687, 1.5, 70.0, 1581431255, 2020-02-11 14:27:35, 4, 21, 21.6185032392, 100.055058648, 495.75821875
84, 40688, 0.002, 70.0, 1581431433, 2020-02-11 14:30:33, 0, 18, 32.8145715233, 97.4781307272, 495.658125
85, 40689, 0.002, 70.0, 1581452423, 2020-02-11 20:20:23, 0, 19, -72.9573281383, 39.5771110838, 528.922625
86, 40690, 0.002, 70.0, 1581452603, 2020-02-11 20:23:23, 23, 20, -62.2884155618, 28.1951779845, 525.915375
87, 40691, 0.002, 70.0, 1581452783, 2020-02-11 20:26:23, 6, 20, -51.2349667502, 22.489126962, 521.4863125
88, 40692, 0.002, 70.0, 1581452963, 2020-02-11 20:29:23, 45, 20, -40.0484282875, 18.7292597961, 516.18115625
89, 40693, 0.002, 70.0, 1581453143, 2020-02-11 20:32:23, 8, 20, -28.7986115372, 15.8277561635, 510.61825
90, 40694, 0.002, 70.0, 1581453323, 2020-02-11 20:35:23, 0, 19, -17.5124803787, 13.3495236226, 505.40153125
91, 40695, 1.5, 70.0, 1581453505, 2020-02-11 20:38:25, 3, 17, -6.0776184359, 11.0501754435, 500.9949375
92, 40696, 1.5, 70.0, 1581453685, 2020-02-11 20:41:25, 7, 16, 5.24597246823, 8.83911599717, 497.839125
93, 40697, 1.5, 70.0, 1581453865, 2020-02-11 20:44:25, 7, 14, 16.5761929247, 6.5719183723, 496.01459375
94, 40698, 1.5, 70.0, 1581454045, 2020-02-11 20:47:25, 9, 12, 27.9037525957, 4.11080655427, 495.44240625
95, 40699, 1.5, 70.0, 1581454226, 2020-02-11 20:50:26, 13, 10, 39.2768627982, 1.2245849363, 495.85965625
96, 40700, 0.002, 70.0, 1581454403, 2020-02-11 20:53:23, 0, 9, 50.3543436304, -2.40412754979, 496.84
97, 40701, 0.002, 70.0, 1581454583, 2020-02-11 20:56:23, 0, 7, 61.5065842982, -7.93028931878, 497.9643125
98, 40702, 0.002, 70.0, 1581454763, 2020-02-11 20:59:23, 2, 5, 72.3101813749, -18.7539492224, 498.78740625
99, 40704, 0.002, 70.0, 1581455696, 2020-02-11 21:14:56, 9, 5, 46.1886693127, -171.160319521, 492.8786875
100, 40705, 0.002, 70.0, 1581455876, 2020-02-11 21:17:56, 0, 7, 34.8885892004, -174.4690544, 491.3705
101, 40706, 1.5, 70.0, 1581456238, 2020-02-11 21:23:58, 14, 10, 12.0822025128, -179.544759217, 491.50684375
102, 40707, 1.5, 70.0, 1581456418, 2020-02-11 21:26:58, 36, 11, 0.736652070228, 178.222584858, 493.74596875
103, 40708, 1.5, 70.0, 1581456598, 2020-02-11 21:29:58, 1, 11, -10.5991900055, 175.998921151, 497.498875
104, 40709, 1.5, 70.0, 1581456778, 2020-02-11 21:32:58, 1, 12, -21.9169124965, 173.662053889, 502.5416875
105, 40710, 1.5, 70.0, 1581456958, 2020-02-11 21:35:58, 52, 14, -33.2059720986, 171.049506532, 508.44846875
106, 40712, 0.002, 70.0, 1581457746, 2020-02-11 21:49:06, 0, 19, -80.1183101991, 125.014960438, 529.4211875
107, 40713, 0.002, 70.0, 1581457926, 2020-02-11 21:52:06, 0, 21, -81.2897900944, 48.9186549425, 530.106
108, 40714, 0.002, 70.0, 1581458106, 2020-02-11 21:55:06, 2, 23, -72.359939303, 14.9481148834, 528.7948125
109, 40715, 0.002, 70.0, 1581458286, 2020-02-11 21:58:06, 6, 25, -61.6520741577, 4.13351992146, 525.6854375
110, 40716, 0.002, 70.0, 1581458466, 2020-02-11 22:01:06, 48, 27, -50.5871574584, -1.40285298033, 521.18278125
111, 40717, 0.002, 70.0, 1581458646, 2020-02-11 22:04:06, 79, 28, -39.3956500331, -5.09320717662, 515.83925
112, 40718, 0.002, 70.0, 1581458826, 2020-02-11 22:07:06, 50, 28, -28.14311316, -7.9613470427, 510.27509375
113, 40719, 1.5, 70.0, 1581459008, 2020-02-11 22:10:08, 404, 27, -16.7296980112, -10.4488635183, 505.03746875
114, 40720, 1.5, 70.0, 1581459188, 2020-02-11 22:13:08, 8, 25, -5.41924070708, -12.7151066242, 500.74365625
115, 40721, 1.5, 70.0, 1581459368, 2020-02-11 22:16:08, 3, 23, 5.90505968296, -14.9262070517, 497.66165625
116, 40722, 1.5, 70.0, 1581459548, 2020-02-11 22:19:08, 11, 21, 17.2355247456, -17.2005251488, 495.91346875
117, 40723, 1.5, 70.0, 1581459728, 2020-02-11 22:22:08, 1, 19, 28.5626746052, -19.6783726378, 495.4081875
118, 40724, 1.5, 70.0, 1581459908, 2020-02-11 22:25:08, 18, 16, 39.8714854068, -22.5804380535, 495.869125
119, 40725, 1.5, 70.0, 1581460088, 2020-02-11 22:28:08, 8, 14, 51.1324319503, -26.3452656443, 496.88978125
120, 40726, 0.002, 70.0, 1581460266, 2020-02-11 22:31:06, 0, 12, 62.1492914386, -31.9920562379, 497.9994375
121, 40727, 0.002, 70.0, 1581460446, 2020-02-11 22:34:06, 0, 10, 72.9141408522, -43.3878887722, 498.799
122, 40728, 0.002, 70.0, 1581460626, 2020-02-11 22:37:06, 0, 8, 81.6537572149, -80.6335113681, 498.957375
123, 40729, 0.002, 70.0, 1581460806, 2020-02-11 22:40:06, 1, 8, 79.552811517, -155.93498092, 498.325875
124, 40730, 0.002, 70.0, 1581460986, 2020-02-11 22:43:06, 22, 8, 69.740069983, 179.482795741, 496.955
125, 40731, 0.002, 70.0, 1581461166, 2020-02-11 22:46:06, 7, 9, 58.7989607078, 170.602839481, 495.0884375
126, 40732, 0.002, 70.0, 1581461346, 2020-02-11 22:49:06, 2, 9, 47.5979832251, 165.689324336, 493.1224375
127, 40733, 0.002, 70.0, 1581461526, 2020-02-11 22:52:06, 0, 10, 36.3047230567, 162.265336846, 491.5376875
128, 40734, 0.002, 70.0, 1581461706, 2020-02-11 22:55:06, 0, 11, 24.9734289798, 159.527619442, 490.81515625
129, 40735, 1.5, 70.0, 1581461888, 2020-02-11 22:58:08, 2, 11, 13.5019597844, 157.105074287, 491.3646875
130, 40736, 1.5, 70.0, 1581462068, 2020-02-11 23:01:08, 3, 12, 2.15589264873, 154.862969069, 493.41275
131, 40738, 1.5, 70.0, 1581462428, 2020-02-11 23:07:08, 25, 16, -20.5018834233, 150.329444669, 501.886875
132, 40739, 1.5, 70.0, 1581462608, 2020-02-11 23:10:08, 21, 17, -31.7951657899, 147.763205994, 507.7135
133, 40740, 0.002, 70.0, 1581462786, 2020-02-11 23:13:06, 2, 17, -42.9203418331, 144.72579355, 513.8368125
134, 40741, 0.002, 70.0, 1581462966, 2020-02-11 23:16:06, 14, 18, -54.0934384835, 140.613541557, 519.75675
135, 40742, 0.002, 70.0, 1581463146, 2020-02-11 23:19:06, 2, 18, -65.0951656876, 134.014103499, 524.765125
136, 40743, 0.002, 70.0, 1581463326, 2020-02-11 23:22:06, 0, 20, -75.5456078334, 119.41783898, 528.3125625
137, 40744, 0.002, 70.0, 1581463506, 2020-02-11 23:25:06, 0, 21, -82.5871503762, 67.3305568291, 530.0168125
138, 40745, 0.002, 70.0, 1581463686, 2020-02-11 23:28:06, 8, 22, -77.4262935909, 3.05179831676, 529.7149375
139, 40746, 0.002, 70.0, 1581463866, 2020-02-11 23:31:06, 2, 22, -67.233137841, -15.0630567219, 527.4845
140, 40747, 0.002, 70.0, 1581464046, 2020-02-11 23:34:06, 33, 23, -56.2987460567, -22.5393339751, 523.62990625
141, 40748, 0.002, 70.0, 1581464226, 2020-02-11 23:37:06, 54, 24, -45.1591412389, -26.9764468405, 518.63696875
142, 40749, 0.002, 70.0, 1581464406, 2020-02-11 23:40:06, 152, 25, -33.9332506413, -30.1928068259, 513.10209375
143, 40750, 0.002, 70.0, 1581464586, 2020-02-11 23:43:06, 44, 25, -22.6613518895, -32.8285836564, 507.647125
144, 40751, 0.002, 70.0, 1581464766, 2020-02-11 23:46:06, 0, 23, -11.3612914139, -35.1757064474, 502.83271875
145, 40752, 1.5, 70.0, 1581464948, 2020-02-11 23:49:08, 31, 21, 0.0826195223245, -37.4253180427, 499.04815625
146, 40753, 1.5, 70.0, 1581465128, 2020-02-11 23:52:08, 17, 19, 11.4110365354, -39.652000693, 496.61115625
147, 40754, 1.5, 70.0, 1581465488, 2020-02-11 23:58:08, 94, 15, 34.0622182732, -44.6524675611, 495.50071875
148, 40755, 1.5, 70.0, 1581465668, 2020-02-12 00:01:08, 15, 13, 45.3531322717, -47.8953764918, 496.292375
149, 40756, 0.002, 70.0, 1581465846, 2020-02-12 00:04:06, 0, 11, 56.4457351427, -52.336201565, 497.41040625
150, 40757, 0.002, 70.0, 1581466026, 2020-02-12 00:07:06, 0, 9, 67.4627414801, -59.9589112438, 498.42921875
151, 40758, 0.002, 70.0, 1581466206, 2020-02-12 00:10:06, 0, 7, 77.7028137994, -78.8086828976, 498.9533125
152, 40759, 0.002, 70.0, 1581466386, 2020-02-12 00:13:06, 0, 7, 82.5069024836, -145.531646589, 498.74078125
153, 40760, 0.002, 70.0, 1581466566, 2020-02-12 00:16:06, 282, 7, 75.0704588936, 164.679016415, 497.73790625
154, 40761, 0.002, 70.0, 1581466746, 2020-02-12 00:19:06, 5, 7, 64.476644247, 150.717495036, 496.09184375
155, 40762, 0.002, 70.0, 1581466926, 2020-02-12 00:22:06, 4, 8, 53.3724812808, 144.304603105, 494.127125
156, 40763, 0.002, 70.0, 1581467106, 2020-02-12 00:25:06, 1, 8, 42.1163022093, 140.269819117, 492.29059375
157, 40764, 1.5, 70.0, 1581467468, 2020-02-12 00:31:08, 7, 10, 19.3342472169, 134.671099395, 490.9319375
158, 40765, 1.5, 70.0, 1581467648, 2020-02-12 00:34:08, 13, 10, 7.98726931815, 132.368915833, 492.19678125
159, 40766, 1.5, 70.0, 1581467828, 2020-02-12 00:37:08, 21, 12, -3.35552231496, 130.153011222, 494.998625
160, 40767, 0.002, 70.0, 1581468743, 2020-02-12 00:52:23, 74, 19, -60.5113574343, 113.628529659, 522.837125
161, 40768, 0.002, 70.0, 1581468923, 2020-02-12 00:55:23, 0, 19, -71.2870531883, 103.711190608, 527.0499375
162, 40769, 0.002, 70.0, 1581469103, 2020-02-12 00:58:23, 0, 20, -80.6061154794, 74.258513326, 529.5549375
163, 40770, 0.002, 70.0, 1581469283, 2020-02-12 01:01:23, 2, 21, -80.861591875, -2.40310408863, 530.0928125
164, 40771, 0.002, 70.0, 1581469463, 2020-02-12 01:04:23, 14, 22, -71.6736282349, -33.3827544698, 528.6400625
165, 40772, 0.002, 70.0, 1581469643, 2020-02-12 01:07:23, 23, 22, -60.9252464074, -43.6051946558, 525.4100625
166, 40773, 0.002, 70.0, 1581469823, 2020-02-12 01:10:23, 115, 22, -49.8479909714, -48.9598478134, 520.82009375
167, 40774, 0.002, 70.0, 1581470003, 2020-02-12 01:13:23, 162, 22, -38.6510091495, -52.5747390915, 515.43025
168, 40775, 0.002, 70.0, 1581470183, 2020-02-12 01:16:23, 123, 22, -27.3954021064, -55.4064467286, 509.8626875
169, 40776, 0.002, 70.0, 1581470363, 2020-02-12 01:19:23, 4, 21, -16.1055621551, -57.8498239604, 504.714125
170, 40777, 0.002, 70.0, 1581470543, 2020-02-12 01:22:23, 0, 20, -4.79393347355, -60.1098311037, 500.47403125
171, 40778, 1.5, 70.0, 1581470725, 2020-02-12 01:25:25, 2, 18, 6.65701697981, -62.3460896791, 497.4346875
172, 40779, 1.5, 70.0, 1581471085, 2020-02-12 01:31:25, 35, 14, 29.3145435365, -67.1269420598, 495.343875
173, 40780, 1.5, 70.0, 1581471265, 2020-02-12 01:34:25, 41, 12, 40.6215562908, -70.0690050632, 495.85996875
174, 40781, 0.002, 70.0, 1581471443, 2020-02-12 01:37:23, 0, 10, 51.7531527118, -73.8671366564, 496.895625
175, 40782, 0.002, 70.0, 1581471623, 2020-02-12 01:40:23, 1, 8, 62.8816379817, -79.7704691553, 498.01815625
176, 40783, 0.002, 70.0, 1581471803, 2020-02-12 01:43:23, 0, 6, 73.5977949767, -91.8821499107, 498.7943125
177, 40784, 0.002, 70.0, 1581471983, 2020-02-12 01:46:23, 0, 5, 81.9900279182, -132.771063711, 498.9150625
178, 40785, 0.002, 70.0, 1581472163, 2020-02-12 01:49:23, 115, 4, 78.9975581187, 153.930088172, 498.24396875
179, 40786, 0.002, 70.0, 1581472343, 2020-02-12 01:52:23, 26, 4, 69.0289584981, 131.375601423, 496.84440625
180, 40787, 0.002, 70.0, 1581472523, 2020-02-12 01:55:23, 9, 4, 58.0591692585, 122.925865118, 494.97125
181, 40789, 1.5, 70.0, 1581495436, 2020-02-12 08:17:16, 23, -1, 44.1578252614, 22.7220039693, 492.64215625
182, 40790, 1.5, 70.0, 1581495616, 2020-02-12 08:20:16, 11, 1, 32.8495386768, 19.5616327521, 491.3011875
183, 40791, 1.5, 70.0, 1581495796, 2020-02-12 08:23:16, 3, 4, 21.512450892, 16.9542148669, 490.95190625
184, 40792, 1.5, 70.0, 1581496156, 2020-02-12 08:29:16, 7, 9, -1.17776783152, 12.3973209741, 494.465375
185, 40793, 0.002, 70.0, 1581496334, 2020-02-12 08:32:14, 0, 11, -12.3846902467, 10.189025193, 498.41496875
186, 40794, 0.002, 70.0, 1581496514, 2020-02-12 08:35:14, 3, 14, -23.6980397091, 7.82139817417, 503.6279375
187, 40795, 0.002, 70.0, 1581496694, 2020-02-12 08:38:14, 128, 16, -34.9806157542, 5.1447571756, 509.61415625
188, 40796, 0.002, 70.0, 1581496874, 2020-02-12 08:41:14, 7, 18, -46.2127662201, 1.84722209947, 515.781875
189, 40797, 0.002, 70.0, 1581497054, 2020-02-12 08:44:14, 14, 20, -57.3498882642, -2.77025514444, 521.47990625
190, 40798, 0.002, 70.0, 1581500754, 2020-02-12 09:45:54, 1, 2, 66.1187036856, 10.2744785435, 496.3653125
191, 40799, 0.002, 70.0, 1581500934, 2020-02-12 09:48:54, 2, 3, 55.0549993449, 3.24428884236, 494.45315625
192, 40800, 1.5, 70.0, 1581501116, 2020-02-12 09:51:56, 59, 5, 43.6880277749, -1.06268085157, 492.57734375
193, 40801, 1.5, 70.0, 1581501296, 2020-02-12 09:54:56, 8, 6, 32.3779755864, -4.19145614732, 491.27271875
194, 40802, 1.5, 70.0, 1581501476, 2020-02-12 09:57:56, 4, 7, 21.0402321034, -6.78313684971, 490.9768125
195, 40803, 1.5, 70.0, 1581501656, 2020-02-12 10:00:56, 145, 9, 9.69385696885, -9.10981176187, 492.036625
196, 40804, 1.5, 70.0, 1581501836, 2020-02-12 10:03:56, 6, 9, -1.64968641195, -11.3307331476, 494.62078125
197, 40805, 0.002, 70.0, 1581502194, 2020-02-12 10:09:54, 4, 10, -24.1681769975, -15.9184166794, 503.88503125
198, 40806, 0.002, 70.0, 1581502374, 2020-02-12 10:12:54, 80, 11, -35.4490745236, -18.6131995142, 509.89128125
199, 40807, 0.002, 70.0, 1581502554, 2020-02-12 10:15:54, 21, 12, -46.6783768007, -21.9473905081, 516.0516875
200, 40808, 0.002, 70.0, 1581502734, 2020-02-12 10:18:54, 37, 13, -57.8096761085, -26.6476534867, 521.71453125
201, 40809, 0.002, 70.0, 1581503631, 2020-02-12 10:33:51, 1206, 21, -63.7880040844, 176.54334187, 526.394125
202, 40810, 0.002, 70.0, 1581503811, 2020-02-12 10:36:51, 3, 23, -52.7642700108, 170.393220976, 522.07978125
203, 40811, 0.002, 70.0, 1581503991, 2020-02-12 10:39:51, 0, 24, -41.5898687942, 166.455548618, 516.81090625
204, 40812, 1.5, 70.0, 1581504173, 2020-02-12 10:42:53, 15, 24, -30.220974526, 163.439569307, 511.141125
205, 40813, 1.5, 70.0, 1581504353, 2020-02-12 10:45:53, 0, 23, -18.9379084149, 160.922562636, 505.8131875
206, 40814, 1.5, 70.0, 1581504533, 2020-02-12 10:48:53, 15, 22, -7.63043803784, 158.630801943, 501.28971875
207, 40815, 1.5, 70.0, 1581504713, 2020-02-12 10:51:53, 28, 20, 3.69245362568, 156.418175822, 497.93728125
208, 40816, 1.5, 70.0, 1581504893, 2020-02-12 10:54:53, 10, 18, 15.0231120681, 154.165852642, 495.92059375
209, 40817, 1.5, 70.0, 1581505073, 2020-02-12 10:57:53, 36, 16, 26.3526012674, 151.741299412, 495.18953125
210, 40818, 0.002, 70.0, 1581505251, 2020-02-12 11:00:51, 1, 14, 37.5418274096, 148.98056427, 495.49215625
211, 40819, 0.002, 70.0, 1581505431, 2020-02-12 11:03:51, 3, 12, 48.8171241805, 145.449957526, 496.45225
212, 40820, 0.002, 70.0, 1581505611, 2020-02-12 11:06:51, 0, 10, 59.9929870575, 140.286115948, 497.61546875
213, 40821, 0.002, 70.0, 1581505791, 2020-02-12 11:09:51, 50, 8, 70.8760055739, 130.633556011, 498.53978125
214, 40822, 0.002, 70.0, 1581505971, 2020-02-12 11:12:51, 0, 6, 80.384844671, 102.269440127, 498.878625
215, 40823, 0.002, 70.0, 1581506151, 2020-02-12 11:15:51, 0, 6, 81.0053332061, 25.2328685928, 498.4454375
216, 40824, 0.002, 70.0, 1581506331, 2020-02-12 11:18:51, 302, 6, 71.8010659044, -6.82239635017, 497.2495
217, 40825, 0.002, 70.0, 1581506513, 2020-02-12 11:21:53, 2, 6, 60.8381478351, -17.2828460037, 495.476
218, 40826, 1.5, 70.0, 1581506693, 2020-02-12 11:24:53, 77, 7, 49.6660620527, -22.6455263412, 493.53740625
219, 40827, 1.5, 70.0, 1581506873, 2020-02-12 11:27:53, 16, 8, 38.3844644323, -26.2599514589, 491.8861875
220, 40828, 1.5, 70.0, 1581507053, 2020-02-12 11:30:53, 3, 10, 27.0582878746, -29.0902879355, 491.008125
221, 40829, 1.5, 70.0, 1581507233, 2020-02-12 11:33:53, 2, 11, 15.714832646, -31.5330606956, 491.31921875
222, 40830, 1.5, 70.0, 1581507413, 2020-02-12 11:36:53, 11, 12, 4.36870425201, -33.7937201219, 493.08921875
223, 40831, 0.002, 70.0, 1581507591, 2020-02-12 11:39:51, 0, 14, -6.84443096731, -35.9826898826, 496.34315625
224, 40832, 0.002, 70.0, 1581507771, 2020-02-12 11:42:51, 16, 15, -18.168325388, -38.2669544427, 501.00325
225, 40833, 0.002, 70.0, 1581507951, 2020-02-12 11:45:51, 164, 17, -29.467509038, -40.7650380747, 506.67771875
226, 40834, 0.002, 70.0, 1581508131, 2020-02-12 11:48:51, 188, 19, -40.7275505814, -43.704929078, 512.83359375
227, 40835, 0.002, 70.0, 1581508311, 2020-02-12 11:51:51, 29, 21, -51.9195224596, -47.5443081836, 518.838125
228, 40836, 0.002, 70.0, 1581508491, 2020-02-12 11:54:51, 55, 22, -62.9681696483, -53.4462609842, 524.04421875
229, 40837, 0.002, 70.0, 1581508851, 2020-02-12 12:00:51, 392, 26, -81.9485003681, -105.724662073, 529.9249375
230, 40838, 0.002, 70.0, 1581509031, 2020-02-12 12:03:51, 4, 27, -79.1504587334, -178.957212684, 529.9740625
231, 40839, 0.002, 70.0, 1581509211, 2020-02-12 12:06:51, 0, 28, -69.3197469718, 158.069169148, 528.05875
232, 40840, 0.002, 70.0, 1581509391, 2020-02-12 12:09:51, 37, 28, -58.4593295513, 149.495287326, 524.4435
233, 40841, 0.002, 70.0, 1581509571, 2020-02-12 12:12:51, 0, 29, -47.345665792, 144.674976942, 519.58528125
234, 40842, 0.002, 70.0, 1581509751, 2020-02-12 12:15:51, 0, 29, -36.131929516, 141.288459869, 514.06696875
235, 40843, 0.002, 70.0, 1581509931, 2020-02-12 12:18:51, 0, 28, -24.8667448401, 138.568350693, 508.51403125
236, 40844, 1.5, 70.0, 1581510293, 2020-02-12 12:24:53, 6, 25, -2.12897914208, 133.916991869, 499.46521875
237, 40845, 1.5, 70.0, 1581510473, 2020-02-12 12:27:53, 33, 24, 9.19877668334, 131.699816842, 496.75328125
238, 40846, 1.5, 70.0, 1581510653, 2020-02-12 12:30:53, 0, 22, 20.5302816423, 129.38281177, 495.38046875
239, 40847, 0.002, 70.0, 1581510831, 2020-02-12 12:33:51, 0, 20, 31.7291759172, 126.840874909, 495.1943125
240, 40848, 0.002, 70.0, 1581511011, 2020-02-12 12:36:51, 2, 17, 43.0294336145, 123.756989857, 495.87265625
241, 40849, 0.002, 70.0, 1581511191, 2020-02-12 12:39:51, 0, 15, 54.267994213, 119.604576352, 496.99340625
242, 40850, 0.002, 70.0, 1581511371, 2020-02-12 12:42:51, 0, 13, 65.3442490263, 112.881989983, 498.0965
243, 40851, 0.002, 70.0, 1581511551, 2020-02-12 12:45:51, 4, 11, 75.8499815533, 97.732889953, 498.776625
244, 40852, 0.002, 70.0, 1581511731, 2020-02-12 12:48:51, 0, 10, 82.6422836631, 42.8595531494, 498.75828125
245, 40853, 0.002, 70.0, 1581511911, 2020-02-12 12:51:51, 2, 8, 76.9669497089, -19.3508872652, 497.947375
246, 40854, 0.002, 70.0, 1581512091, 2020-02-12 12:54:51, 310, 7, 66.603155343, -36.5587821881, 496.4509375
247, 40855, 0.002, 70.0, 1581512271, 2020-02-12 12:57:51, 3, 7, 55.5529303806, -43.7932502542, 494.56065625
248, 40856, 1.5, 70.0, 1581512453, 2020-02-12 13:00:53, 55, 7, 44.1907638487, -48.1756942855, 492.6846875
249, 40857, 1.5, 70.0, 1581512633, 2020-02-12 13:03:53, 25, 8, 32.8827538867, -51.3382870217, 491.35659375
250, 40858, 1.5, 70.0, 1581512813, 2020-02-12 13:06:53, 3, 9, 21.5459171114, -53.9468045673, 491.01678125
251, 40859, 1.5, 70.0, 1581512993, 2020-02-12 13:09:53, 3, 11, 10.1998407976, -56.2813939611, 492.01834375
252, 40860, 0.002, 70.0, 1581513171, 2020-02-12 13:12:51, 3, 12, -1.01781824812, -58.4797654773, 494.50228125
253, 40861, 0.002, 70.0, 1581513351, 2020-02-12 13:15:51, 9, 13, -12.3505000273, -60.7123630714, 498.48784375
254, 40862, 0.002, 70.0, 1581513531, 2020-02-12 13:18:51, 39, 14, -23.6636343387, -63.0793173166, 503.697875
255, 40863, 0.002, 70.0, 1581513711, 2020-02-12 13:21:51, 57, 15, -34.9460447517, -65.7545931312, 509.67921875
256, 40864, 0.002, 70.0, 1581513891, 2020-02-12 13:24:51, 7, 17, -46.1781303309, -69.0493944241, 515.84059375
257, 40865, 0.002, 70.0, 1581514071, 2020-02-12 13:27:51, 26, 19, -57.31543679, -73.6607283397, 521.5311875
258, 40866, 0.002, 70.0, 1581514251, 2020-02-12 13:30:51, 10, 20, -68.2237201762, -81.6264842695, 526.1295
259, 40867, 0.002, 70.0, 1581514431, 2020-02-12 13:33:51, 70, 22, -78.2657989719, -101.849089795, 529.1291875
260, 40868, 0.002, 70.0, 1581514611, 2020-02-12 13:36:51, 17, 23, -82.3568090766, -170.962503583, 530.209375
261, 40869, 0.002, 70.0, 1581514791, 2020-02-12 13:39:51, 0, 23, -74.6301780696, 142.793806241, 529.278
262, 40870, 0.002, 70.0, 1581514971, 2020-02-12 13:42:51, 0, 22, -64.0934296535, 129.503132383, 526.4835
263, 40871, 0.002, 70.0, 1581515151, 2020-02-12 13:45:51, 9, 22, -53.0762969577, 123.254069368, 522.19078125
264, 40872, 0.002, 70.0, 1581515331, 2020-02-12 13:48:51, 10, 21, -41.9045048734, 119.277546894, 516.9280625
265, 40873, 0.002, 70.0, 1581515511, 2020-02-12 13:51:51, 0, 21, -30.6620681425, 116.273274528, 511.3100625
266, 40874, 1.5, 70.0, 1581515693, 2020-02-12 13:54:53, 217, 19, -19.2545030508, 113.71703525, 505.89540625
267, 40875, 1.5, 70.0, 1581515873, 2020-02-12 13:57:53, 2, 18, -7.94737845208, 111.421162784, 501.33671875
268, 40876, 1.5, 70.0, 1581516053, 2020-02-12 14:00:53, 15, 16, 3.37540606285, 109.207935606, 497.94396875
269, 40877, 1.5, 70.0, 1581516233, 2020-02-12 14:03:53, 0, 14, 14.706186168, 106.958337671, 495.88803125
270, 40878, 1.5, 70.0, 1581516413, 2020-02-12 14:06:53, 32, 13, 26.0360920089, 104.540785385, 495.12475
271, 40879, 0.002, 70.0, 1581516591, 2020-02-12 14:09:51, 0, 11, 37.226200953, 101.79399749, 495.407125
272, 40880, 0.002, 70.0, 1581516771, 2020-02-12 14:12:51, 0, 9, 48.5033657807, 98.292282446, 496.36134375
273, 40881, 0.002, 70.0, 1581517131, 2020-02-12 14:18:51, 2, 5, 70.581091666, 83.7568134412, 498.4809375
274, 40883, 0.002, 70.0, 1581517491, 2020-02-12 14:24:51, 6, 3, 81.1864083512, -20.3157846741, 498.45415625
275, 40884, 0.002, 70.0, 1581517671, 2020-02-12 14:27:51, 13, 2, 72.092428114, -53.6489673384, 497.29134375
276, 40885, 0.002, 70.0, 1581517851, 2020-02-12 14:30:51, 50, 1, 61.269467451, -64.282209252, 495.56403125
277, 40886, 1.5, 70.0, 1581518033, 2020-02-12 14:33:53, 349, 0, 49.9793901507, -69.7987481382, 493.6165
278, 40887, 1.5, 70.0, 1581518213, 2020-02-12 14:36:53, 28, 0, 38.6997801153, -73.4444845506, 491.962625
279, 40888, 1.5, 70.0, 1581518393, 2020-02-12 14:39:53, 52, 1, 27.3745358785, -76.2899208679, 491.06734375
280, 40889, 1.5, 70.0, 1581518573, 2020-02-12 14:42:53, 13, 2, 16.0315092442, -78.7401829304, 491.34921875
281, 40890, 1.5, 70.0, 1581518753, 2020-02-12 14:45:53, 4, 3, 4.68551233134, -81.0038920362, 493.082625
282, 40891, 1.5, 70.0, 1581518933, 2020-02-12 14:48:53, 17, 5, -6.65363646306, -83.2173104591, 496.3430625
283, 40892, 0.002, 70.0, 1581519291, 2020-02-12 14:54:51, 1, 8, -29.1517391474, -87.9626595164, 506.5758125
284, 40893, 0.002, 70.0, 1581519471, 2020-02-12 14:57:51, 9, 10, -40.4129554834, -90.8855570091, 512.72184375
285, 40894, 0.002, 70.0, 1581519651, 2020-02-12 15:00:51, 0, 11, -51.6073076825, -94.6892347158, 518.73240625
286, 40895, 0.002, 70.0, 1581519831, 2020-02-12 15:03:51, 10, 13, -62.6618424942, -100.50248385, 523.95984375
287, 40896, 0.002, 70.0, 1581520011, 2020-02-12 15:06:51, 3, 14, -73.3110568052, -112.249015862, 527.8288125
288, 40897, 0.002, 70.0, 1581520975, 2020-02-12 15:22:55, 1, 19, -43.6807672838, 96.1876416158, 517.783625
289, 40898, 1.5, 70.0, 1581521157, 2020-02-12 15:25:57, 3002, 20, -32.3215957899, 93.0421414279, 512.11178125
290, 40899, 1.5, 70.0, 1581521337, 2020-02-12 15:28:57, 61, 20, -21.0441458018, 90.4612315069, 506.67403125
291, 40900, 1.5, 70.0, 1581521517, 2020-02-12 15:31:57, 1, 19, -9.74015711368, 88.140107831, 501.95646875
292, 40901, 1.5, 70.0, 1581521697, 2020-02-12 15:34:57, 8, 17, 1.58077023012, 85.9219219361, 498.3598125
293, 40902, 1.5, 70.0, 1581521877, 2020-02-12 15:37:57, 8, 16, 12.9109290015, 83.686039021, 496.08859375
294, 40903, 1.5, 70.0, 1581522057, 2020-02-12 15:40:57, 10, 14, 24.2418098519, 81.3056361333, 495.13234375
295, 40904, 1.5, 70.0, 1581522237, 2020-02-12 15:43:57, 25, 12, 35.561089626, 78.6004304298, 495.28003125
296, 40905, 0.002, 70.0, 1581522415, 2020-02-12 15:46:55, 0, 10, 46.7214069925, 75.2845238524, 496.1535625
297, 40906, 0.002, 70.0, 1581522595, 2020-02-12 15:49:55, 0, 8, 57.9239793242, 70.5430543425, 497.32671875
298, 40907, 0.002, 70.0, 1581522775, 2020-02-12 15:52:55, 28, 6, 68.8926279223, 62.1745358178, 498.341375
299, 40908, 0.002, 70.0, 1581522955, 2020-02-12 15:55:55, 0, 5, 78.8860074692, 39.9939609439, 498.82696875
300, 40909, 0.002, 70.0, 1581523135, 2020-02-12 15:58:55, 0, 4, 82.0492934697, -32.8320397321, 498.56265625
301, 40910, 0.002, 70.0, 1581523495, 2020-02-12 16:04:55, 12, 4, 63.0172513877, -86.7370981832, 495.86765625
302, 40911, 0.002, 70.0, 1581523675, 2020-02-12 16:07:55, 8, 4, 51.8829058155, -92.6832149871, 493.94978125
303, 40912, 0.002, 70.0, 1581523855, 2020-02-12 16:10:55, 4, 4, 40.6158599131, -96.5351753011, 492.2210625
304, 40913, 1.5, 70.0, 1581524037, 2020-02-12 16:13:57, 39, 4, 29.1699518468, -99.5087459672, 491.1640625
305, 40914, 1.5, 70.0, 1581524217, 2020-02-12 16:16:57, 28, 5, 17.8286412976, -102.004695165, 491.2410625
306, 40915, 1.5, 70.0, 1581524397, 2020-02-12 16:19:57, 20, 6, 6.48248472909, -104.287808838, 492.73715625
307, 40916, 1.5, 70.0, 1581524577, 2020-02-12 16:22:57, 24, 7, -4.85820256542, -106.501288733, 495.76165625
308, 40917, 1.5, 70.0, 1581524757, 2020-02-12 16:25:57, 34, 8, -16.1850518967, -108.764041612, 500.202625
309, 40918, 0.002, 70.0, 1581524935, 2020-02-12 16:28:55, 0, 9, -27.3636263588, -111.182782352, 505.665625
310, 40919, 0.002, 70.0, 1581525115, 2020-02-12 16:31:55, 0, 11, -38.6321919783, -114.015664781, 511.77140625
311, 40920, 0.002, 70.0, 1581526088, 2020-02-12 16:48:08, 0, 20, -77.208827198, 102.329368207, 529.72375
312, 40921, 0.002, 70.0, 1581526268, 2020-02-12 16:51:08, 0, 21, -66.9806735587, 84.6966474708, 527.3851875
313, 40922, 0.002, 70.0, 1581526448, 2020-02-12 16:54:08, 26, 22, -56.0383314343, 77.3356228297, 523.43275
314, 40923, 0.002, 70.0, 1581526628, 2020-02-12 16:57:08, 3, 22, -44.8954652011, 72.9401980239, 518.35815625
315, 40924, 0.002, 70.0, 1581526808, 2020-02-12 17:00:08, 0, 22, -33.6675767732, 69.7426654549, 512.76190625
316, 40925, 1.5, 70.0, 1581526990, 2020-02-12 17:03:10, 58, 21, -22.2686552858, 67.0890208495, 507.2094375
317, 40926, 1.5, 70.0, 1581527170, 2020-02-12 17:06:10, 4, 20, -10.9669154375, 64.7484311345, 502.387625
318, 40927, 1.5, 70.0, 1581527350, 2020-02-12 17:09:10, 9, 18, 0.352665265123, 62.5251567486, 498.65328125
319, 40928, 1.5, 70.0, 1581527530, 2020-02-12 17:12:10, 0, 17, 11.68231372, 60.2968621737, 496.2339375
320, 40929, 1.5, 70.0, 1581527710, 2020-02-12 17:15:10, 0, 15, 23.0137264713, 57.9393472499, 495.142375
321, 40930, 1.5, 70.0, 1581527890, 2020-02-12 17:18:10, 24, 13, 34.3351936135, 55.2812903422, 495.1875
322, 40931, 1.5, 70.0, 1581528070, 2020-02-12 17:21:10, 26, 11, 45.6260154045, 52.0179045044, 496.01721875
323, 40932, 0.002, 70.0, 1581528247, 2020-02-12 17:24:07, 0, 9, 56.6548379691, 47.5630946189, 497.16675
324, 40933, 0.002, 70.0, 1581528428, 2020-02-12 17:27:08, 18, 7, 67.7261955367, 39.7811083438, 498.23034375
325, 40934, 0.002, 70.0, 1581528608, 2020-02-12 17:30:08, 0, 5, 77.9261746456, 20.3744918575, 498.79303125
326, 40935, 0.002, 70.0, 1581528788, 2020-02-12 17:33:08, 0, 4, 82.4435456489, -47.6352350769, 498.6215625
327, 40936, 0.002, 70.0, 1581528968, 2020-02-12 17:36:08, 1, 4, 74.8257263855, -95.8676062721, 497.66478125
328, 40937, 0.002, 70.0, 1581529148, 2020-02-12 17:39:08, 26, 4, 64.2081426806, -109.488683702, 496.07203125
329, 40938, 0.002, 70.0, 1581529328, 2020-02-12 17:42:08, 4, 5, 53.09822528, -115.810283325, 494.16909375
330, 40939, 0.002, 70.0, 1581529508, 2020-02-12 17:45:08, 3, 5, 41.8402737745, -119.809741574, 492.40228125
331, 40940, 1.5, 70.0, 1581529690, 2020-02-12 17:48:10, 189, 6, 30.3982281802, -122.853219226, 491.25325
332, 40941, 1.5, 70.0, 1581529870, 2020-02-12 17:51:10, 38, 7, 19.0583366028, -125.383558427, 491.1960625
333, 40942, 1.5, 70.0, 1581530050, 2020-02-12 17:54:10, 2, 8, 7.71224406729, -127.681944403, 492.53259375
334, 40943, 1.5, 70.0, 1581530230, 2020-02-12 17:57:10, 29, 11, -3.62934523908, -129.897138675, 495.3948125
335, 40945, 0.002, 70.0, 1581530588, 2020-02-12 18:03:08, 0, 14, -26.1394020352, -134.539672895, 505.06203125
336, 40946, 0.002, 70.0, 1581531466, 2020-02-12 18:17:46, 0, 19, -79.1017868054, -176.484383677, 529.360375
337, 40947, 0.002, 70.0, 1581531646, 2020-02-12 18:20:46, 0, 22, -81.9753703323, 110.473904339, 530.226125
338, 40948, 0.002, 70.0, 1581531826, 2020-02-12 18:23:46, 0, 24, -73.6569239243, 69.9303385627, 529.0835625
339, 40949, 0.002, 70.0, 1581532006, 2020-02-12 18:26:46, 10, 24, -63.0386162194, 57.8133302597, 526.1041875
340, 40950, 0.002, 70.0, 1581532186, 2020-02-12 18:29:46, 0, 24, -51.9992136918, 51.8933081936, 521.6725625
341, 40951, 0.002, 70.0, 1581532366, 2020-02-12 18:32:46, 0, 23, -40.8181291351, 48.0470032762, 516.3295
342, 40952, 0.002, 70.0, 1581532546, 2020-02-12 18:35:46, 0, 22, -29.5706756303, 45.1042435935, 510.69434375
343, 40953, 1.5, 70.0, 1581532728, 2020-02-12 18:38:48, 18, 21, -18.159895227, 42.5790577708, 505.32253125
344, 40954, 1.5, 70.0, 1581532908, 2020-02-12 18:41:48, 4, 19, -6.85059222483, 40.2968012864, 500.8538125
345, 40955, 1.5, 70.0, 1581533088, 2020-02-12 18:44:48, 3, 18, 4.47363772888, 38.0851177315, 497.58078125
346, 40956, 1.5, 70.0, 1581533268, 2020-02-12 18:47:48, 1, 16, 15.8051106713, 35.8254896638, 495.65375
347, 40957, 1.5, 70.0, 1581533448, 2020-02-12 18:50:48, 10, 14, 27.1346767103, 33.3828398471, 495.008375
348, 40959, 0.002, 70.0, 1581534352, 2020-02-12 19:05:52, 0, 3, 81.0996649487, -21.8054933281, 498.80775
349, 40960, 0.002, 70.0, 1581534532, 2020-02-12 19:08:52, 0, 3, 80.277392135, -98.7196268917, 498.32590625
350, 40961, 0.002, 70.0, 1581534712, 2020-02-12 19:11:52, 0, 3, 70.7207348836, -126.535538132, 497.09478125
351, 40962, 0.002, 70.0, 1581534892, 2020-02-12 19:14:52, 23, 4, 59.8241516115, -136.078050062, 495.33840625
352, 40963, 0.002, 70.0, 1581535072, 2020-02-12 19:17:52, 4, 4, 48.6372852997, -141.207057675, 493.4383125
353, 40964, 0.002, 70.0, 1581535252, 2020-02-12 19:20:52, 2, 5, 37.3501039996, -144.723225399, 491.8676875
354, 40965, 0.002, 70.0, 1581535432, 2020-02-12 19:23:52, 4, 6, 26.0218800928, -147.505912768, 491.10828125
355, 40966, 1.5, 70.0, 1581535614, 2020-02-12 19:26:54, 56, 7, 14.5520663645, -149.950710679, 491.5775625
356, 40967, 1.5, 70.0, 1581535974, 2020-02-12 19:32:54, 0, 11, -8.13053595106, -154.416383981, 496.9768125
357, 40969, 1.5, 70.0, 1581536334, 2020-02-12 19:38:54, 105, 14, -30.7466532052, -159.250887497, 507.526875
358, 40970, 0.002, 70.0, 1581537106, 2020-02-12 19:51:46, 0, 19, -77.5090618233, 166.434907786, 529.0051875
359, 40971, 0.002, 70.0, 1581537286, 2020-02-12 19:54:46, 0, 21, -82.5710311297, 101.644505139, 530.2270625
360, 40972, 0.002, 70.0, 1581537466, 2020-02-12 19:57:46, 0, 22, -75.4588985819, 50.1398756905, 529.434625
361, 40973, 0.002, 70.0, 1581537646, 2020-02-12 20:00:46, 32, 23, -65.0040577943, 35.680419861, 526.757375
362, 40974, 0.002, 70.0, 1581537826, 2020-02-12 20:03:46, 8, 23, -54.0079484207, 29.1171647299, 522.5450625
363, 40975, 0.002, 70.0, 1581538006, 2020-02-12 20:06:46, 11, 23, -42.8444208653, 25.0190665963, 517.31575
364, 40976, 0.002, 70.0, 1581538186, 2020-02-12 20:09:46, 22, 24, -31.6060685876, 21.9579636409, 511.68125
365, 40977, 0.002, 70.0, 1581538366, 2020-02-12 20:12:46, 0, 23, -20.3262963352, 19.3997128725, 506.2605
366, 40978, 1.5, 70.0, 1581538728, 2020-02-12 20:18:48, 12, 20, 2.42725670475, 14.8486809895, 498.03928125
367, 40979, 1.5, 70.0, 1581538908, 2020-02-12 20:21:48, 13, 18, 13.7581354207, 12.6066654183, 495.86696875
368, 40980, 1.5, 70.0, 1581539088, 2020-02-12 20:24:48, 9, 16, 25.0889957806, 10.2092314539, 495.004625
369, 40981, 1.5, 70.0, 1581539269, 2020-02-12 20:27:49, 6, 14, 36.4698428798, 7.45259613357, 495.2311875
370, 40982, 1.5, 70.0, 1581539448, 2020-02-12 20:30:48, 6, 13, 47.6887359486, 4.03975721899, 496.16078125
371, 40983, 0.002, 70.0, 1581539626, 2020-02-12 20:33:46, 0, 11, 58.7565384028, -0.818622237664, 497.33765625
372, 40984, 0.002, 70.0, 1581539806, 2020-02-12 20:36:46, 0, 8, 69.693672508, -9.66626471215, 498.3400625
373, 40985, 0.002, 70.0, 1581539986, 2020-02-12 20:39:46, 0, 7, 79.5150883822, -34.0962087096, 498.79328125
374, 40986, 0.002, 70.0, 1581540166, 2020-02-12 20:42:46, 0, 5, 81.6790630657, -109.281237196, 498.489
375, 40987, 0.002, 70.0, 1581540346, 2020-02-12 20:45:46, 0, 5, 72.9591791196, -146.775137169, 497.41253125
376, 40988, 0.002, 70.0, 1581540526, 2020-02-12 20:48:46, 2, 5, 62.1914815171, -158.219214744, 495.7478125
377, 40989, 0.002, 70.0, 1581540706, 2020-02-12 20:51:46, 6, 5, 51.0420036608, -163.929785644, 493.8471875
378, 40990, 0.002, 70.0, 1581540886, 2020-02-12 20:54:46, 3, 6, 39.7693604184, -167.687100027, 492.17059375
379, 40991, 0.002, 70.0, 1581541066, 2020-02-12 20:57:46, 4, 7, 28.4472119648, -170.586023556, 491.205
380, 40992, 0.002, 70.0, 1581541246, 2020-02-12 21:00:46, 0, 9, 17.1054676985, -173.062909695, 491.37803125
381, 40993, 1.5, 70.0, 1581541428, 2020-02-12 21:03:48, 54, 11, 5.6336433333, -175.362456804, 493.00615625
382, 40994, 1.5, 70.0, 1581541608, 2020-02-12 21:06:48, 5, 13, -5.70596393755, -177.575506396, 496.1485625
383, 40995, 0.002, 70.0, 1581542543, 2020-02-12 21:22:23, 0, 19, -63.9900547404, 163.984536441, 524.6004375
384, 40996, 0.002, 70.0, 1581542723, 2020-02-12 21:25:23, 0, 21, -74.5395414593, 150.808391194, 528.2484375
385, 40997, 0.002, 70.0, 1581542903, 2020-02-12 21:28:23, 0, 23, -82.3274392632, 105.106570935, 530.074
386, 40998, 0.002, 70.0, 1581543083, 2020-02-12 21:31:23, 0, 24, -78.3454116568, 35.582826703, 529.893375
387, 40999, 0.002, 70.0, 1581543263, 2020-02-12 21:34:23, 53, 25, -68.3235707116, 15.1412094539, 527.76275
388, 41000, 0.002, 70.0, 1581543443, 2020-02-12 21:37:23, 13, 25, -57.4252662319, 7.12603923987, 523.9684375
389, 41001, 0.002, 70.0, 1581543623, 2020-02-12 21:40:23, 66, 27, -46.2982323772, 2.49769431122, 518.983875
390, 41002, 0.002, 70.0, 1581543803, 2020-02-12 21:43:23, 73, 27, -35.0779015536, -0.804305307392, 513.40121875
391, 41003, 1.5, 70.0, 1581544165, 2020-02-12 21:49:25, 89, 25, -12.3840951665, -5.87572060538, 502.84421875
392, 41004, 1.5, 70.0, 1581544345, 2020-02-12 21:52:25, 0, 23, -1.06598388836, -8.10664992577, 498.94928125
393, 41005, 1.5, 70.0, 1581544525, 2020-02-12 21:55:25, 12, 21, 10.2631677502, -10.3279623398, 496.3565
394, 41006, 1.5, 70.0, 1581544705, 2020-02-12 21:58:25, 19, 19, 21.59524303, -12.6614870779, 495.1058125
395, 41007, 1.5, 70.0, 1581544885, 2020-02-12 22:01:25, 12, 17, 32.919158795, -15.2693216046, 495.029875
396, 41008, 1.5, 70.0, 1581545065, 2020-02-12 22:04:25, 30, 15, 44.2158477184, -18.431577954, 495.79328125
397, 41009, 1.5, 70.0, 1581545246, 2020-02-12 22:07:26, 94, 13, 55.5066148678, -22.7846009455, 496.96453125
398, 41010, 0.002, 70.0, 1581545423, 2020-02-12 22:10:23, 5, 11, 66.3705805716, -29.8288021394, 498.05375
399, 41011, 0.002, 70.0, 1581545783, 2020-02-12 22:16:23, 0, 7, 82.6606295512, -107.48870869, 498.6595
400, 41012, 0.002, 70.0, 1581545963, 2020-02-12 22:19:23, 8, 7, 76.0617310779, -163.778046162, 497.8173125
401, 41013, 0.002, 70.0, 1581546143, 2020-02-12 22:22:23, 35, 7, 65.576618892, -179.285731123, 496.31021875
402, 41014, 0.002, 70.0, 1581546323, 2020-02-12 22:25:23, 9, 7, 54.4989468144, 173.900154284, 494.44353125
403, 41015, 0.002, 70.0, 1581546503, 2020-02-12 22:28:23, 7, 7, 43.2527466493, 169.713070738, 492.6516875
404, 41016, 0.002, 70.0, 1581546683, 2020-02-12 22:31:23, 13, 8, 31.9416323664, 166.612820554, 491.4223125
405, 41017, 1.5, 70.0, 1581546865, 2020-02-12 22:34:25, 25, 9, 20.4779026291, 164.008551386, 491.214875
406, 41018, 1.5, 70.0, 1581547045, 2020-02-12 22:37:25, 16, 11, 9.13221307479, 161.690453484, 492.37571875
407, 41019, 1.5, 70.0, 1581547225, 2020-02-12 22:40:25, 23, 12, -2.21010044507, 159.47161189, 495.05359375
408, 41020, 1.5, 70.0, 1581547585, 2020-02-12 22:46:25, 35, 15, -24.8503148201, 154.841604238, 504.50059375
409, 41021, 1.5, 70.0, 1581547765, 2020-02-12 22:49:25, 353, 17, -36.1279475157, 152.119719212, 510.51884375
410, 41022, 0.002, 70.0, 1581547943, 2020-02-12 22:52:23, 0, 19, -47.2280021231, 148.773951048, 516.576125
411, 41023, 0.002, 70.0, 1581548123, 2020-02-12 22:55:23, 14, 21, -58.351542336, 143.972082175, 522.1634375
412, 41024, 0.002, 70.0, 1581548303, 2020-02-12 22:58:23, 0, 21, -69.2217883987, 135.453456583, 526.5990625
413, 41025, 0.002, 70.0, 1581548483, 2020-02-12 23:01:23, 0, 23, -79.0754700866, 112.736465972, 529.39275
414, 41026, 0.002, 70.0, 1581548663, 2020-02-12 23:04:23, 0, 25, -81.9898161824, 39.8020804396, 530.245
415, 41027, 0.002, 70.0, 1581548843, 2020-02-12 23:07:23, 51, 26, -73.6887730964, -0.917907201447, 529.0879375
416, 41028, 0.002, 70.0, 1581549023, 2020-02-12 23:10:23, 5, 26, -63.0728764482, -13.0704079422, 526.0931875
417, 41029, 0.002, 70.0, 1581549203, 2020-02-12 23:13:23, 42, 27, -52.0340544867, -19.0006180892, 521.64546875
418, 41030, 0.002, 70.0, 1581549383, 2020-02-12 23:16:23, 162, 27, -40.8530826282, -22.8510125823, 516.286
419, 41031, 0.002, 70.0, 1581549563, 2020-02-12 23:19:23, 25, 26, -29.6055574064, -25.7957274067, 510.63484375
420, 41032, 0.002, 70.0, 1581549743, 2020-02-12 23:22:23, 11, 25, -18.3201400026, -28.2956603124, 505.303375
421, 41033, 1.5, 70.0, 1581549925, 2020-02-12 23:25:25, 25, 24, -6.88503814947, -30.6046228365, 500.76659375
422, 41034, 1.5, 70.0, 1581550105, 2020-02-12 23:28:25, 17, 22, 4.43949361322, -32.8163849386, 497.484
423, 41035, 1.5, 70.0, 1581550285, 2020-02-12 23:31:25, 26, 20, 15.7713029425, -35.0757295534, 495.5514375
424, 41036, 1.5, 70.0, 1581550645, 2020-02-12 23:37:25, 9, 16, 38.4152412647, -40.3474744598, 495.28953125
425, 41037, 1.5, 70.0, 1581550825, 2020-02-12 23:40:25, 87, 14, 49.6865150542, -43.9617749266, 496.3095
426, 41039, 0.002, 70.0, 1581551945, 2020-02-12 23:59:05, 5, 16, 57.6318931146, 151.794288019, 494.989875
427, 41040, 0.002, 70.0, 1581552125, 2020-02-13 00:02:05, 0, 14, 46.4172552537, 147.104243003, 493.13490625
428, 41041, 1.5, 70.0, 1581552307, 2020-02-13 00:05:07, 298, 13, 34.9933267362, 143.745196951, 491.69284375
429, 41042, 1.5, 70.0, 1581552487, 2020-02-13 00:08:07, 20, 14, 23.6605641687, 141.060358872, 491.17175
430, 41043, 1.5, 70.0, 1581552667, 2020-02-13 00:11:07, 8, 15, 12.3158402324, 138.68920406, 491.93021875
431, 41044, 1.5, 70.0, 1581552847, 2020-02-13 00:14:07, 1, 16, 0.971761855664, 136.455349711, 494.1811875
432, 41045, 1.5, 70.0, 1581553027, 2020-02-13 00:17:07, 6, 17, -10.3626716536, 134.23294276, 497.92753125
433, 41046, 0.002, 70.0, 1581553205, 2020-02-13 00:20:05, 1, 17, -21.5535276496, 131.927180179, 502.88771875
434, 41047, 0.002, 70.0, 1581553385, 2020-02-13 00:23:05, 0, 18, -32.8420220536, 129.327255011, 508.7559375
435, 41048, 0.002, 70.0, 1581553565, 2020-02-13 00:26:05, 0, 19, -44.0850325204, 126.183810711, 514.91253125
436, 41049, 0.002, 70.0, 1581553745, 2020-02-13 00:29:05, 48, 20, -55.2451825472, 121.908016668, 520.71209375
437, 41050, 0.002, 70.0, 1581553925, 2020-02-13 00:32:05, 0, 22, -66.2161978058, 114.873768767, 525.5220625
438, 41051, 0.002, 70.0, 1581554105, 2020-02-13 00:35:05, 0, 23, -76.5445981315, 98.5766778626, 528.810125
439, 41052, 0.002, 70.0, 1581554285, 2020-02-13 00:38:05, 0, 25, -82.6721315898, 39.9184463725, 530.218
440, 41053, 0.002, 70.0, 1581554465, 2020-02-13 00:41:05, 50, 26, -76.4559695968, -18.1472303487, 529.61075
441, 41054, 0.002, 70.0, 1581554645, 2020-02-13 00:44:05, 2, 26, -66.1195711196, -34.2761910244, 527.0944375
442, 41055, 0.002, 70.0, 1581554825, 2020-02-13 00:47:05, 90, 27, -55.1522339179, -41.2682215259, 522.998625
443, 41056, 0.002, 70.0, 1581555005, 2020-02-13 00:50:05, 57, 27, -43.9997644388, -45.5280670767, 517.82803125
444, 41057, 0.002, 70.0, 1581555185, 2020-02-13 00:53:05, 260, 28, -32.7668797275, -48.6638444903, 512.18946875
445, 41058, 0.002, 70.0, 1581555365, 2020-02-13 00:56:05, 30, 27, -21.4902288715, -51.2594700538, 506.70590625
446, 41059, 0.002, 70.0, 1581555545, 2020-02-13 00:59:05, 18, 25, -10.1864809476, -53.5875502774, 501.92996875
447, 41060, 1.5, 70.0, 1581555794, 2020-02-13 01:03:14, 31, 22, 5.47728408152, -56.6556063653, 497.21521875
448, 41061, 1.5, 70.0, 1581555974, 2020-02-13 01:06:14, 0, 20, 16.8094626679, -58.9254899621, 495.40596875
449, 41062, 1.5, 70.0, 1581556154, 2020-02-13 01:09:14, 4, 18, 28.1387520842, -61.3927318749, 494.86846875
450, 41063, 1.5, 70.0, 1581556334, 2020-02-13 01:12:14, 34, 16, 39.4503666785, -64.2734187985, 495.33146875
451, 41064, 0.002, 70.0, 1581556512, 2020-02-13 01:15:12, 0, 14, 50.59082527, -67.9447274392, 496.3773125
452, 41065, 0.002, 70.0, 1581556692, 2020-02-13 01:18:12, 0, 12, 61.7406890319, -73.5320407456, 497.5725625
453, 41066, 0.002, 70.0, 1581556872, 2020-02-13 01:21:12, 0, 10, 72.5316844097, -84.5600163667, 498.47415625
454, 41067, 0.002, 70.0, 1581557052, 2020-02-13 01:24:12, 0, 8, 81.4439816149, -119.920199393, 498.755125
455, 41068, 0.002, 70.0, 1581557232, 2020-02-13 01:27:12, 3, 8, 79.8487909345, 163.965439232, 498.25603125
456, 41069, 1.5, 70.0, 1581558155, 2020-02-13 01:42:35, 15, 9, 23.9444114626, 117.486780577, 491.19709375
457, 41070, 1.5, 70.0, 1581558335, 2020-02-13 01:45:35, 2, 10, 12.5999060924, 115.110284558, 491.92384375
458, 41071, 1.5, 70.0, 1581558515, 2020-02-13 01:48:35, 7, 12, 1.25579868736, 112.87464753, 494.1389375
459, 41072, 1.5, 70.0, 1581558695, 2020-02-13 01:51:35, 6, 14, -10.078864487, 110.653381219, 497.85075
460, 41073, 0.002, 70.0, 1581558873, 2020-02-13 01:54:33, 0, 16, -21.2701635916, 108.352030941, 502.78334375
461, 41074, 0.002, 70.0, 1581559053, 2020-02-13 01:57:33, 0, 17, -32.5594195616, 105.761497284, 508.63490625
462, 41075, 0.002, 70.0, 1581559233, 2020-02-13 02:00:33, 0, 19, -43.8037960662, 102.636863324, 514.78909375
463, 41076, 0.002, 70.0, 1581559413, 2020-02-13 02:03:33, 30, 19, -54.9667464706, 98.402084567, 520.60146875
464, 41077, 0.002, 70.0, 1581559773, 2020-02-13 02:09:33, 0, 22, -76.3049677746, 75.6203369331, 528.7638125
465, 41078, 0.002, 70.0, 1581559953, 2020-02-13 02:12:33, 0, 23, -82.6686823443, 18.5385131032, 530.215
466, 41079, 0.002, 70.0, 1581560133, 2020-02-13 02:15:33, 57, 24, -76.6944798026, -41.088993947, 529.65125
467, 41080, 0.002, 70.0, 1581560313, 2020-02-13 02:18:33, 3, 25, -66.3903676296, -57.6688580984, 527.17275
468, 41081, 0.002, 70.0, 1581560493, 2020-02-13 02:21:33, 59, 25, -55.4305572964, -64.7731290985, 523.1043125
469, 41082, 0.002, 70.0, 1581560673, 2020-02-13 02:24:33, 30, 25, -44.2809086854, -69.0745636712, 517.9473125
470, 41083, 0.002, 70.0, 1581560853, 2020-02-13 02:27:33, 25, 25, -33.049393427, -72.2293734069, 512.30721875
471, 41084, 1.5, 70.0, 1581561215, 2020-02-13 02:33:35, 552, 22, -10.3444922514, -77.1921410458, 501.95734375
472, 41085, 1.5, 70.0, 1581561395, 2020-02-13 02:36:35, 36, 20, 0.97649720447, -79.4127516579, 498.27784375
473, 41086, 1.5, 70.0, 1581561575, 2020-02-13 02:39:35, 63, 19, 12.3071658921, -81.6448164972, 495.927875
474, 41087, 1.5, 70.0, 1581561755, 2020-02-13 02:42:35, 0, 17, 23.6390781011, -84.01384712, 494.90859375
475, 41088, 0.002, 70.0, 1581561933, 2020-02-13 02:45:33, 0, 15, 34.8345214229, -86.6631545553, 495.0123125
476, 41089, 0.002, 70.0, 1581562113, 2020-02-13 02:48:33, 3, 13, 46.1238542326, -89.9646835845, 495.885625
477, 41090, 0.002, 70.0, 1581562293, 2020-02-13 02:51:33, 28, 11, 57.3337212064, -94.5989327848, 497.08490625
478, 41091, 0.002, 70.0, 1581562473, 2020-02-13 02:54:33, 0, 9, 68.3235024097, -102.655386797, 498.15521875
479, 41092, 0.002, 70.0, 1581562653, 2020-02-13 02:57:33, 0, 7, 78.4237949077, -123.415767267, 498.71828125
480, 41093, 0.002, 70.0, 1581562833, 2020-02-13 03:00:33, 0, 6, 82.2640892586, 165.917944428, 498.542375
481, 41094, 0.002, 70.0, 1581563013, 2020-02-13 03:03:33, 15, 5, 74.2670510624, 121.131164612, 497.585875
482, 41095, 0.002, 70.0, 1581563193, 2020-02-13 03:06:33, 5, 5, 63.6069972413, 108.239080103, 495.98303125
483, 41096, 0.002, 70.0, 1581563373, 2020-02-13 03:09:33, 0, 6, 52.4844439907, 102.11283072, 494.10328125
484, 41097, 0.002, 70.0, 1581563553, 2020-02-13 03:12:33, 2, 6, 41.2219777301, 98.1896588537, 492.38459375
485, 41098, 1.5, 70.0, 1581563735, 2020-02-13 03:15:35, 7, 8, 29.7782245886, 95.1822650908, 491.3083125
486, 41099, 1.5, 70.0, 1581563915, 2020-02-13 03:18:35, 12, 10, 18.4379624734, 92.6697185333, 491.34090625
487, 41100, 1.5, 70.0, 1581564095, 2020-02-13 03:21:35, 1, 12, 7.09225797801, 90.379344369, 492.77528125
488, 41101, 1.5, 70.0, 1581564275, 2020-02-13 03:24:35, 5, 13, -4.24840370329, 88.1652907385, 495.73128125
489, 41102, 1.5, 70.0, 1581564455, 2020-02-13 03:27:35, 14, 15, -15.5756402209, 85.9084254823, 500.10853125
490, 41103, 0.002, 70.0, 1581565514, 2020-02-13 03:45:14, 0, 20, -79.6838896774, 38.6025455422, 529.556125
491, 41104, 0.002, 70.0, 1581565694, 2020-02-13 03:48:14, 71, 22, -81.615057363, -36.4614212566, 530.2523125
492, 41105, 0.002, 70.0, 1581565874, 2020-02-13 03:51:14, 2, 23, -72.9336068913, -73.187204985, 528.9429375
493, 41106, 0.002, 70.0, 1581566054, 2020-02-13 03:54:14, 29, 24, -62.2629252958, -84.5452016864, 525.817125
494, 41107, 0.002, 70.0, 1581566234, 2020-02-13 03:57:14, 18, 24, -51.2085134275, -90.2442022461, 521.2735625
495, 41108, 0.002, 70.0, 1581566414, 2020-02-13 04:00:14, 16, 24, -40.020933361, -94.0012229306, 515.862625
496, 41109, 0.002, 70.0, 1581566594, 2020-02-13 04:03:14, 1, 24, -28.7698496106, -96.9013963839, 510.20703125
497, 41110, 1.5, 70.0, 1581566781, 2020-02-13 04:06:21, 45, 23, -17.0427102129, -99.4702032097, 504.7233125
498, 41111, 1.5, 70.0, 1581566956, 2020-02-13 04:09:16, 4, 21, -6.04561430389, -101.678177972, 500.451
499, 41112, 1.5, 70.0, 1581567136, 2020-02-13 04:12:16, 25, 19, 5.27983142349, -103.889403904, 497.26096875
500, 41113, 0.002, 70.0, 1581567494, 2020-02-13 04:18:14, 1, 16, 27.815610712, -108.590322581, 494.864
501, 41114, 0.002, 70.0, 1581567674, 2020-02-13 04:21:14, 3, 14, 39.1280534667, -111.454780975, 495.30071875
502, 41115, 0.002, 70.0, 1581567854, 2020-02-13 04:24:14, 3, 12, 50.3952632937, -115.141006749, 496.34675
503, 41116, 0.002, 70.0, 1581568034, 2020-02-13 04:27:14, 13, 10, 61.5483577351, -120.678200127, 497.5415
504, 41117, 0.002, 70.0, 1581568214, 2020-02-13 04:30:14, 2, 8, 72.3507458684, -131.538952227, 498.45
505, 41118, 0.002, 70.0, 1581568394, 2020-02-13 04:33:14, 0, 6, 81.3396299848, -166.041652815, 498.74290625
506, 41119, 0.002, 70.0, 1581568574, 2020-02-13 04:36:14, 11, 5, 79.9857430575, 117.536395071, 498.2575
507, 41120, 0.002, 70.0, 1581568754, 2020-02-13 04:39:14, 36, 5, 70.3170160622, 91.1176195163, 497.0293125
508, 41121, 0.002, 70.0, 1581568934, 2020-02-13 04:42:14, 19, 5, 59.401403883, 81.8587243616, 495.28809375
509, 41122, 1.5, 70.0, 1581569116, 2020-02-13 04:45:16, 48, 6, 48.083749694, 76.7763259594, 493.39940625
510, 41123, 0.002, 70.0, 1581580370, 2020-02-13 07:52:50, 0, 1, 53.761750837, 31.7533206359, 494.35559375
511, 41124, 0.002, 70.0, 1581580550, 2020-02-13 07:55:50, 4, 3, 42.5094376526, 27.6676312485, 492.61234375
512, 41125, 0.002, 70.0, 1581580730, 2020-02-13 07:58:50, 1, 5, 31.1959669544, 24.6142446993, 491.46090625
513, 41126, 1.5, 70.0, 1581580945, 2020-02-13 08:02:25, 2, 8, 17.6517274453, 21.5976933604, 491.47975
514, 41127, 1.5, 70.0, 1581581125, 2020-02-13 08:05:25, 2, 10, 6.30638068108, 19.3167875458, 493.02715625
515, 41128, 0.002, 70.0, 1581581303, 2020-02-13 08:08:23, 0, 12, -4.90734961847, 17.1282463794, 496.050375
516, 41129, 0.002, 70.0, 1581581483, 2020-02-13 08:11:23, 1, 12, -16.2332115605, 14.8651827265, 500.5034375
517, 41130, 0.002, 70.0, 1581581663, 2020-02-13 08:14:23, 11, 14, -27.5361893806, 12.4166350415, 506.031125
518, 41131, 0.002, 70.0, 1581581843, 2020-02-13 08:17:23, 57, 16, -38.8031891793, 9.57573653113, 512.1255625
519, 41132, 0.002, 70.0, 1581582023, 2020-02-13 08:20:23, 30, 18, -50.0090400018, 5.94272305358, 518.166375
520, 41133, 0.002, 70.0, 1581582203, 2020-02-13 08:23:23, 13, 20, -61.091213174, 0.545439963943, 523.504125
521, 41134, 0.002, 70.0, 1581582383, 2020-02-13 08:26:23, 27, 22, -71.835421756, -9.81367214725, 527.5495625
522, 41135, 0.002, 70.0, 1581582563, 2020-02-13 08:29:23, 17, 23, -80.967528109, -41.4798207863, 529.85525
523, 41136, 0.002, 70.0, 1581582743, 2020-02-13 08:32:23, 18, 23, -80.4938613204, -118.0718136, 530.1776875
524, 41137, 0.002, 70.0, 1581582923, 2020-02-13 08:35:23, 25, 24, -71.1263661579, -146.894132724, 528.51025
525, 41138, 0.002, 70.0, 1581583103, 2020-02-13 08:38:23, 0, 25, -60.3483208189, -156.684402936, 525.082375
526, 41139, 0.002, 70.0, 1581583283, 2020-02-13 08:41:23, 3, 25, -49.2613050426, -161.903227537, 520.32509375
527, 41140, 0.002, 70.0, 1581583463, 2020-02-13 08:44:23, 0, 26, -38.0593201071, -165.461032094, 514.80821875
528, 41141, 1.5, 70.0, 1581583645, 2020-02-13 08:47:25, 183, 25, -26.6749178943, -168.293634485, 509.0976875
529, 41142, 1.5, 70.0, 1581583825, 2020-02-13 08:50:25, 13, 24, -15.3818848296, -170.720428018, 503.92084375
530, 41143, 1.5, 70.0, 1581584005, 2020-02-13 08:53:25, 38, 23, -4.06745790493, -172.973844029, 499.69771875
531, 41144, 0.002, 70.0, 1581584183, 2020-02-13 08:56:23, 0, 21, 7.13416374988, -175.161649242, 496.7618125
532, 41145, 0.002, 70.0, 1581584363, 2020-02-13 08:59:23, 0, 19, 18.4669412585, -177.45069152, 495.14521875
533, 41146, 0.002, 70.0, 1581584543, 2020-02-13 09:02:23, 0, 17, 29.7951258917, -179.961988153, 494.77578125
534, 41147, 0.002, 70.0, 1581584723, 2020-02-13 09:05:23, 3, 15, 41.1026235895, 177.069102511, 495.35871875
535, 41148, 0.002, 70.0, 1581584903, 2020-02-13 09:08:23, 8, 13, 52.3571326797, 173.163313476, 496.47603125
536, 41149, 0.002, 70.0, 1581585083, 2020-02-13 09:11:23, 0, 11, 63.4756253828, 167.080510927, 497.66490625
537, 41150, 0.002, 70.0, 1581585263, 2020-02-13 09:14:23, 9, 9, 74.1492166389, 154.33078805, 498.502875
538, 41151, 0.002, 70.0, 1581585443, 2020-02-13 09:17:23, 0, 8, 82.2199662366, 110.261123455, 498.68528125
539, 41152, 0.002, 70.0, 1581585623, 2020-02-13 09:20:23, 0, 8, 78.5274157076, 39.0761542743, 498.08209375
540, 41153, 0.002, 70.0, 1581585803, 2020-02-13 09:23:23, 10, 8, 68.4464663054, 18.0094825087, 496.7633125
541, 41154, 0.002, 70.0, 1581585986, 2020-02-13 09:26:26, 0, 9, 57.269507183, 9.78866682471, 494.95746875
542, 41155, 1.5, 70.0, 1581586165, 2020-02-13 09:29:25, 112, 10, 46.1135167413, 5.18478379167, 493.145125
543, 41156, 1.5, 70.0, 1581586345, 2020-02-13 09:32:25, 24, 11, 34.8142084403, 1.8822270324, 491.75790625
544, 41157, 1.5, 70.0, 1581586525, 2020-02-13 09:35:25, 19, 11, 23.4814219672, -0.795640678822, 491.27621875
545, 41158, 1.5, 70.0, 1581586705, 2020-02-13 09:38:25, 10, 12, 12.1369908752, -3.16337351226, 492.07471875
546, 41159, 1.5, 70.0, 1581586885, 2020-02-13 09:41:25, 27, 13, 0.793416758556, -5.39603215117, 494.36259375
547, 41160, 1.5, 70.0, 1581587065, 2020-02-13 09:44:25, 396, 14, -10.5403496333, -7.61910077759, 498.1386875
548, 41161, 0.002, 70.0, 1581587243, 2020-02-13 09:47:23, 3, 16, -21.7303971057, -9.92754079221, 503.117625
549, 41162, 0.002, 70.0, 1581587423, 2020-02-13 09:50:23, 83, 17, -33.0178789341, -12.5332758895, 508.9911875
550, 41163, 0.002, 70.0, 1581587603, 2020-02-13 09:53:23, 85, 18, -44.2595370234, -15.6883981063, 515.137875
551, 41164, 0.002, 70.0, 1581587783, 2020-02-13 09:56:23, 38, 19, -55.4174774841, -19.9898241413, 520.91221875
552, 41165, 0.002, 70.0, 1581587963, 2020-02-13 09:59:23, 4, 21, -66.3834418178, -27.0934206602, 525.68325
553, 41166, 0.002, 70.0, 1581588143, 2020-02-13 10:02:23, 43, 22, -76.6915155005, -43.6699926604, 528.9215625
554, 41167, 0.002, 70.0, 1581588323, 2020-02-13 10:05:23, 109, 24, -82.668962382, -103.286974389, 530.2729375
555, 41168, 0.002, 70.0, 1581588503, 2020-02-13 10:08:23, 0, 26, -76.3084921523, -160.380341239, 529.60725
556, 41169, 0.002, 70.0, 1581588683, 2020-02-13 10:11:23, 49, 27, -65.9529213341, -176.240819131, 527.035
557, 41170, 0.002, 70.0, 1581588863, 2020-02-13 10:14:23, 0, 28, -54.9809566792, 176.834704079, 522.89021875
558, 41171, 0.002, 70.0, 1581589043, 2020-02-13 10:17:23, 0, 29, -43.8265781622, 172.600041436, 517.6808125
559, 41172, 1.5, 70.0, 1581589225, 2020-02-13 10:20:25, 18, 29, -32.4674578947, 169.444794568, 511.95246875
560, 41173, 1.5, 70.0, 1581589405, 2020-02-13 10:23:25, 51, 28, -21.1895929726, 166.859062534, 506.460125
561, 41174, 1.5, 70.0, 1581589585, 2020-02-13 10:26:25, 0, 27, -9.88488626085, 164.535623423, 501.69275
562, 41175, 1.5, 70.0, 1581589765, 2020-02-13 10:29:25, 24, 25, 1.43696785424, 162.316822812, 498.0549375
563, 41176, 1.5, 70.0, 1581589945, 2020-02-13 10:32:25, 6, 23, 12.7682130526, 160.08178001, 495.755
564, 41177, 1.5, 70.0, 1581590125, 2020-02-13 10:35:25, 12, 21, 24.1003190681, 157.704013575, 494.7856875
565, 41178, 1.5, 70.0, 1581590305, 2020-02-13 10:38:25, 58, 19, 35.4209887858, 155.004244702, 494.938
566, 41179, 0.002, 70.0, 1581590483, 2020-02-13 10:41:23, 0, 17, 46.5829795486, 151.699252767, 495.8343125
567, 41180, 0.002, 70.0, 1581590663, 2020-02-13 10:44:23, 5, 15, 57.78806539, 146.982843221, 497.0481875
568, 41181, 0.002, 70.0, 1581590843, 2020-02-13 10:47:23, 52, 13, 68.7623693846, 138.687605796, 498.119
569, 41182, 0.002, 70.0, 1581591023, 2020-02-13 10:50:23, 0, 11, 78.7817446315, 116.842939626, 498.67275
570, 41183, 0.002, 70.0, 1581591203, 2020-02-13 10:53:23, 0, 10, 82.1019952093, 44.4722700953, 498.48403125
571, 41184, 0.002, 70.0, 1581591383, 2020-02-13 10:56:23, 102, 10, 73.8519394855, 2.12642273034, 497.51875
572, 41185, 0.002, 70.0, 1581591563, 2020-02-13 10:59:23, 4, 10, 63.1499278123, -10.2750565483, 495.94240625
573, 41186, 0.002, 70.0, 1581591747, 2020-02-13 11:02:27, 1, 10, 51.7690704677, -16.3626009566, 494.0519375
574, 41187, 1.5, 70.0, 1581591925, 2020-02-13 11:05:25, 1, 11, 40.6272799893, -20.1647367481, 492.405875
575, 41188, 1.5, 70.0, 1581592105, 2020-02-13 11:08:25, 31, 12, 29.3080377813, -23.1090929876, 491.40934375
576, 41189, 1.5, 70.0, 1581592285, 2020-02-13 11:11:25, 6, 12, 17.9677329774, -25.6086109593, 491.516125
577, 41190, 1.5, 70.0, 1581592465, 2020-02-13 11:14:25, 1, 14, 6.62256251744, -27.8931982458, 493.02775
578, 41191, 0.002, 70.0, 1581592643, 2020-02-13 11:17:23, 0, 15, -4.5912202892, -30.0819904217, 496.01290625
579, 41193, 0.002, 70.0, 1581593003, 2020-02-13 11:23:23, 127, 18, -27.2208976033, -34.7830047211, 505.9326875
580, 41194, 0.002, 70.0, 1581593363, 2020-02-13 11:29:23, 49, 18, -49.6968832813, -41.210745484, 518.05840625
581, 41195, 0.002, 70.0, 1581593543, 2020-02-13 11:32:23, 38, 18, -60.7839912652, -46.5336314318, 523.41484375
582, 41196, 0.002, 70.0, 1581593723, 2020-02-13 11:35:23, 4, 18, -71.5444761879, -56.6534070444, 527.4920625
583, 41197, 0.002, 70.0, 1581593903, 2020-02-13 11:38:23, 23, 18, -80.7782908879, -87.1169523237, 529.8381875
584, 41198, 0.002, 70.0, 1581594083, 2020-02-13 11:41:23, 2, 18, -80.6929066931, -163.802593861, 530.2038125
585, 41199, 0.002, 70.0, 1581594263, 2020-02-13 11:44:23, 0, 18, -71.4185684808, 166.248662188, 528.5761875
586, 41200, 0.002, 70.0, 1581594443, 2020-02-13 11:47:23, 1, 18, -60.6559115579, 156.231957545, 525.1789375
587, 41201, 0.002, 70.0, 1581594623, 2020-02-13 11:50:23, 0, 18, -49.5736598385, 150.941593543, 520.438625
588, 41202, 0.002, 70.0, 1581594803, 2020-02-13 11:53:23, 0, 19, -38.3737171296, 147.35362687, 514.9228125
589, 41203, 0.002, 70.0, 1581594983, 2020-02-13 11:56:23, 0, 19, -27.1156682938, 144.534944404, 509.25871875
590, 41204, 1.5, 70.0, 1581595165, 2020-02-13 11:59:25, 1, 18, -15.6978749938, 142.072196756, 503.992125
591, 41205, 1.5, 70.0, 1581595345, 2020-02-13 12:02:25, 0, 16, -4.38371103139, 139.815871084, 499.7318125
592, 41206, 1.5, 70.0, 1581595525, 2020-02-13 12:05:25, 12, 15, 6.94378076453, 137.603709416, 496.730125
593, 41207, 1.5, 70.0, 1581595705, 2020-02-13 12:08:25, 12, 13, 18.2767717165, 135.316975743, 495.0910625
594, 41208, 0.002, 70.0, 1581595883, 2020-02-13 12:11:23, 0, 12, 29.479567737, 132.84069066, 494.70378125
595, 41209, 0.002, 70.0, 1581596063, 2020-02-13 12:14:23, 0, 10, 40.7881787556, 129.889242976, 495.2708125
596, 41210, 0.002, 70.0, 1581596243, 2020-02-13 12:17:23, 0, 8, 52.0450920724, 126.020473567, 496.38734375
597, 41211, 0.002, 70.0, 1581596423, 2020-02-13 12:20:23, 0, 7, 63.1697490212, 120.031203628, 497.59025
598, 41212, 0.002, 70.0, 1581596603, 2020-02-13 12:23:23, 8, 5, 73.8664536375, 107.615695567, 498.4544375
599, 41213, 0.002, 70.0, 1581596783, 2020-02-13 12:26:23, 0, 4, 82.107363738, 65.1991211668, 498.67065625
600, 41214, 0.002, 70.0, 1581596963, 2020-02-13 12:29:23, 0, 3, 78.7703450458, -7.12468430109, 498.10296875
601, 41215, 0.002, 70.0, 1581597143, 2020-02-13 12:32:23, 29, 3, 68.7453075721, -28.936239849, 496.8151875
602, 41216, 0.002, 70.0, 1581597323, 2020-02-13 12:35:23, 3, 3, 57.7650135015, -37.2244216887, 495.061875
603, 41217, 1.5, 70.0, 1581597505, 2020-02-13 12:38:25, 17, 3, 46.4269370468, -41.9812693695, 493.226
604, 41218, 1.5, 70.0, 1581597685, 2020-02-13 12:41:25, 12, 4, 35.1291826139, -45.3083774572, 491.8313125
605, 41219, 1.5, 70.0, 1581597865, 2020-02-13 12:44:25, 56, 5, 23.7971338011, -47.998358669, 491.32815625
606, 41220, 1.5, 70.0, 1581598045, 2020-02-13 12:47:25, 6, 6, 12.4530254356, -50.3719586883, 492.09446875
607, 41221, 0.002, 70.0, 1581598223, 2020-02-13 12:50:23, 0, 8, 1.23551206503, -52.5820029977, 494.31109375
608, 41222, 0.002, 70.0, 1581598403, 2020-02-13 12:53:23, 20, 10, -10.0985653139, -54.8032283268, 498.03396875
609, 41223, 0.002, 70.0, 1581598763, 2020-02-13 12:59:23, 166, 13, -32.7031062512, -59.7268828875, 508.88478125
610, 41224, 0.002, 70.0, 1581598943, 2020-02-13 13:02:23, 37, 14, -43.9462020953, -62.8608195651, 515.0263125
611, 41225, 0.002, 70.0, 1581599123, 2020-02-13 13:05:23, 48, 14, -55.1072229713, -67.1159522854, 520.81146875
612, 41226, 0.002, 70.0, 1581599303, 2020-02-13 13:08:23, 8, 15, -66.0815133055, -74.094663918, 525.6079375
613, 41227, 0.002, 70.0, 1581599483, 2020-02-13 13:11:23, 4, 15, -76.4254386512, -90.1698488068, 528.882875
614, 41228, 0.002, 70.0, 1581599663, 2020-02-13 13:14:23, 0, 15, -82.6719881558, -148.043339373, 530.2768125
615, 41229, 0.002, 70.0, 1581599843, 2020-02-13 13:17:23, 0, 16, -76.5755525488, 153.107241623, 529.6534375
616, 41230, 0.002, 70.0, 1581600023, 2020-02-13 13:20:23, 0, 16, -66.2550684123, 136.755454563, 527.1171875
617, 41231, 0.002, 70.0, 1581600203, 2020-02-13 13:23:23, 35, 17, -55.2913375505, 129.707805831, 522.99678125
618, 41232, 0.002, 70.0, 1581600383, 2020-02-13 13:26:23, 0, 18, -44.1400189583, 125.427326279, 517.79678125
619, 41233, 0.002, 70.0, 1581600563, 2020-02-13 13:29:23, 0, 18, -32.9074552659, 122.282106129, 512.1248125
620, 41234, 0.002, 70.0, 1581600743, 2020-02-13 13:32:23, 0, 17, -21.6307241552, 119.681743829, 506.60559375
621, 41235, 1.5, 70.0, 1581600925, 2020-02-13 13:35:25, 5, 16, -10.2009438731, 117.326380415, 501.7466875
622, 41236, 1.5, 70.0, 1581601105, 2020-02-13 13:38:25, 7, 15, 1.12076072484, 115.106336709, 498.069375
623, 41237, 1.5, 70.0, 1581601285, 2020-02-13 13:41:25, 0, 14, 12.452081162, 112.873315643, 495.72984375
624, 41238, 1.5, 70.0, 1581601465, 2020-02-13 13:44:25, 3, 12, 23.7845355172, 110.501532454, 494.72678125
625, 41239, 0.002, 70.0, 1581601643, 2020-02-13 13:47:23, 0, 10, 34.9803049806, 107.846631093, 494.849875
626, 41240, 0.002, 70.0, 1581601823, 2020-02-13 13:50:23, 0, 8, 46.2695524129, 104.533702479, 495.74415625
627, 41241, 0.002, 70.0, 1581602363, 2020-02-13 13:59:23, 0, 3, 78.5390475198, 70.6440045384, 498.64021875
628, 41242, 0.002, 70.0, 1581602543, 2020-02-13 14:02:23, 0, 3, 82.2150758212, -0.593268523683, 498.48690625
629, 41243, 0.002, 70.0, 1581602723, 2020-02-13 14:05:23, 0, 3, 74.1346478454, -44.5898552169, 497.55565625
630, 41244, 0.002, 70.0, 1581602903, 2020-02-13 14:08:23, 8, 4, 63.4556607399, -57.3247531681, 496.00621875
631, 41245, 0.002, 70.0, 1581603083, 2020-02-13 14:11:23, 8, 6, 52.3302763759, -63.403635189, 494.171625
632, 41246, 1.5, 70.0, 1581603265, 2020-02-13 14:14:25, 73, 7, 40.9415165024, -67.3449890188, 492.4850625
633, 41247, 1.5, 70.0, 1581603445, 2020-02-13 14:17:25, 0, 8, 29.6233500492, -70.3066341746, 491.47396875
634, 41248, 1.5, 70.0, 1581603625, 2020-02-13 14:20:25, 29, 9, 18.2835506793, -72.8147752602, 491.55353125
635, 41249, 1.5, 70.0, 1581603805, 2020-02-13 14:23:25, 2, 11, 6.9385659151, -75.1031550092, 493.0295
636, 41250, 0.002, 70.0, 1581604163, 2020-02-13 14:29:23, 0, 14, -15.6016683643, -79.5492803092, 500.3594375
637, 41251, 0.002, 70.0, 1581604343, 2020-02-13 14:32:23, 1, 16, -26.9057612128, -81.9829655026, 505.83484375
638, 41252, 0.002, 70.0, 1581604523, 2020-02-13 14:35:23, 22, 18, -38.1748390965, -84.7940254778, 511.90365625
639, 41253, 0.002, 70.0, 1581604703, 2020-02-13 14:38:23, 5, 21, -49.3848153533, -88.3655109038, 517.950125
640, 41254, 0.002, 70.0, 1581604883, 2020-02-13 14:41:23, 18, 23, -60.4767215451, -93.6160617332, 523.32475
641, 41255, 0.002, 70.0, 1581605063, 2020-02-13 14:44:23, 1, 25, -71.2528339406, -103.505718027, 527.433375
642, 41256, 0.002, 70.0, 1581605243, 2020-02-13 14:47:23, 18, 26, -80.5822644588, -132.820432319, 529.81975
643, 41257, 0.002, 70.0, 1581605423, 2020-02-13 14:50:23, 0, 28, -80.8851287069, 150.530416155, 530.228625
644, 41258, 0.002, 70.0, 1581605603, 2020-02-13 14:53:23, 0, 30, -71.7097599356, 119.403331658, 528.6409375
645, 41259, 0.002, 70.0, 1581605783, 2020-02-13 14:56:23, 0, 31, -60.9631129762, 109.151449942, 525.2745
646, 41260, 0.002, 70.0, 1581605963, 2020-02-13 14:59:23, 1, 32, -49.8857550873, 103.787606765, 520.55165625
647, 41261, 0.002, 70.0, 1581606143, 2020-02-13 15:02:23, 6, 32, -38.687892171, 100.168829109, 515.037375
648, 41262, 1.5, 70.0, 1581606325, 2020-02-13 15:05:25, 64, 31, -27.3055936565, 97.3063856205, 509.2973125
649, 41263, 1.5, 70.0, 1581606505, 2020-02-13 15:08:25, 15, 30, -16.0136739127, 94.8649413322, 504.06421875
650, 41264, 1.5, 70.0, 1581606685, 2020-02-13 15:11:25, 7, 28, -4.69977803519, 92.6056103777, 499.76690625
651, 41265, 1.5, 70.0, 1581606865, 2020-02-13 15:14:25, 12, 25, 6.62767192582, 90.3937628983, 496.7249375
652, 41266, 1.5, 70.0, 1581607045, 2020-02-13 15:17:25, 12, 23, 17.9608600995, 88.1108199799, 495.04840625
653, 41267, 1.5, 70.0, 1581607225, 2020-02-13 15:20:25, 6, 21, 29.2899821762, 85.6133886309, 494.63390625
654, 41268, 0.002, 70.0, 1581607403, 2020-02-13 15:23:23, 0, 19, 40.4738739406, 82.708679932, 495.18328125
655, 41269, 0.002, 70.0, 1581607583, 2020-02-13 15:26:23, 0, 16, 51.7331300123, 78.8760558836, 496.29859375
656, 41270, 0.002, 70.0, 1581607763, 2020-02-13 15:29:23, 1, 14, 62.8637702068, 72.9775591586, 497.5151875
657, 41271, 0.002, 70.0, 1581607943, 2020-02-13 15:32:23, 3, 12, 73.5825568247, 60.8822776874, 498.4053125
658, 41272, 0.002, 70.0, 1581608850, 2020-02-13 15:47:30, 1, 8, 46.4271453676, -89.2532169297, 493.26028125
659, 41273, 0.002, 70.0, 1581609030, 2020-02-13 15:50:30, 1, 9, 35.1295241233, -92.5803181872, 491.87678125
660, 41274, 1.5, 70.0, 1581609212, 2020-02-13 15:53:32, 12, 11, 23.6716376129, -95.2979821557, 491.38396875
661, 41275, 1.5, 70.0, 1581609392, 2020-02-13 15:56:32, 16, 12, 12.3276718276, -97.669198439, 492.1729375
662, 41276, 1.5, 70.0, 1581609572, 2020-02-13 15:59:32, 14, 13, 0.984431322964, -99.9029708256, 494.4443125
663, 41277, 1.5, 70.0, 1581609752, 2020-02-13 16:02:32, 29, 14, -10.3491197045, -102.125179702, 498.2003125
664, 41278, 0.002, 70.0, 1581609930, 2020-02-13 16:05:30, 0, 14, -21.5390971675, -104.430546131, 503.1593125
665, 41279, 0.002, 70.0, 1581610110, 2020-02-13 16:08:30, 1, 15, -32.8267395053, -107.02978145, 509.01575
666, 41280, 0.002, 70.0, 1581610290, 2020-02-13 16:11:30, 0, 16, -44.0689952362, -110.171914355, 515.1506875
667, 41281, 0.002, 70.0, 1581610470, 2020-02-13 16:14:30, 2, 17, -55.2285749422, -114.444962661, 520.91975
668, 41282, 0.002, 70.0, 1581610650, 2020-02-13 16:17:30, 1, 18, -66.1994501819, -121.471868108, 525.6916875
669, 41283, 0.002, 70.0, 1581610830, 2020-02-13 16:20:30, 17, 19, -76.5294624323, -137.739712143, 528.9355
670, 41284, 0.002, 70.0, 1581611010, 2020-02-13 16:23:30, 0, 21, -82.6724457785, 163.703993251, 530.2945625
671, 41285, 0.002, 70.0, 1581611190, 2020-02-13 16:26:30, 0, 23, -76.4717746545, 105.53571172, 529.6355625
672, 41286, 0.002, 70.0, 1581611370, 2020-02-13 16:29:30, 0, 24, -66.1373842529, 89.3779976557, 527.0660625
673, 41287, 0.002, 70.0, 1581611550, 2020-02-13 16:32:30, 5, 25, -55.1703202588, 82.3787817952, 522.91753125
674, 41288, 0.002, 70.0, 1581611730, 2020-02-13 16:35:30, 1, 25, -44.0176492891, 78.1162588102, 517.6966875
675, 41289, 1.5, 70.0, 1581611912, 2020-02-13 16:38:32, 442, 24, -32.6592120405, 74.9481165452, 511.94884375
676, 41290, 1.5, 70.0, 1581612092, 2020-02-13 16:41:32, 87, 23, -21.3815571467, 72.3560119442, 506.4308125
677, 41291, 1.5, 70.0, 1581612272, 2020-02-13 16:44:32, 12, 21, -10.0768060388, 70.029567551, 501.63403125
678, 41292, 1.5, 70.0, 1581612452, 2020-02-13 16:47:32, 60, 19, 1.24526760287, 67.8099746371, 497.96665625
679, 41293, 1.5, 70.0, 1581612632, 2020-02-13 16:50:32, 2, 17, 12.5768815247, 65.5761339485, 495.64096875
680, 41294, 1.5, 70.0, 1581612992, 2020-02-13 16:56:32, 2, 13, 35.2309660929, 60.5096020757, 494.79790625
681, 41295, 1.5, 70.0, 1581613172, 2020-02-13 16:59:32, 12, 11, 46.51930511, 57.1768864027, 495.7113125
682, 41296, 0.002, 70.0, 1581613350, 2020-02-13 17:02:30, 0, 9, 57.6017514898, 52.5370091266, 496.92903125
683, 41297, 0.002, 70.0, 1581613530, 2020-02-13 17:05:30, 10, 7, 68.5828925038, 44.3408811614, 498.0275
684, 41298, 0.002, 70.0, 1581613710, 2020-02-13 17:08:30, 0, 5, 78.6364596777, 22.9485647591, 498.61696875
685, 41299, 0.002, 70.0, 1581613890, 2020-02-13 17:11:30, 0, 4, 82.1712191765, -48.7550070251, 498.46825
686, 41300, 0.002, 70.0, 1581614070, 2020-02-13 17:14:30, 0, 3, 74.0217448184, -92.0863179254, 497.54275
687, 41301, 0.002, 70.0, 1581614250, 2020-02-13 17:17:30, 1, 3, 63.3334686556, -104.686152301, 496.00175
688, 41302, 0.002, 70.0, 1581614430, 2020-02-13 17:20:30, 0, 4, 52.205714216, -110.727345338, 494.17946875
689, 41303, 0.002, 70.0, 1581614790, 2020-02-13 17:26:30, 0, 5, 29.6236847284, -117.57857832, 491.524375
690, 41304, 1.5, 70.0, 1581614972, 2020-02-13 17:29:32, 7, 6, 18.1580203401, -120.113029294, 491.6205625
691, 41305, 1.5, 70.0, 1581615152, 2020-02-13 17:32:32, 19, 8, 6.81324731177, -122.39984493, 493.1188125
692, 41306, 1.5, 70.0, 1581615332, 2020-02-13 17:35:32, 14, 9, -4.5261939001, -124.613413617, 496.127
693, 41307, 0.002, 70.0, 1581615510, 2020-02-13 17:38:30, 0, 11, -15.7262441845, -126.846912796, 500.482875
694, 41308, 0.002, 70.0, 1581615690, 2020-02-13 17:41:30, 0, 12, -27.0298094009, -129.283418857, 505.96546875
695, 41309, 0.002, 70.0, 1581615870, 2020-02-13 17:44:30, 0, 13, -38.2981923129, -132.100202531, 512.0325
696, 41310, 0.002, 70.0, 1581616050, 2020-02-13 17:47:30, 2, 13, -49.5071098904, -135.683483694, 518.06765625
697, 41311, 0.002, 70.0, 1581616230, 2020-02-13 17:50:30, 8, 14, -60.5969260443, -140.962017808, 523.42184375
698, 41313, 0.002, 70.0, 1581617031, 2020-02-13 18:03:51, 2, 21, -66.826762076, 66.3727935529, 527.2755
699, 41314, 0.002, 70.0, 1581617211, 2020-02-13 18:06:51, 11, 22, -55.8794236682, 59.0804328034, 523.20775
700, 41315, 0.002, 70.0, 1581617391, 2020-02-13 18:09:51, 0, 22, -44.7341600386, 54.7099757541, 518.03175
701, 41316, 0.002, 70.0, 1581617571, 2020-02-13 18:12:51, 3, 21, -33.5044718558, 51.5237334878, 512.3525
702, 41317, 1.5, 70.0, 1581617753, 2020-02-13 18:15:53, 28, 20, -22.103835991, 48.8757237885, 506.73796875
703, 41318, 1.5, 70.0, 1581617933, 2020-02-13 18:18:53, 6, 19, -10.8003843265, 46.537715885, 501.87765625
704, 41319, 1.5, 70.0, 1581618113, 2020-02-13 18:21:53, 3, 17, 0.520930897327, 44.3150562161, 498.12740625
705, 41320, 1.5, 70.0, 1581618293, 2020-02-13 18:24:53, 5, 15, 11.852284685, 42.0856312449, 495.71309375
706, 41321, 1.5, 70.0, 1581618473, 2020-02-13 18:27:53, 0, 13, 23.1852803327, 39.7248583208, 494.644875
707, 41322, 1.5, 70.0, 1581618653, 2020-02-13 18:30:53, 1, 11, 34.5080554561, 37.0601761297, 494.72865625
708, 41323, 0.002, 70.0, 1581618830, 2020-02-13 18:33:50, 0, 10, 45.611880328, 33.845899352, 495.590375
709, 41324, 0.002, 70.0, 1581619191, 2020-02-13 18:39:51, 0, 6, 67.8948807186, 21.4329150466, 497.94984375
710, 41325, 0.002, 70.0, 1581619371, 2020-02-13 18:42:51, 0, 4, 78.0685021275, 1.6557494855, 498.58675
711, 41326, 0.002, 70.0, 1581619551, 2020-02-13 18:45:51, 0, 3, 82.3977424003, -67.1483820236, 498.495125
712, 41327, 0.002, 70.0, 1581619731, 2020-02-13 18:48:51, 1, 2, 74.667634827, -114.389979638, 497.62340625
713, 41328, 0.002, 70.0, 1581619911, 2020-02-13 18:51:51, 7, 2, 64.035352555, -127.798549392, 496.12021875
714, 41329, 0.002, 70.0, 1581620091, 2020-02-13 18:54:51, 3, 2, 52.9220883617, -134.062515879, 494.309875
715, 41330, 0.002, 70.0, 1581620271, 2020-02-13 18:57:51, 7, 3, 41.6634743278, -138.039502806, 492.6363125
716, 41331, 0.002, 70.0, 1581620451, 2020-02-13 19:00:51, 3, 4, 30.3477530823, -141.042204229, 491.5849375
717, 41332, 1.5, 70.0, 1581620633, 2020-02-13 19:03:53, 42, 6, 18.8829749109, -143.597323356, 491.603875
718, 41333, 1.5, 70.0, 1581620813, 2020-02-13 19:06:53, 30, 8, 7.5382774416, -145.893209483, 493.0101875
719, 41334, 1.5, 70.0, 1581620993, 2020-02-13 19:09:53, 7, 9, -3.80165127502, -148.107830019, 495.9243125
720, 41335, 1.5, 70.0, 1581621353, 2020-02-13 19:15:53, 12, 11, -26.4333477638, -152.783490656, 505.68925
721, 41337, 0.002, 70.0, 1581622353, 2020-02-13 19:32:33, 0, 17, -82.6719335143, 117.447288424, 530.3036875
722, 41338, 0.002, 70.0, 1581622533, 2020-02-13 19:35:33, 0, 17, -76.5792818321, 58.5738035218, 529.6535
723, 41339, 0.002, 70.0, 1581622893, 2020-02-13 19:41:33, 0, 17, -55.2955142112, 35.1654884844, 522.9438125
724, 41340, 0.002, 70.0, 1581623073, 2020-02-13 19:44:33, 9, 17, -44.1440248642, 30.8843293283, 517.71946875
725, 41341, 0.002, 70.0, 1581623253, 2020-02-13 19:47:33, 9, 16, -32.9111879642, 27.738777914, 512.0259375
726, 41342, 0.002, 70.0, 1581623433, 2020-02-13 19:50:33, 1, 16, -21.6341085139, 25.1382448596, 506.48884375
727, 41343, 0.002, 70.0, 1581623613, 2020-02-13 19:53:33, 0, 14, -10.3296365899, 22.8078065132, 501.6643125
728, 41344, 1.5, 70.0, 1581623795, 2020-02-13 19:56:35, 3, 13, 1.11822811204, 20.5626464937, 497.93090625
729, 41345, 1.5, 70.0, 1581623975, 2020-02-13 19:59:35, 15, 11, 12.4500099071, 18.3295878618, 495.588625
730, 41346, 1.5, 70.0, 1581624155, 2020-02-13 20:02:35, 22, 9, 23.7829253001, 15.9577671068, 494.5885
731, 41347, 1.5, 70.0, 1581624335, 2020-02-13 20:05:35, 43, 8, 35.1048090838, 13.270305381, 494.7265
732, 41348, 1.5, 70.0, 1581624515, 2020-02-13 20:08:35, 21, 6, 46.3939130822, 9.94750799648, 495.64059375
733, 41349, 0.002, 70.0, 1581624693, 2020-02-13 20:11:33, 1, 4, 57.4779064998, 5.32978614641, 496.866375
734, 41350, 0.002, 70.0, 1581624873, 2020-02-13 20:14:33, 3, 2, 68.4634734764, -2.80156793325, 497.97959375
735, 41351, 0.002, 70.0, 1581625053, 2020-02-13 20:17:33, 16, 1, 78.5391089915, -23.900283318, 498.58875
736, 41352, 0.002, 70.0, 1581625233, 2020-02-13 20:20:33, 0, 0, 82.2150075193, -95.1387567858, 498.4621875
737, 41353, 0.002, 70.0, 1581625413, 2020-02-13 20:23:33, 8, 0, 74.1344292793, -139.134286507, 497.558625
738, 41354, 0.002, 70.0, 1581625593, 2020-02-13 20:26:33, 3, 0, 63.4554763247, -151.868887345, 496.036625
739, 41355, 0.002, 70.0, 1581625773, 2020-02-13 20:29:33, 0, 0, 52.3302388098, -157.947660083, 494.22825
740, 41356, 0.002, 70.0, 1581625953, 2020-02-13 20:32:33, 5, 1, 41.0672432096, -161.85209674, 492.58134375
741, 41357, 0.002, 70.0, 1581626133, 2020-02-13 20:35:33, 3, 3, 29.7497597752, -164.820715519, 491.5809375
742, 41358, 0.002, 70.0, 1581626313, 2020-02-13 20:38:33, 0, 6, 18.4104573016, -167.332326341, 491.66278125
743, 41359, 1.5, 70.0, 1581626495, 2020-02-13 20:41:35, 9, 8, 6.93983846472, -169.646995488, 493.1585
744, 41360, 1.5, 70.0, 1581626675, 2020-02-13 20:44:35, 14, 10, -4.39948919526, -171.860700779, 496.1530625
745, 41361, 1.5, 70.0, 1581626855, 2020-02-13 20:47:35, 9, 12, -15.7252486845, -174.118774979, 500.55071875
746, 41362, 1.5, 70.0, 1581627035, 2020-02-13 20:50:35, 9, 15, -27.0285953348, -176.555226399, 506.03078125
747, 41363, 1.5, 70.0, 1581627215, 2020-02-13 20:53:35, 82, 17, -38.2967716335, -179.37191445, 512.0926875
748, 41364, 0.002, 70.0, 1581627393, 2020-02-13 20:56:33, 0, 19, -49.3814549002, 177.091505532, 518.05590625
749, 41365, 0.002, 70.0, 1581630090, 2020-02-13 21:41:30, 0, 15, 40.2848860214, -11.7806983261, 495.0443125
750, 41366, 0.002, 70.0, 1581630270, 2020-02-13 21:44:30, 0, 14, 51.5457881687, -15.5920634107, 496.169875
751, 41367, 0.002, 70.0, 1581630450, 2020-02-13 21:47:30, 0, 12, 62.6801542314, -21.43745883, 497.40859375
752, 41368, 0.002, 70.0, 1581630630, 2020-02-13 21:50:30, 0, 10, 73.4118840577, -33.3473092031, 498.330625
753, 41369, 0.002, 70.0, 1581630810, 2020-02-13 21:53:30, 0, 9, 81.9047188555, -73.2199420817, 498.61878125
754, 41370, 0.002, 70.0, 1581630990, 2020-02-13 21:56:30, 0, 8, 79.1503767712, -147.134036289, 498.12703125
755, 41371, 0.002, 70.0, 1581631170, 2020-02-13 21:59:30, 13, 8, 69.2215630025, -170.21355968, 496.90875
756, 41372, 0.002, 70.0, 1581631350, 2020-02-13 22:02:30, 18, 8, 58.2596353106, -178.775475011, 495.20896875
757, 41373, 0.002, 70.0, 1581631530, 2020-02-13 22:05:30, 9, 9, 47.0529136389, 176.417406842, 493.42259375
758, 41374, 0.002, 70.0, 1581631710, 2020-02-13 22:08:30, 3, 11, 35.7584991684, 173.039714373, 492.025375
759, 41375, 0.002, 70.0, 1581631890, 2020-02-13 22:11:30, 1, 12, 24.42813912, 170.324850782, 491.4895625
760, 41376, 1.5, 70.0, 1581632072, 2020-02-13 22:14:32, 5, 14, 12.9588453398, 167.913739364, 492.215125
761, 41377, 1.5, 70.0, 1581632252, 2020-02-13 22:17:32, 21, 16, 1.61573834407, 165.675909845, 494.4109375
762, 41378, 1.5, 70.0, 1581632432, 2020-02-13 22:20:32, 11, 18, -9.71811609323, 163.456180327, 498.09165625
763, 41379, 1.5, 70.0, 1581632612, 2020-02-13 22:23:32, 7, 19, -21.0344793766, 161.133615481, 503.04896875
764, 41380, 1.5, 70.0, 1581632792, 2020-02-13 22:26:32, 14, 21, -32.3232350353, 158.551025334, 508.87140625
765, 41381, 0.002, 70.0, 1581632970, 2020-02-13 22:29:30, 10, 23, -43.4430835309, 155.481210472, 514.9274375
766, 41382, 0.002, 70.0, 1581633330, 2020-02-13 22:35:30, 3, 26, -65.5955658367, 144.512022289, 525.53875
767, 41383, 0.002, 70.0, 1581633510, 2020-02-13 22:38:30, 0, 27, -75.9933199032, 129.195965115, 528.8550625
768, 41384, 0.002, 70.0, 1581633690, 2020-02-13 22:41:30, 0, 29, -82.6480893239, 74.1750552445, 530.2988125
769, 41385, 0.002, 70.0, 1581633870, 2020-02-13 22:44:30, 1, 30, -77.0001239377, 12.5742570245, 529.7244375
770, 41386, 0.002, 70.0, 1581634050, 2020-02-13 22:47:30, 0, 31, -66.7399230509, -4.61678611414, 527.2273125
771, 41387, 0.002, 70.0, 1581634230, 2020-02-13 22:50:30, 29, 31, -55.7899072089, -11.8709951344, 523.12840625
772, 41388, 0.002, 70.0, 1581634410, 2020-02-13 22:53:30, 124, 31, -44.6435165982, -16.2275305507, 517.92734375
773, 41389, 0.002, 70.0, 1581634770, 2020-02-13 22:59:30, 25, 29, -22.1374012481, -22.025162457, 506.66490625
774, 41390, 1.5, 70.0, 1581634952, 2020-02-13 23:02:32, 82, 28, -10.7079957727, -24.3888535794, 501.7435
775, 41391, 1.5, 70.0, 1581635132, 2020-02-13 23:05:32, 8, 26, 0.613766721792, -26.6111392954, 497.99765625
776, 41392, 1.5, 70.0, 1581635312, 2020-02-13 23:08:32, 34, 24, 11.9455176209, -28.8411499553, 495.5928125
777, 41393, 1.5, 70.0, 1581635492, 2020-02-13 23:11:32, 32, 22, 23.2788317262, -31.2036679927, 494.53753125
778, 41394, 1.5, 70.0, 1581635672, 2020-02-13 23:14:32, 1, 20, 34.601782727, -33.8719223728, 494.63596875
779, 41395, 1.5, 70.0, 1581635852, 2020-02-13 23:17:32, 20, 18, 45.8932636312, -37.155832929, 495.531625
780, 41396, 0.002, 70.0, 1581636210, 2020-02-13 23:23:30, 0, 13, 67.9850050647, -49.5679805363, 497.9005
781, 41397, 0.002, 70.0, 1581636390, 2020-02-13 23:26:30, 0, 11, 78.1439210763, -69.5467892899, 498.55071875
782, 41398, 0.002, 70.0, 1581636570, 2020-02-13 23:29:30, 0, 10, 82.3716442475, -138.76068882, 498.472625
783, 41399, 0.002, 70.0, 1581636750, 2020-02-13 23:32:30, 14, 9, 74.5833502927, 174.521319008, 497.61546875
784, 41400, 0.002, 70.0, 1581636930, 2020-02-13 23:35:30, 1, 9, 63.9434182088, 161.22347345, 496.12871875
785, 41401, 0.002, 70.0, 1581637110, 2020-02-13 23:38:30, 3, 9, 52.8283132795, 154.989641758, 494.33721875
786, 41402, 1.5, 70.0, 1581637292, 2020-02-13 23:41:32, 263, 9, 41.4436446894, 150.987096263, 492.66896875
787, 41403, 1.5, 70.0, 1581637472, 2020-02-13 23:44:32, 74, 11, 30.1274624061, 147.997139973, 491.64975
788, 41404, 1.5, 70.0, 1581637652, 2020-02-13 23:47:32, 28, 12, 18.7887524513, 145.474874056, 491.6978125
789, 41405, 1.5, 70.0, 1581638012, 2020-02-13 23:53:32, 13, 14, -3.89515656475, 140.965829054, 496.05628125
790, 41406, 0.002, 70.0, 1581638190, 2020-02-13 23:56:30, 0, 15, -15.0957238091, 138.738039913, 500.34209375
791, 41407, 0.002, 70.0, 1581638370, 2020-02-13 23:59:30, 0, 17, -26.4003716105, 136.315890909, 505.77128125
792, 41408, 0.002, 70.0, 1581638550, 2020-02-14 00:02:30, 0, 18, -37.6707711358, 133.527985275, 511.8111875
793, 41409, 0.002, 70.0, 1581638730, 2020-02-14 00:05:30, 7, 19, -48.8836707136, 130.004031135, 517.850375
794, 41410, 0.002, 70.0, 1581638910, 2020-02-14 00:08:30, 86, 20, -59.9827827549, 124.865679824, 523.23984375
795, 41411, 0.002, 70.0, 1581639090, 2020-02-14 00:11:30, 0, 21, -70.7825685861, 115.327935366, 527.3823125
796, 41412, 0.002, 70.0, 1581639270, 2020-02-14 00:14:30, 0, 23, -80.2538621333, 87.7517432749, 529.815125
797, 41413, 0.002, 70.0, 1581639450, 2020-02-14 00:17:30, 32, 25, -81.1789156336, 11.4335283483, 530.2745625
798, 41414, 0.002, 70.0, 1581639630, 2020-02-14 00:20:30, 35, 26, -72.1758930257, -21.7003032922, 528.732125
799, 41415, 0.002, 70.0, 1581639810, 2020-02-14 00:23:30, 39, 27, -61.4563209361, -32.3499649806, 525.3970625
800, 41416, 0.002, 70.0, 1581639990, 2020-02-14 00:26:30, 77, 28, -50.3869851044, -37.836290525, 520.68515625
801, 41417, 0.002, 70.0, 1581640170, 2020-02-14 00:29:30, 85, 28, -39.1923801883, -41.5060316373, 515.15821875
802, 41418, 0.002, 70.0, 1581640350, 2020-02-14 00:32:30, 211, 27, -27.9368841358, -44.3643223706, 509.444
803, 41419, 0.002, 70.0, 1581640530, 2020-02-14 00:35:30, 13, 26, -16.645922326, -46.8210594524, 504.148375
804, 41420, 0.002, 70.0, 1581640710, 2020-02-14 00:38:30, 0, 24, -5.33237137302, -49.0867595583, 499.7724375
805, 41421, 1.5, 70.0, 1581640892, 2020-02-14 00:41:32, 36, 22, 6.12111777628, -51.3229566621, 496.62034375
806, 41422, 1.5, 70.0, 1581641072, 2020-02-14 00:44:32, 11, 20, 17.4549309123, -53.6001075802, 494.88384375
807, 41423, 1.5, 70.0, 1581641252, 2020-02-14 00:47:32, 5, 18, 28.7851833853, -56.0841551734, 494.42665625
808, 41424, 1.5, 70.0, 1581641432, 2020-02-14 00:50:32, 27, 16, 40.0965469701, -58.9984500428, 494.96753125
809, 41425, 0.002, 70.0, 1581641610, 2020-02-14 00:53:30, 0, 14, 51.2342154293, -62.7389826507, 496.08125
810, 41426, 0.002, 70.0, 1581641790, 2020-02-14 00:56:30, 7, 12, 62.3742710397, -68.4978771392, 497.3330625
811, 41427, 0.002, 70.0, 1581641970, 2020-02-14 00:59:30, 0, 10, 73.1265529052, -80.1086113305, 498.28065625
812, 41428, 0.002, 70.0, 1581642150, 2020-02-14 01:02:30, 0, 8, 81.76478877, -118.458320345, 498.60225
813, 41429, 0.002, 70.0, 1581642330, 2020-02-14 01:05:30, 69, 7, 79.3822685237, 166.785159887, 498.1460625
