# ordinar image ID, original image ID, acquisition time [s], bias [V], UTC time [s], human-readable time, no. of nonzero pixels, heatsink temperature [deg C]latitude [deg], longitude [deg], altitude (WGS84) [km]
1, 46246, 0.004, 70.0, 1605867081, 2020-11-20 10:11:21, 0, 22, 22.632740227, 160.947219619, 500.22990625
2, 46247, 0.004, 70.0, 1605867261, 2020-11-20 10:14:21, 0, 20, 33.9351426037, 158.316695204, 501.3038125
3, 46248, 0.004, 70.0, 1605867441, 2020-11-20 10:17:21, 0, 18, 45.2055011479, 155.101697841, 502.81625
4, 46249, 0.004, 70.0, 1605867621, 2020-11-20 10:20:21, 17, 16, 56.4017214037, 150.652717522, 504.29871875
5, 46250, 0.004, 70.0, 1605867801, 2020-11-20 10:23:21, 2, 14, 67.4006072492, 143.106396679, 505.2850625
6, 46251, 0.004, 70.0, 1605867981, 2020-11-20 10:26:21, 0, 12, 77.6423256441, 124.530303875, 505.39446875
7, 46252, 0.004, 70.0, 1605868161, 2020-11-20 10:29:21, 0, 10, 82.5693030919, 58.2694502924, 504.4015
8, 46253, 0.004, 70.0, 1605868341, 2020-11-20 10:32:21, 30, 8, 75.2149583757, 7.74591177725, 502.28140625
9, 46257, 2.0, 70.0, 1605869063, 2020-11-20 10:44:23, 2, 10, 30.8479995521, -19.8722646328, 488.73178125
10, 46258, 0.004, 70.0, 1605869601, 2020-11-20 10:53:21, 0, 11, -3.10366058345, -26.8932483062, 486.966375
11, 46259, 0.004, 70.0, 1605870653, 2020-11-20 11:10:53, 3, 22, -68.7341402128, -50.0682065155, 513.54271875
12, 46260, 0.004, 70.0, 1605870833, 2020-11-20 11:13:53, 1088, 21, -78.7285442881, -71.5596323777, 516.9645625
13, 46261, 0.004, 70.0, 1605871013, 2020-11-20 11:16:53, 52, 22, -82.1985535936, -143.36280198, 518.81665625
14, 46262, 0.004, 70.0, 1605871193, 2020-11-20 11:19:53, 0, 22, -74.083038936, 173.522745351, 518.98515625
15, 46263, 0.004, 70.0, 1605871373, 2020-11-20 11:22:53, 76, 22, -63.4623338347, 160.96242362, 517.58621875
16, 46264, 0.004, 70.0, 1605871553, 2020-11-20 11:25:53, 14, 22, -52.4050157209, 154.934098659, 514.9413125
17, 46265, 0.004, 70.0, 1605871733, 2020-11-20 11:28:53, 0, 22, -41.2080680499, 151.052297249, 511.52221875
18, 46266, 0.004, 70.0, 1605871913, 2020-11-20 11:31:53, 0, 22, -29.9500619028, 148.097475452, 507.87503125
19, 46267, 0.004, 70.0, 1605872093, 2020-11-20 11:34:53, 0, 22, -18.6604439327, 145.596492405, 504.534625
20, 46268, 2.0, 70.0, 1605872275, 2020-11-20 11:37:55, 14, 21, -7.22751920234, 143.29165873, 501.92003125
21, 46269, 2.0, 70.0, 1605872455, 2020-11-20 11:40:55, 55, 19, 4.08887780506, 141.088130421, 500.3749375
22, 46270, 0.004, 70.0, 1605872633, 2020-11-20 11:43:53, 0, 17, 15.281574964, 138.867417356, 499.949625
23, 46271, 0.004, 70.0, 1605872813, 2020-11-20 11:46:53, 0, 15, 26.5940826055, 136.448505862, 500.51684375
24, 46272, 0.004, 70.0, 1605872993, 2020-11-20 11:49:53, 0, 13, 37.8881555665, 133.657512982, 501.78928125
25, 46273, 0.004, 70.0, 1605873173, 2020-11-20 11:52:53, 2, 11, 49.1394920338, 130.116005257, 503.34184375
26, 46274, 0.004, 70.0, 1605873353, 2020-11-20 11:55:53, 4, 9, 60.288932324, 124.91611394, 504.69734375
27, 46275, 0.004, 70.0, 1605873533, 2020-11-20 11:58:53, 80, 8, 71.1402246118, 115.127496635, 505.4105625
28, 46276, 0.004, 70.0, 1605874073, 2020-11-20 12:07:53, 337, 4, 71.6261925711, -22.4775071027, 501.27153125
29, 46277, 0.004, 70.0, 1605874253, 2020-11-20 12:10:53, 4, 4, 60.7826866991, -32.657603531, 497.9656875
30, 46278, 2.0, 70.0, 1605874435, 2020-11-20 12:13:55, 82, 4, 49.4894470212, -38.0273445765, 494.22409375
31, 46279, 2.0, 70.0, 1605874615, 2020-11-20 12:16:55, 52, 6, 38.2065277591, -41.6093758145, 490.67290625
32, 46280, 2.0, 70.0, 1605874795, 2020-11-20 12:19:55, 26, 7, 26.873725918, -44.4214261671, 487.83396875
33, 46281, 2.0, 70.0, 1605874975, 2020-11-20 12:22:55, 2, 9, 15.5176382545, -46.8527788509, 486.2020625
34, 46282, 0.004, 70.0, 1605875153, 2020-11-20 12:25:53, 0, 10, 4.27909174323, -49.0815412938, 486.11678125
35, 46283, 0.004, 70.0, 1605875333, 2020-11-20 12:28:53, 17, 12, -7.08447198925, -51.2909401504, 487.7193125
36, 46284, 0.004, 70.0, 1605875513, 2020-11-20 12:31:53, 28, 14, -18.4378514828, -53.5743133708, 490.9335625
37, 46285, 0.004, 70.0, 1605876359, 2020-11-20 12:45:59, 2, 21, -70.9189947846, -76.3593770616, 514.38815625
38, 46286, 0.004, 70.0, 1605876539, 2020-11-20 12:48:59, 1217, 22, -80.3949738416, -104.511149194, 517.5088125
39, 46287, 0.004, 70.0, 1605876719, 2020-11-20 12:51:59, 56, 24, -81.0917350991, 178.543822315, 519.0163125
40, 46288, 0.004, 70.0, 1605876899, 2020-11-20 12:54:59, 0, 25, -71.9704750864, 146.237123168, 518.8445625
41, 46290, 2.0, 70.0, 1605877905, 2020-11-20 13:11:45, 16, 25, -9.67512517505, 120.152644391, 502.40303125
42, 46291, 2.0, 70.0, 1605878085, 2020-11-20 13:14:45, 0, 24, 1.63990888943, 117.943105516, 500.61371875
43, 46292, 2.0, 70.0, 1605878265, 2020-11-20 13:17:45, 24, 22, 12.9585260285, 115.716135998, 499.944625
44, 46293, 2.0, 70.0, 1605878445, 2020-11-20 13:20:45, 4, 20, 24.2730904107, 113.34583496, 500.31934375
45, 46294, 0.004, 70.0, 1605878623, 2020-11-20 13:23:43, 0, 18, 35.4470083914, 110.686145637, 501.45765625
46, 46295, 0.004, 70.0, 1605878803, 2020-11-20 13:26:43, 0, 16, 46.7108406898, 107.356305473, 502.98503125
47, 46296, 0.004, 70.0, 1605878983, 2020-11-20 13:29:43, 18, 14, 57.8911670955, 102.648577098, 504.41959375
48, 46297, 0.004, 70.0, 1605879163, 2020-11-20 13:32:43, 45, 12, 68.8417635035, 94.3608392206, 505.3021875
49, 46298, 0.004, 70.0, 1605879343, 2020-11-20 13:35:43, 0, 10, 78.8408940697, 72.483531576, 505.26940625
50, 46299, 0.004, 70.0, 1605879523, 2020-11-20 13:38:43, 0, 8, 82.1282094753, -0.134980773021, 504.1209375
51, 46300, 0.004, 70.0, 1605879703, 2020-11-20 13:41:43, 1, 8, 73.8651490713, -42.3453013767, 501.8605
52, 46301, 0.004, 70.0, 1605879883, 2020-11-20 13:44:43, 266, 8, 63.1694963042, -54.6892324696, 498.7034375
53, 46302, 0.004, 70.0, 1605880063, 2020-11-20 13:47:43, 0, 9, 52.0433025628, -60.6504952179, 495.0480625
54, 46303, 0.004, 70.0, 1605880243, 2020-11-20 13:50:43, 0, 10, 40.7781281322, -64.5044157962, 491.4163125
55, 46304, 2.0, 70.0, 1605880425, 2020-11-20 13:53:45, 31, 10, 29.3275413865, -67.4761149905, 488.34415625
56, 46305, 2.0, 70.0, 1605880605, 2020-11-20 13:56:45, 1, 11, 17.9749627326, -69.9687925277, 486.4206875
57, 46306, 2.0, 70.0, 1605880785, 2020-11-20 13:59:45, 7, 11, 6.61105023359, -72.2479310308, 485.99321875
58, 46307, 0.004, 70.0, 1605881143, 2020-11-20 14:05:43, 0, 14, -15.9836227879, -76.689042972, 490.1195
59, 46308, 0.004, 70.0, 1605881323, 2020-11-20 14:08:43, 12, 16, -27.3219365917, -79.1285065055, 494.3955
60, 46309, 0.004, 70.0, 1605882247, 2020-11-20 14:24:07, 180, 26, -81.7859282055, -141.586515664, 518.00646875
61, 46310, 0.004, 70.0, 1605882427, 2020-11-20 14:27:07, 11, 28, -79.4778228701, 143.589687204, 519.14728125
62, 46311, 0.004, 70.0, 1605882607, 2020-11-20 14:30:07, 0, 29, -69.6898271115, 119.530987894, 518.624
63, 46312, 0.004, 70.0, 1605882787, 2020-11-20 14:33:07, 0, 30, -58.813304105, 110.761284548, 516.6445625
64, 46313, 0.004, 70.0, 1605882967, 2020-11-20 14:36:07, 15, 31, -47.6810178349, 105.886879066, 513.60234375
65, 46315, 0.004, 70.0, 1605883974, 2020-11-20 14:52:54, 0, 25, 15.4769627704, 91.584715663, 499.937
66, 46316, 0.004, 70.0, 1605884154, 2020-11-20 14:55:54, 0, 23, 26.7893440535, 89.161337225, 500.5084375
67, 46317, 0.004, 70.0, 1605884334, 2020-11-20 14:58:54, 0, 21, 38.0830345238, 86.3613763072, 501.7795625
68, 46318, 0.004, 70.0, 1605884514, 2020-11-20 15:01:54, 0, 18, 49.3334079345, 82.8013655991, 503.324125
69, 46319, 0.004, 70.0, 1605884694, 2020-11-20 15:04:54, 0, 16, 60.4802322623, 77.5574537135, 504.66509375
70, 46320, 0.004, 70.0, 1605884874, 2020-11-20 15:07:54, 48, 14, 71.3223720965, 67.6287355675, 505.35875
71, 46321, 0.004, 70.0, 1605885054, 2020-11-20 15:10:54, 0, 12, 80.6961578632, 37.7760209358, 505.0746875
72, 46322, 0.004, 70.0, 1605885414, 2020-11-20 15:16:54, 5, 9, 71.4438265203, -69.9850825289, 501.16190625
73, 46323, 0.004, 70.0, 1605885954, 2020-11-20 15:25:54, 4, 10, 38.1352000936, -88.8716825627, 490.61159375
74, 46324, 2.0, 70.0, 1605886136, 2020-11-20 15:28:56, 55, 12, 26.6759816963, -91.7090319361, 487.76275
75, 46325, 2.0, 70.0, 1605886316, 2020-11-20 15:31:56, 56, 13, 15.3195525233, -94.1358664497, 486.16596875
76, 46326, 2.0, 70.0, 1605886496, 2020-11-20 15:34:56, 42, 15, 3.95461677656, -96.3874041584, 486.129375
77, 46327, 0.004, 70.0, 1605886674, 2020-11-20 15:37:54, 0, 17, -7.28257223459, -98.5724909566, 487.7640625
78, 46328, 0.004, 70.0, 1605886854, 2020-11-20 15:40:54, 0, 18, -18.6356640064, -100.858295724, 491.01559375
79, 46329, 0.004, 70.0, 1605887624, 2020-11-20 15:53:44, 0, 24, -66.593948248, -118.783382708, 512.7754375
80, 46330, 0.004, 70.0, 1605887804, 2020-11-20 15:56:44, 38, 26, -76.9198555546, -135.751102567, 516.4820625
81, 46331, 0.004, 70.0, 1605888164, 2020-11-20 16:02:44, 0, 30, -76.0556590398, 107.16662429, 519.166
82, 46332, 0.004, 70.0, 1605888344, 2020-11-20 16:05:44, 0, 31, -65.6294230844, 91.8085136413, 518.0550625
83, 46333, 0.004, 70.0, 1605888524, 2020-11-20 16:08:44, 20, 31, -54.6212037855, 85.0338744007, 515.616875
84, 46334, 0.004, 70.0, 1605888704, 2020-11-20 16:11:44, 3, 31, -43.4431996441, 80.8642556488, 512.29915625
85, 46335, 0.004, 70.0, 1605888884, 2020-11-20 16:14:44, 0, 31, -32.1943732713, 77.7751455027, 508.64021875
86, 46336, 2.0, 70.0, 1605889066, 2020-11-20 16:17:46, 30, 31, -20.784260519, 75.1801790525, 505.14915625
87, 46337, 2.0, 70.0, 1605889246, 2020-11-20 16:20:46, 8, 29, -9.47968443462, 72.8711174906, 502.3735
88, 46338, 2.0, 70.0, 1605889426, 2020-11-20 16:23:46, 14, 27, 1.83545197598, 70.6622684643, 500.591625
89, 46339, 2.0, 70.0, 1605889606, 2020-11-20 16:26:46, 2, 25, 13.1540888585, 68.4339533988, 499.93028125
90, 46340, 2.0, 70.0, 1605889786, 2020-11-20 16:29:46, 15, 23, 24.4685601795, 66.0598411153, 500.31015625
91, 46341, 2.0, 70.0, 1605889966, 2020-11-20 16:32:46, 30, 21, 35.7675696597, 63.3597102424, 501.46421875
92, 46342, 0.004, 70.0, 1605890144, 2020-11-20 16:35:44, 0, 19, 46.9052142132, 60.0469182312, 502.96940625
93, 46343, 0.004, 70.0, 1605890324, 2020-11-20 16:38:44, 0, 16, 58.0834574112, 55.3033450231, 504.3908125
94, 46344, 0.004, 70.0, 1605890504, 2020-11-20 16:41:44, 18, 14, 69.0273192527, 46.9102480626, 505.2548125
95, 46345, 0.004, 70.0, 1605890684, 2020-11-20 16:44:44, 0, 12, 78.9900927219, 24.5459052416, 505.2005
96, 46346, 0.004, 70.0, 1605891224, 2020-11-20 16:53:44, 34, 8, 62.9780802528, -102.06842766, 498.5874375
97, 46347, 0.004, 70.0, 1605891404, 2020-11-20 16:56:44, 12, 8, 51.8479557375, -107.972962272, 494.93328125
98, 46348, 0.004, 70.0, 1605891584, 2020-11-20 16:59:44, 2, 9, 40.5811454766, -111.804302245, 491.31434375
99, 46349, 0.004, 70.0, 1605891764, 2020-11-20 17:02:44, 0, 10, 29.2557731738, -114.735689663, 488.29475
100, 46350, 2.0, 70.0, 1605891946, 2020-11-20 17:05:46, 26, 12, 17.7767608882, -117.252614372, 486.3766875
101, 46351, 2.0, 70.0, 1605892126, 2020-11-20 17:08:46, 12, 13, 6.4126989788, -119.529444271, 485.98878125
102, 46352, 2.0, 70.0, 1605892306, 2020-11-20 17:11:46, 22, 15, -4.951806466, -121.738313788, 487.28928125
103, 46353, 0.004, 70.0, 1605892484, 2020-11-20 17:14:44, 0, 17, -16.1816794908, -123.972304741, 490.194375
104, 46354, 0.004, 70.0, 1605893201, 2020-11-20 17:26:41, 3, 22, -61.0114024136, -138.18188493, 510.43153125
105, 46355, 0.004, 70.0, 1605893381, 2020-11-20 17:29:41, 49, 24, -71.8032993763, -148.484528612, 514.7865
106, 46356, 0.004, 70.0, 1605893561, 2020-11-20 17:32:41, 5, 26, -80.9906551296, 179.880886486, 517.78340625
107, 46357, 0.004, 70.0, 1605893741, 2020-11-20 17:35:41, 0, 28, -80.5077266044, 102.83062213, 519.1493125
108, 46358, 0.004, 70.0, 1605893921, 2020-11-20 17:38:41, 1, 30, -71.0894831364, 74.0932978802, 518.83765625
109, 46359, 0.004, 70.0, 1605894101, 2020-11-20 17:41:41, 26, 31, -60.2771434175, 64.3651892202, 517.02825
110, 46360, 0.004, 70.0, 1605894281, 2020-11-20 17:44:41, 0, 32, -49.1652520923, 59.1793817539, 514.0933125
111, 46361, 0.004, 70.0, 1605894461, 2020-11-20 17:47:41, 0, 31, -37.9460824008, 55.642054104, 510.5350625
112, 46363, 0.004, 70.0, 1605895312, 2020-11-20 18:01:52, 0, 24, 15.4840678747, 44.3404303689, 499.9220625
113, 46364, 0.004, 70.0, 1605895492, 2020-11-20 18:04:52, 0, 22, 26.7965072144, 41.9168845913, 500.483125
114, 46365, 0.004, 70.0, 1605895672, 2020-11-20 18:07:52, 0, 20, 38.0902779395, 39.1165650885, 501.744625
115, 46366, 0.004, 70.0, 1605895852, 2020-11-20 18:10:52, 0, 18, 49.3407401426, 35.5558235501, 503.28059375
116, 46367, 0.004, 70.0, 1605896030, 2020-11-20 18:13:50, 0, 15, 60.364788405, 30.3846975755, 504.6023125
117, 46368, 0.004, 70.0, 1605896212, 2020-11-20 18:16:52, 13, 13, 71.3295506253, 20.3757503199, 505.30246875
118, 46369, 0.004, 70.0, 1605896392, 2020-11-20 18:19:52, 0, 11, 80.7011234107, -9.50622654973, 505.0148125
119, 46370, 0.004, 70.0, 1605896572, 2020-11-20 18:22:52, 0, 10, 80.7783455294, -86.8861670618, 503.5965
120, 46371, 0.004, 70.0, 1605896752, 2020-11-20 18:25:52, 0, 8, 71.4361015764, -117.238926673, 501.101625
121, 46372, 0.004, 70.0, 1605896932, 2020-11-20 18:28:52, 59, 8, 60.5818996281, -127.266737203, 497.7920625
122, 46374, 0.004, 70.0, 1605897808, 2020-11-20 18:43:28, 0, 22, 5.58724585828, -143.312040014, 486.02025
123, 46375, 0.004, 70.0, 1605897988, 2020-11-20 18:46:28, 0, 20, -5.77694539783, -145.520636324, 487.45028125
124, 46376, 0.004, 70.0, 1605898897, 2020-11-20 19:01:37, 30, 21, -62.6653805322, -162.895107608, 511.180875
125, 46377, 0.004, 70.0, 1605899077, 2020-11-20 19:04:37, 58, 22, -73.3572698651, -174.653811017, 515.35946875
126, 46378, 0.004, 70.0, 1605899257, 2020-11-20 19:07:37, 0, 24, -81.8770019479, 146.263337434, 518.1244375
127, 46379, 0.004, 70.0, 1605899437, 2020-11-20 19:10:37, 0, 25, -79.3315611993, 71.9536318399, 519.23540625
128, 46380, 0.004, 70.0, 1605899617, 2020-11-20 19:13:37, 65, 26, -69.5018876263, 48.4428844556, 518.68071875
129, 46381, 0.004, 70.0, 1605899797, 2020-11-20 19:16:37, 21, 27, -58.6179197136, 39.7890108726, 516.67215625
130, 46382, 0.004, 70.0, 1605899977, 2020-11-20 19:19:37, 19, 27, -47.4833487452, 34.9532949975, 513.6060625
131, 46383, 0.004, 70.0, 1605900157, 2020-11-20 19:22:37, 2, 28, -36.2543913927, 31.5660368489, 509.99771875
132, 46384, 0.004, 70.0, 1605900517, 2020-11-20 19:28:37, 0, 26, -13.68187892, 26.4675977474, 503.31621875
133, 46385, 2.0, 70.0, 1605900699, 2020-11-20 19:31:39, 3, 25, -2.24409088147, 24.2119004535, 501.1096875
134, 46386, 2.0, 70.0, 1605900879, 2020-11-20 19:34:39, 0, 23, 9.07409243383, 22.0039871631, 500.031375
135, 46387, 2.0, 70.0, 1605901059, 2020-11-20 19:37:39, 26, 21, 20.3911404436, 19.6990988468, 500.046375
136, 46388, 2.0, 70.0, 1605901239, 2020-11-20 19:40:39, 15, 19, 31.6975248206, 17.1435682013, 500.95171875
137, 46389, 2.0, 70.0, 1605901420, 2020-11-20 19:43:40, 11, 17, 43.0393408039, 14.0598026782, 502.3933125
138, 46390, 0.004, 70.0, 1605901597, 2020-11-20 19:46:37, 0, 15, 54.069700161, 10.0156536476, 503.87225
139, 46391, 0.004, 70.0, 1605901777, 2020-11-20 19:49:37, 2, 13, 65.1302045581, 3.41321030612, 504.979375
140, 46392, 0.004, 70.0, 1605902137, 2020-11-20 19:55:37, 0, 9, 82.6488611353, -64.6227556537, 504.52528125
141, 46393, 0.004, 70.0, 1605902317, 2020-11-20 19:58:37, 0, 7, 77.2376915774, -128.430615098, 502.6331875
142, 46394, 0.004, 70.0, 1605902497, 2020-11-20 20:01:37, 924, 6, 66.9168044598, -146.10035546, 499.7523125
143, 46395, 2.0, 70.0, 1605903508, 2020-11-20 20:18:28, 25, 21, 3.62513528123, -167.315524076, 486.14065625
144, 46396, 2.0, 70.0, 1605903688, 2020-11-20 20:21:28, 0, 19, -7.73810657858, -169.525909895, 487.8693125
145, 46397, 0.004, 70.0, 1605904464, 2020-11-20 20:34:24, 11, 16, -56.4061781022, 177.132992101, 508.37034375
146, 46398, 0.004, 70.0, 1605904644, 2020-11-20 20:37:24, 840, 16, -67.3860999274, 169.601765976, 513.16796875
147, 46399, 0.004, 70.0, 1605904824, 2020-11-20 20:40:24, 12, 18, -77.6040219433, 151.143767142, 516.77859375
148, 46400, 0.004, 70.0, 1605905004, 2020-11-20 20:43:24, 0, 18, -82.5862897723, 85.4408648827, 518.84325
149, 46401, 0.004, 70.0, 1605905184, 2020-11-20 20:46:24, 6, 18, -75.338851177, 34.5089946071, 519.2191875
150, 46402, 0.004, 70.0, 1605905364, 2020-11-20 20:49:24, 105, 18, -64.8335489519, 20.2855115681, 517.9943125
151, 46403, 0.004, 70.0, 1605905544, 2020-11-20 20:52:24, 6, 19, -53.8063007459, 13.8049375845, 515.4670625
152, 46404, 0.004, 70.0, 1605905724, 2020-11-20 20:55:24, 28, 19, -42.6212546795, 9.74691302454, 512.09475
153, 46405, 0.004, 70.0, 1605905904, 2020-11-20 20:58:24, 106, 19, -31.369153231, 6.70946386801, 508.41953125
154, 46406, 0.004, 70.0, 1605906084, 2020-11-20 21:01:24, 1, 19, -20.0828171668, 4.16708176349, 504.98334375
155, 46407, 0.004, 70.0, 1605906264, 2020-11-20 21:04:24, 0, 18, -8.77743255878, 1.86815193352, 502.24540625
156, 46408, 2.0, 70.0, 1605906446, 2020-11-20 21:07:26, 39, 16, 2.66385979365, -0.362998114036, 500.501375
157, 46409, 2.0, 70.0, 1605906626, 2020-11-20 21:10:26, 0, 15, 13.9825122576, -2.59737430539, 499.90421875
158, 46410, 2.0, 70.0, 1605906806, 2020-11-20 21:13:26, 7, 13, 25.2963978898, -4.98819259125, 500.335375
159, 46411, 2.0, 70.0, 1605906988, 2020-11-20 21:16:28, 23, 11, 36.7191413694, -7.75572675909, 501.5321875
160, 46412, 2.0, 70.0, 1605907166, 2020-11-20 21:19:26, 79, 10, 47.8523667906, -11.1473972099, 503.0343125
161, 46413, 0.004, 70.0, 1605907344, 2020-11-20 21:22:24, 0, 8, 58.8962430921, -16.005038846, 504.402
162, 46414, 0.004, 70.0, 1605907524, 2020-11-20 21:25:24, 12, 6, 69.8092871201, -24.8701582271, 505.2015
163, 46415, 0.004, 70.0, 1605907704, 2020-11-20 21:28:24, 0, 4, 79.602494313, -49.4640353024, 505.0651875
164, 46416, 0.004, 70.0, 1605907884, 2020-11-20 21:31:24, 0, 2, 81.6818088018, -124.976697718, 503.81028125
165, 46417, 0.004, 70.0, 1605908064, 2020-11-20 21:34:24, 920, 2, 72.9338186272, -162.137803553, 501.4600625
166, 46418, 0.004, 70.0, 1605908244, 2020-11-20 21:37:24, 1, 1, 62.1696385721, -173.490643462, 498.24803125
167, 46419, 2.0, 70.0, 1605909131, 2020-11-20 21:52:11, 51, 1, 6.524978751, 169.628485676, 485.9675625
168, 46420, 2.0, 70.0, 1605909311, 2020-11-20 21:55:11, 18, 3, -4.8395915806, 167.419520536, 487.26846875
169, 46421, 2.0, 70.0, 1605909491, 2020-11-20 21:58:11, 0, 6, -16.1956591805, 165.160790638, 490.216375
170, 46422, 2.0, 70.0, 1605909671, 2020-11-20 22:01:11, 4, 9, -27.5333787578, 162.716320576, 494.5415625
171, 46423, 0.004, 70.0, 1605909849, 2020-11-20 22:04:09, 0, 12, -38.713239003, 159.913251922, 499.719875
172, 46424, 0.004, 70.0, 1605910029, 2020-11-20 22:07:09, 2, 14, -49.9604227153, 156.291639738, 505.28165625
173, 46425, 0.004, 70.0, 1605910209, 2020-11-20 22:10:09, 987, 17, -61.0855919284, 150.907374295, 510.535875
174, 46426, 0.004, 70.0, 1605911119, 2020-11-20 22:25:19, 7, 23, -59.5916997835, -6.90384849044, 516.94784375
175, 46427, 0.004, 70.0, 1605911299, 2020-11-20 22:28:19, 79, 23, -48.4702291179, -11.9387147525, 513.94921875
176, 46428, 0.004, 70.0, 1605911479, 2020-11-20 22:31:19, 298, 24, -37.2470501054, -15.4118796054, 510.35840625
177, 46429, 0.004, 70.0, 1605911659, 2020-11-20 22:34:19, 36, 23, -25.9760375706, -18.170241256, 506.728375
178, 46430, 0.004, 70.0, 1605911839, 2020-11-20 22:37:19, 1, 22, -14.6792649774, -20.5732281642, 503.57134375
179, 46431, 2.0, 70.0, 1605912021, 2020-11-20 22:40:21, 4, 21, -3.24238876911, -22.8367306568, 501.26234375
180, 46432, 2.0, 70.0, 1605912201, 2020-11-20 22:43:21, 22, 19, 8.07554439052, -25.0419784659, 500.07275
181, 46433, 2.0, 70.0, 1605912381, 2020-11-20 22:46:21, 16, 18, 19.3930636834, -27.3329827151, 499.9855
182, 46434, 2.0, 70.0, 1605912561, 2020-11-20 22:49:21, 2, 16, 30.7009797302, -29.8582983113, 500.81434375
183, 46435, 2.0, 70.0, 1605912741, 2020-11-20 22:52:21, 22, 14, 41.9837623885, -32.8624067532, 502.20890625
184, 46436, 0.004, 70.0, 1605912919, 2020-11-20 22:55:19, 0, 12, 53.084575147, -36.7979480921, 503.70140625
185, 46437, 0.004, 70.0, 1605913099, 2020-11-20 22:58:19, 121, 10, 64.1667858852, -43.0649847491, 504.85521875
186, 46438, 0.004, 70.0, 1605913279, 2020-11-20 23:01:19, 0, 8, 74.7704496646, -56.5200680915, 505.23990625
187, 46439, 0.004, 70.0, 1605913459, 2020-11-20 23:04:19, 0, 6, 82.4528483665, -104.156416489, 504.57840625
188, 46440, 0.004, 70.0, 1605913639, 2020-11-20 23:07:19, 96, 4, 78.0501972206, -172.805807715, 502.7838125
189, 46441, 0.004, 70.0, 1605913819, 2020-11-20 23:10:19, 29, 4, 67.8698207546, 167.590398209, 499.9815625
190, 46442, 0.004, 70.0, 1605913999, 2020-11-20 23:13:19, 2, 4, 56.8642925501, 159.807261047, 496.4965
191, 46443, 0.004, 70.0, 1605914179, 2020-11-20 23:16:19, 0, 4, 45.643329934, 155.27351808, 492.80578125
192, 46444, 0.004, 70.0, 1605914359, 2020-11-20 23:19:19, 0, 4, 34.3385267459, 152.019465696, 489.46559375
193, 46445, 2.0, 70.0, 1605914721, 2020-11-20 23:25:21, 10, 7, 11.508344533, 146.990124203, 485.92771875
194, 46447, 0.004, 70.0, 1605916298, 2020-11-20 23:51:38, 1, 20, -82.572772828, 60.0243922673, 518.54975
195, 46448, 0.004, 70.0, 1605917321, 2020-11-21 00:08:41, 160, 27, -26.4109823093, -41.693486179, 506.87521875
196, 46449, 0.004, 70.0, 1605917501, 2020-11-21 00:11:41, 17, 26, -15.1149866501, -44.1059943709, 503.686375
197, 46450, 0.004, 70.0, 1605917681, 2020-11-21 00:14:41, 0, 25, -3.80425741908, -46.3487313808, 501.35253125
198, 46451, 2.0, 70.0, 1605917863, 2020-11-21 00:17:43, 15, 23, 7.63927544885, -48.5775826162, 500.09353125
199, 46452, 2.0, 70.0, 1605918043, 2020-11-21 00:20:43, 8, 21, 18.9569800106, -50.8628751197, 499.96040625
200, 46453, 2.0, 70.0, 1605918223, 2020-11-21 00:23:43, 1, 19, 30.265531265, -53.3755616961, 500.75425
201, 46454, 0.004, 70.0, 1605918401, 2020-11-21 00:26:41, 0, 17, 41.4246191975, -56.3173890581, 502.1133125
202, 46455, 0.004, 70.0, 1605918581, 2020-11-21 00:29:41, 0, 15, 52.6538668331, -60.237009226, 503.62315625
203, 46456, 0.004, 70.0, 1605918761, 2020-11-21 00:32:41, 1, 13, 63.7449055908, -66.367384043, 504.79590625
204, 46457, 0.004, 70.0, 1605918941, 2020-11-21 00:35:41, 0, 11, 74.3830686557, -79.3215891231, 505.2143125
205, 46458, 0.004, 70.0, 1605919121, 2020-11-21 00:38:41, 0, 9, 82.3272548481, -124.557009915, 504.59509375
206, 46459, 0.004, 70.0, 1605919301, 2020-11-21 00:41:41, 109, 7, 78.3955657359, 164.945284509, 502.84328125
207, 46460, 0.004, 70.0, 1605919481, 2020-11-21 00:44:41, 68, 6, 68.2845976522, 144.399419791, 500.07625
208, 46461, 0.004, 70.0, 1605919661, 2020-11-21 00:47:41, 3, 6, 57.293156713, 136.404259896, 496.61178125
209, 46462, 0.004, 70.0, 1605919841, 2020-11-21 00:50:41, 0, 7, 46.0769888896, 131.796436698, 492.9223125
210, 46463, 0.004, 70.0, 1605920021, 2020-11-21 00:53:41, 0, 9, 34.7742552488, 128.509476462, 489.562375
211, 46464, 2.0, 70.0, 1605920203, 2020-11-21 00:56:43, 14, 11, 23.3057887753, 125.814229175, 487.0606875
212, 46465, 2.0, 70.0, 1605920383, 2020-11-21 00:59:43, 39, 12, 11.9453989464, 123.455983421, 485.9320625
213, 46466, 2.0, 70.0, 1605920563, 2020-11-21 01:02:43, 19, 14, 0.57986379719, 121.229328091, 486.429875
214, 46467, 0.004, 70.0, 1605920741, 2020-11-21 01:05:41, 0, 15, -10.6551881652, 119.034351179, 488.59053125
215, 46468, 0.004, 70.0, 1605948495, 2020-11-21 08:48:15, 0, 3, 26.6217380414, 8.44413128016, 487.576625
216, 46469, 0.004, 70.0, 1605948675, 2020-11-21 08:51:15, 0, 4, 15.2647624533, 6.0184655826, 486.043625
217, 46470, 0.004, 70.0, 1605948855, 2020-11-21 08:54:15, 0, 6, 3.89953130091, 3.76738720417, 486.0763125
218, 46471, 0.004, 70.0, 1605949035, 2020-11-21 08:57:15, 0, 8, -7.46392144099, 1.557455913, 487.80990625
219, 46472, 0.004, 70.0, 1605949215, 2020-11-21 09:00:15, 4, 10, -18.8166366986, -0.730591558001, 491.147375
220, 46473, 0.004, 70.0, 1605949395, 2020-11-21 09:03:15, 14, 12, -30.1481681246, -3.24319537176, 495.7684375
221, 46474, 0.004, 70.0, 1605949575, 2020-11-21 09:06:15, 147, 13, -41.4425416139, -6.21761810396, 501.1721875
222, 46475, 0.004, 70.0, 1605949755, 2020-11-21 09:09:15, 13, 14, -52.6681146077, -10.1381624818, 506.74709375
223, 46477, 0.004, 70.0, 1605950599, 2020-11-21 09:23:19, 1, 19, -71.7450720136, -161.179855862, 519.17365625
224, 46478, 0.004, 70.0, 1605950779, 2020-11-21 09:26:19, 54, 21, -60.968269769, -171.423978484, 517.4311875
225, 46479, 0.004, 70.0, 1605950959, 2020-11-21 09:29:19, 0, 23, -49.8676960672, -176.771456527, 514.52490625
226, 46480, 0.004, 70.0, 1605951139, 2020-11-21 09:32:19, 0, 24, -38.6536660931, 179.623306392, 510.9521875
227, 46481, 2.0, 70.0, 1605951321, 2020-11-21 09:35:21, 36, 24, -27.2620990119, 176.772016603, 507.22646875
228, 46482, 2.0, 70.0, 1605951501, 2020-11-21 09:38:21, 0, 24, -15.967848466, 174.340086768, 503.95709375
229, 46483, 2.0, 70.0, 1605951681, 2020-11-21 09:41:21, 40, 22, -4.65807247324, 172.089566758, 501.51540625
230, 46484, 2.0, 70.0, 1605951861, 2020-11-21 09:44:21, 35, 20, 6.65937681017, 169.886557543, 500.144625
231, 46485, 0.004, 70.0, 1605952039, 2020-11-21 09:47:19, 0, 18, 17.8517546577, 167.639452627, 499.88325
232, 46486, 0.004, 70.0, 1605952219, 2020-11-21 09:50:19, 0, 16, 29.1619195444, 165.15723894, 500.56696875
233, 46487, 0.004, 70.0, 1605952399, 2020-11-21 09:53:19, 1, 14, 40.4498282596, 162.239300164, 501.875125
234, 46488, 0.004, 70.0, 1605952579, 2020-11-21 09:56:19, 4, 12, 51.6863295561, 158.433436797, 503.3663125
235, 46489, 0.004, 70.0, 1605952759, 2020-11-21 09:59:19, 0, 9, 62.7961376737, 152.589909435, 504.565375
236, 46490, 0.004, 70.0, 1605952939, 2020-11-21 10:02:19, 96, 7, 73.5045014228, 140.656926918, 505.0476875
237, 46491, 0.004, 70.0, 1605953119, 2020-11-21 10:05:19, 0, 5, 81.9648313504, 100.517558077, 504.51625
238, 46492, 0.004, 70.0, 1605953299, 2020-11-21 10:08:19, 12, 4, 79.144953601, 26.5950251716, 502.85884375
239, 46493, 0.004, 70.0, 1605953661, 2020-11-21 10:14:21, 0, 5, 58.1291786974, -4.8845124541, 496.7245625
240, 46494, 2.0, 70.0, 1605953841, 2020-11-21 10:17:21, 32, 6, 46.922538988, -9.64470351249, 493.05103125
241, 46495, 2.0, 70.0, 1605954021, 2020-11-21 10:20:21, 7, 8, 35.6237224607, -12.9986397295, 489.66996875
242, 46496, 2.0, 70.0, 1605954201, 2020-11-21 10:23:21, 12, 10, 24.2831120058, -15.6993964184, 487.1335
243, 46497, 2.0, 70.0, 1605954381, 2020-11-21 10:26:21, 0, 11, 12.9234333703, -18.0759658625, 485.90671875
244, 46498, 0.004, 70.0, 1605954559, 2020-11-21 10:29:19, 0, 13, 1.68408601937, -20.2842240775, 486.2783125
245, 46499, 0.004, 70.0, 1605954739, 2020-11-21 10:32:19, 0, 14, -9.67798190167, -22.4997888873, 488.34525
246, 46500, 0.004, 70.0, 1605955463, 2020-11-21 10:44:23, 96, 20, -55.0903694795, -34.8289821395, 507.9401875
247, 46501, 0.004, 70.0, 1605955643, 2020-11-21 10:47:23, 0, 23, -66.1073792319, -41.801153866, 512.8735625
248, 46502, 0.004, 70.0, 1605956003, 2020-11-21 10:53:23, 17, 27, -82.7101552529, -116.536796887, 518.9340625
249, 46503, 0.004, 70.0, 1605956183, 2020-11-21 10:56:23, 1, 29, -76.4911860521, -175.093716181, 519.5085
250, 46504, 0.004, 70.0, 1605956363, 2020-11-21 10:59:23, 1, 30, -66.1203156102, 168.778509615, 518.45009375
251, 46505, 0.004, 70.0, 1605956543, 2020-11-21 11:02:23, 8, 31, -55.1258284066, 161.809899832, 516.03478125
252, 46506, 0.004, 70.0, 1605957513, 2020-11-21 11:18:33, 0, 37, 5.59489865835, 146.473502354, 500.221375
253, 46507, 0.004, 70.0, 1605957693, 2020-11-21 11:21:33, 0, 32, 16.9132917885, 144.212217966, 499.8564375
254, 46508, 0.004, 70.0, 1605957873, 2020-11-21 11:24:33, 0, 27, 28.2245870715, 141.754306091, 500.46625
255, 46509, 0.004, 70.0, 1605958053, 2020-11-21 11:27:33, 0, 23, 39.5151988341, 138.884984603, 501.7335625
256, 46510, 0.004, 70.0, 1605958233, 2020-11-21 11:30:33, 6, 20, 50.7578712065, 135.181027658, 503.22371875
257, 46511, 0.004, 70.0, 1605958413, 2020-11-21 11:33:33, 2, 17, 61.8837541743, 129.589384011, 504.46125
258, 46512, 0.004, 70.0, 1605958593, 2020-11-21 11:36:33, 20, 14, 72.6506048333, 118.51987401, 505.01434375
259, 46513, 0.004, 70.0, 1605958773, 2020-11-21 11:39:33, 0, 12, 81.5230478847, 82.8136121282, 504.573
260, 46514, 0.004, 70.0, 1605958953, 2020-11-21 11:42:33, 0, 10, 79.8266747819, 6.66016825834, 503.00821875
261, 46515, 2.0, 70.0, 1605959495, 2020-11-21 11:51:35, 8, 8, 47.8556794323, -32.9408378154, 493.32934375
262, 46516, 2.0, 70.0, 1605959675, 2020-11-21 11:54:35, 7, 9, 36.5618933393, -36.3731786276, 489.90671875
263, 46517, 2.0, 70.0, 1605959855, 2020-11-21 11:57:35, 22, 10, 25.2236256393, -39.1123952581, 487.28578125
264, 46518, 2.0, 70.0, 1605960035, 2020-11-21 12:00:35, 8, 11, 13.8649160369, -41.5077869959, 485.94178125
265, 46519, 0.004, 70.0, 1605960213, 2020-11-21 12:03:33, 0, 12, 2.62565769186, -43.7227490415, 486.1805625
266, 46520, 0.004, 70.0, 1605960393, 2020-11-21 12:06:33, 0, 13, -8.73703796626, -45.9353785776, 488.1145625
267, 46521, 0.004, 70.0, 1605960573, 2020-11-21 12:09:33, 97, 13, -20.0879124879, -48.2403386108, 491.62684375
268, 46522, 0.004, 70.0, 1605960753, 2020-11-21 12:12:33, 175, 14, -31.4161585929, -50.7902599635, 496.37365625
269, 46523, 0.004, 70.0, 1605961113, 2020-11-21 12:18:33, 101, 16, -53.9189886219, -57.9195601918, 507.39903125
270, 46524, 0.004, 70.0, 1605961293, 2020-11-21 12:21:33, 14, 18, -64.9654194142, -64.4554774908, 512.42578125
271, 46525, 0.004, 70.0, 1605961473, 2020-11-21 12:24:33, 13, 20, -75.4704279412, -78.8858435447, 516.36096875
272, 46526, 0.004, 70.0, 1605961653, 2020-11-21 12:27:33, 21, 22, -82.6132075478, -130.715463639, 518.802125
273, 46527, 0.004, 70.0, 1605961833, 2020-11-21 12:30:33, 0, 23, -77.4806414061, 164.367696393, 519.5553125
274, 46528, 0.004, 70.0, 1605962013, 2020-11-21 12:33:33, 0, 23, -67.2551105595, 146.207316222, 518.65740625
275, 46529, 0.004, 70.0, 1605962193, 2020-11-21 12:36:33, 0, 24, -56.2931043205, 138.746482027, 516.36365625
276, 46530, 0.004, 70.0, 1605962553, 2020-11-21 12:42:33, 2, 23, -33.8920987516, 131.12058948, 509.40521875
277, 46531, 0.004, 70.0, 1605962733, 2020-11-21 12:45:33, 0, 23, -22.6122223388, 128.494996461, 505.8230625
278, 46532, 0.004, 70.0, 1605962913, 2020-11-21 12:48:33, 0, 22, -11.3105055423, 126.156858784, 502.8421875
279, 46533, 2.0, 70.0, 1605963095, 2020-11-21 12:51:35, 36, 20, 0.129010213852, 123.915873718, 500.795375
280, 46534, 2.0, 70.0, 1605963275, 2020-11-21 12:54:35, 12, 19, 11.4476574484, 121.697974691, 499.89065625
281, 46535, 2.0, 70.0, 1605963455, 2020-11-21 12:57:35, 31, 17, 22.7636783685, 119.355301768, 500.054125
282, 46536, 0.004, 70.0, 1605963633, 2020-11-21 13:00:33, 0, 15, 33.9411190192, 116.751701959, 501.0331875
283, 46537, 0.004, 70.0, 1605963813, 2020-11-21 13:03:33, 1, 13, 45.2124576956, 113.536021577, 502.4676875
284, 46538, 0.004, 70.0, 1605963993, 2020-11-21 13:06:33, 1, 11, 56.4098322534, 109.085388352, 503.885125
285, 46539, 0.004, 70.0, 1605964173, 2020-11-21 13:09:33, 46, 9, 67.4098484952, 101.534101961, 504.82171875
286, 46540, 0.004, 70.0, 1605964353, 2020-11-21 13:12:33, 0, 7, 77.6514985882, 82.9348616464, 504.8985625
287, 46541, 0.004, 70.0, 1605964533, 2020-11-21 13:15:33, 0, 5, 82.5667690917, 16.6065582382, 503.8915625
288, 46542, 0.004, 70.0, 1605964713, 2020-11-21 13:18:33, 0, 4, 75.2021722616, -33.8466506728, 501.77659375
289, 46543, 0.004, 70.0, 1605964893, 2020-11-21 13:21:33, 223, 5, 64.6245793143, -47.9129300779, 498.741625
290, 46544, 0.004, 70.0, 1605965073, 2020-11-21 13:24:33, 0, 6, 53.528213009, -54.3440278788, 495.16275
291, 46545, 0.004, 70.0, 1605965253, 2020-11-21 13:27:33, 0, 7, 42.2739054093, -58.3813083004, 491.5485
292, 46546, 2.0, 70.0, 1605965425, 2020-11-21 13:30:25, 34, 13, 31.457829577, -61.287628924, 488.57925
293, 46547, 2.0, 70.0, 1605965615, 2020-11-21 13:33:35, 34, 14, 19.4771296517, -63.9748985507, 486.410875
294, 46548, 2.0, 70.0, 1605965795, 2020-11-21 13:36:35, 19, 14, 8.11356890739, -66.2730454702, 485.85215625
295, 46549, 0.004, 70.0, 1605965973, 2020-11-21 13:39:33, 0, 15, -3.12535753312, -68.4599081176, 486.94934375
296, 46550, 0.004, 70.0, 1605966153, 2020-11-21 13:42:33, 27, 16, -14.4832283029, -70.7033042408, 489.71771875
297, 46551, 0.004, 70.0, 1605966333, 2020-11-21 13:45:33, 15, 17, -25.8242161258, -73.1090334699, 493.91540625
298, 46552, 0.004, 70.0, 1605967185, 2020-11-21 13:59:45, 2431, 25, -77.7496893877, -109.207389191, 517.11975
299, 46553, 0.004, 70.0, 1605968197, 2020-11-21 14:16:37, 1, 33, -35.4514377691, 107.89922355, 509.93821875
300, 46554, 0.004, 70.0, 1605968377, 2020-11-21 14:19:37, 0, 33, -24.1757397245, 105.215348527, 506.30384375
301, 46555, 0.004, 70.0, 1605969487, 2020-11-21 14:38:07, 0, 18, 45.5296106994, 89.8106286678, 502.488125
302, 46556, 0.004, 70.0, 1605969667, 2020-11-21 14:41:07, 1, 16, 56.7238570306, 85.3080108732, 503.89459375
303, 46557, 0.004, 70.0, 1605969847, 2020-11-21 14:44:07, 29, 14, 67.7144271208, 77.6103193777, 504.809
304, 46558, 0.004, 70.0, 1605970027, 2020-11-21 14:47:07, 0, 12, 77.910157852, 58.3767730548, 504.85596875
305, 46559, 0.004, 70.0, 1605970207, 2020-11-21 14:50:07, 0, 10, 82.4970465206, -9.46606930629, 503.816625
306, 46560, 0.004, 70.0, 1605970387, 2020-11-21 14:53:07, 0, 9, 74.9204474489, -58.1071991487, 501.6729375
307, 46561, 0.004, 70.0, 1605970567, 2020-11-21 14:56:07, 485, 9, 64.3150829524, -71.7766479782, 498.6185
308, 46562, 0.004, 70.0, 1605970747, 2020-11-21 14:59:07, 213, 10, 53.2116200806, -78.1020042054, 495.034125
309, 46563, 0.004, 70.0, 1605970927, 2020-11-21 15:02:07, 2, 11, 41.9545667449, -82.0985323034, 491.430875
310, 46564, 2.0, 70.0, 1605971109, 2020-11-21 15:05:09, 39, 12, 30.5043522444, -85.1383489742, 488.28184375
311, 46565, 2.0, 70.0, 1605971289, 2020-11-21 15:08:09, 25, 14, 19.1527690907, -87.6641460988, 486.2985
312, 46566, 2.0, 70.0, 1605971469, 2020-11-21 15:11:09, 25, 16, 7.78878572844, -89.9580241501, 485.789
313, 46567, 0.004, 70.0, 1605971647, 2020-11-21 15:14:07, 0, 17, -3.45027432765, -92.144217439, 486.94046875
314, 46568, 0.004, 70.0, 1605971827, 2020-11-21 15:17:07, 0, 19, -14.8080037979, -94.3903251472, 489.7625
315, 46569, 0.004, 70.0, 1605972007, 2020-11-21 15:20:07, 5, 20, -26.1485118, -96.803082641, 494.006
316, 46570, 0.004, 70.0, 1605972187, 2020-11-21 15:23:07, 17, 22, -37.4584615357, -99.577054689, 499.22603125
317, 46571, 0.004, 70.0, 1605972367, 2020-11-21 15:26:07, 20, 23, -48.7137151165, -103.079179544, 504.83971875
318, 46572, 0.004, 70.0, 1605972547, 2020-11-21 15:29:07, 39, 25, -59.8575717271, -108.179227155, 510.208625
319, 46573, 0.004, 70.0, 1605972727, 2020-11-21 15:32:07, 78, 27, -70.7060841278, -117.635569418, 514.72921875
320, 46574, 0.004, 70.0, 1605972907, 2020-11-21 15:35:07, 1172, 29, -80.2426333023, -145.016677646, 517.91825
321, 46575, 0.004, 70.0, 1605973087, 2020-11-21 15:38:07, 0, 31, -81.2235850708, 138.251320633, 519.47928125
322, 46576, 0.004, 70.0, 1605973267, 2020-11-21 15:41:07, 0, 32, -72.1847244603, 105.00493089, 519.34075
323, 46577, 0.004, 70.0, 1605973447, 2020-11-21 15:44:07, 0, 33, -61.4335832363, 94.3863772979, 517.659625
324, 46578, 0.004, 70.0, 1605973627, 2020-11-21 15:47:07, 32, 34, -50.3409188936, 88.9240564533, 514.79084375
325, 46579, 0.004, 70.0, 1605973807, 2020-11-21 15:50:07, 0, 34, -39.1304269575, 85.2711278517, 511.227625
326, 46580, 0.004, 70.0, 1605973987, 2020-11-21 15:53:07, 0, 34, -27.8661831401, 82.4255139495, 507.52253125
327, 46581, 2.0, 70.0, 1605974169, 2020-11-21 15:56:09, 31, 33, -16.4477853683, 79.9533201495, 504.16909375
328, 46582, 2.0, 70.0, 1605974349, 2020-11-21 15:59:09, 28, 31, -5.13875514686, 77.6981146293, 501.665
329, 46583, 2.0, 70.0, 1605974529, 2020-11-21 16:02:09, 3, 29, 6.17832103746, 75.4954879053, 500.22253125
330, 46584, 2.0, 70.0, 1605974709, 2020-11-21 16:05:09, 8, 26, 17.4964533398, 73.22782412, 499.89271875
331, 46585, 2.0, 70.0, 1605974889, 2020-11-21 16:08:09, 16, 24, 28.8070263303, 70.7549951124, 500.523875
332, 46586, 0.004, 70.0, 1605975067, 2020-11-21 16:11:07, 0, 22, 39.9707963574, 67.8915953976, 501.7759375
333, 46587, 0.004, 70.0, 1605975247, 2020-11-21 16:14:07, 0, 19, 51.2106342012, 64.1387752794, 503.2435
334, 46588, 0.004, 70.0, 1605975427, 2020-11-21 16:17:07, 1, 17, 62.3290551874, 58.4269066433, 504.440875
335, 46589, 0.004, 70.0, 1605975607, 2020-11-21 16:20:07, 158, 14, 73.0685577689, 46.9489957258, 504.94046875
336, 46590, 0.004, 70.0, 1605975787, 2020-11-21 16:23:07, 0, 12, 81.749407184, 9.13765673556, 504.43940625
337, 46591, 0.004, 70.0, 1605975967, 2020-11-21 16:26:07, 0, 11, 79.4986071358, -66.0636182099, 502.81734375
338, 46592, 0.004, 70.0, 1605976147, 2020-11-21 16:29:07, 0, 10, 69.6627112605, -90.2632379833, 500.1648125
339, 46593, 0.004, 70.0, 1605976327, 2020-11-21 16:32:07, 3228, 10, 58.7230841363, -99.0462260472, 496.775875
340, 46594, 0.004, 70.0, 1605976507, 2020-11-21 16:35:07, 2, 10, 47.523561484, -103.921451152, 493.106375
341, 46595, 0.004, 70.0, 1605976687, 2020-11-21 16:38:07, 1, 11, 36.2275521644, -107.325398867, 489.704375
342, 46596, 2.0, 70.0, 1605976869, 2020-11-21 16:41:09, 184, 12, 24.7619287571, -110.078668612, 487.10171875
343, 46597, 2.0, 70.0, 1605977049, 2020-11-21 16:44:09, 32, 13, 13.4024046546, -112.464713236, 485.8305
344, 46598, 2.0, 70.0, 1605977229, 2020-11-21 16:47:09, 21, 14, 2.03654106941, -114.700814717, 486.1663125
345, 46599, 0.004, 70.0, 1605977407, 2020-11-21 16:50:07, 0, 16, -9.19977132964, -116.890313818, 488.17428125
346, 46600, 0.004, 70.0, 1605978256, 2020-11-21 17:04:16, 5, 22, -62.3115562427, -133.350304734, 511.33340625
347, 46601, 0.004, 70.0, 1605978436, 2020-11-21 17:07:16, 1525, 25, -73.0258076149, -144.7680451, 515.5955625
348, 46602, 0.004, 70.0, 1605978616, 2020-11-21 17:10:16, 18, 27, -81.7076405772, 177.893233136, 518.441
349, 46603, 0.004, 70.0, 1605978796, 2020-11-21 17:13:16, 0, 29, -79.5986898977, 102.688533705, 519.62121875
350, 46604, 0.004, 70.0, 1605978976, 2020-11-21 17:16:16, 15, 31, -69.8484650852, 78.1604501341, 519.1165
351, 46606, 2.0, 70.0, 1605979985, 2020-11-21 17:33:05, 39, 28, -7.20780129998, 54.4817962094, 502.050625
352, 46607, 2.0, 70.0, 1605980165, 2020-11-21 17:36:05, 40, 27, 4.1083207923, 52.2783327872, 500.39821875
353, 46609, 0.004, 70.0, 1605981002, 2020-11-21 17:50:02, 0, 15, 56.5511556975, 38.1515515665, 503.85221875
354, 46611, 0.004, 70.0, 1605981831, 2020-11-21 18:03:51, 52, 8, 68.7653951584, -114.915992997, 499.875125
355, 46612, 0.004, 70.0, 1605982011, 2020-11-21 18:06:51, 288, 9, 57.7902510505, -123.171109891, 496.44590625
356, 46613, 0.004, 70.0, 1605982191, 2020-11-21 18:09:51, 15, 10, 46.5789292464, -127.868435888, 492.78065625
357, 46614, 0.004, 70.0, 1605982371, 2020-11-21 18:12:51, 3, 11, 35.2778177755, -131.194819976, 489.43125
358, 46616, 0.004, 70.0, 1605983815, 2020-11-21 18:36:55, 3, 22, -55.5551706826, -153.153441022, 508.24221875
359, 46617, 0.004, 70.0, 1605983995, 2020-11-21 18:39:55, 253, 25, -66.5591484341, -160.313719574, 513.16284375
360, 46618, 0.004, 70.0, 1605984175, 2020-11-21 18:42:55, 313, 27, -76.8882659297, -177.216689239, 516.91815625
361, 46619, 0.004, 70.0, 1605984355, 2020-11-21 18:45:55, 0, 29, -82.6946234027, 121.588705324, 519.132875
362, 46620, 0.004, 70.0, 1605984535, 2020-11-21 18:48:55, 2, 31, -76.0907115706, 65.6971444101, 519.6458125
363, 46621, 0.004, 70.0, 1605984715, 2020-11-21 18:51:55, 165, 33, -65.670171993, 50.2806493043, 518.52715625
364, 46622, 0.004, 70.0, 1605984895, 2020-11-21 18:54:55, 59, 34, -54.6644593735, 43.4908402136, 516.0608125
365, 46623, 0.004, 70.0, 1605985075, 2020-11-21 18:57:55, 3, 35, -43.4882037606, 39.3154362915, 512.69515625
366, 46624, 0.004, 70.0, 1605985255, 2020-11-21 19:00:55, 2, 35, -32.2407365954, 36.2236282207, 508.9700625
367, 46625, 0.004, 70.0, 1605985435, 2020-11-21 19:03:55, 0, 35, -20.9571752955, 33.6540461685, 505.43259375
368, 46626, 0.004, 70.0, 1605985615, 2020-11-21 19:06:55, 0, 33, -9.6534666452, 31.3424881725, 502.5535625
369, 46627, 2.0, 70.0, 1605985797, 2020-11-21 19:09:57, 19, 30, 1.78698068477, 29.1086406538, 500.64315625
370, 46628, 2.0, 70.0, 1605985977, 2020-11-21 19:12:57, 12, 28, 13.1056107371, 26.8806653902, 499.87734375
371, 46629, 2.0, 70.0, 1605986157, 2020-11-21 19:15:57, 0, 26, 24.4204397892, 24.5074546917, 500.15475
372, 46630, 2.0, 70.0, 1605986339, 2020-11-21 19:18:59, 0, 23, 35.8455874954, 21.7763079298, 501.22784375
373, 46631, 2.0, 70.0, 1605986517, 2020-11-21 19:21:57, 6, 21, 46.9837818792, 18.4569879653, 502.65071875
374, 46632, 0.004, 70.0, 1605986695, 2020-11-21 19:24:55, 0, 19, 58.0389109174, 13.7643218646, 503.98490625
375, 46633, 0.004, 70.0, 1605986896, 2020-11-21 19:28:16, 35, 16, 70.2291388483, 3.91016291724, 504.8360625
376, 46635, 0.004, 70.0, 1605987729, 2020-11-21 19:42:09, 0, 10, 54.7463533416, -148.285988673, 495.422375
377, 46636, 2.0, 70.0, 1605988689, 2020-11-21 19:58:09, 4, 15, -5.6779456478, -163.44185059, 487.37325
378, 46637, 0.004, 70.0, 1605989455, 2020-11-21 20:10:55, 0, 19, -53.7655654977, -175.958172243, 507.40084375
379, 46638, 0.004, 70.0, 1605989635, 2020-11-21 20:13:55, 317, 21, -64.8153123468, 177.559482773, 512.4644375
380, 46640, 0.004, 70.0, 1605990480, 2020-11-21 20:28:00, 37, 25, -59.8278330834, 22.5354715031, 517.37684375
381, 46641, 0.004, 70.0, 1605990660, 2020-11-21 20:31:00, 11, 26, -48.7108566823, 17.4500234214, 514.3635
382, 46642, 0.004, 70.0, 1605990840, 2020-11-21 20:34:00, 82, 28, -37.490174104, 13.9552230905, 510.73203125
383, 46643, 0.004, 70.0, 1605991020, 2020-11-21 20:37:00, 15, 28, -26.2207854466, 11.1862840382, 507.0370625
384, 46644, 0.004, 70.0, 1605991200, 2020-11-21 20:40:00, 0, 28, -14.9250988535, 8.77806178996, 503.79490625
385, 46645, 0.004, 70.0, 1605991380, 2020-11-21 20:43:00, 0, 26, -3.6146039833, 6.53701653253, 501.4060625
386, 46646, 2.0, 70.0, 1605991562, 2020-11-21 20:46:02, 5, 24, 7.82882088225, 4.3078314717, 500.0894375
387, 46647, 2.0, 70.0, 1605991742, 2020-11-21 20:49:02, 1, 22, 19.1465433732, 2.0200694279, 499.89690625
388, 46648, 2.0, 70.0, 1605991922, 2020-11-21 20:52:02, 15, 20, 30.4551782975, -0.498127083486, 500.6289375
389, 46649, 2.0, 70.0, 1605992102, 2020-11-21 20:55:02, 13, 18, 41.7393952955, -3.48804676786, 501.9413125
390, 46650, 0.004, 70.0, 1605992280, 2020-11-21 20:58:00, 0, 16, 52.8428752428, -7.39384199257, 503.37121875
391, 46651, 0.004, 70.0, 1605992460, 2020-11-21 21:01:00, 50, 14, 63.931076057, -13.5841542809, 504.482625
392, 46652, 0.004, 70.0, 1605992640, 2020-11-21 21:04:00, 0, 12, 74.5553328567, -26.7577322304, 504.8458125
393, 46653, 0.004, 70.0, 1605993000, 2020-11-21 21:10:00, 0, 8, 78.2409848946, -142.758630767, 502.399875
394, 46654, 0.004, 70.0, 1605993180, 2020-11-21 21:13:00, 3124, 7, 68.0968425822, -162.874125267, 499.6218125
395, 46655, 0.004, 70.0, 1605993360, 2020-11-21 21:16:00, 1, 7, 57.097642548, -170.772569682, 496.168375
396, 46656, 0.004, 70.0, 1605993540, 2020-11-21 21:19:00, 4, 8, 45.8780493848, -175.346624425, 492.51353125
397, 46657, 0.004, 70.0, 1605993720, 2020-11-21 21:22:00, 0, 8, 34.5732769325, -178.618571905, 489.211375
398, 46658, 0.004, 70.0, 1605993900, 2020-11-21 21:25:00, 0, 9, 23.2296219208, 178.721106705, 486.80871875
399, 46659, 2.0, 70.0, 1605994082, 2020-11-21 21:28:02, 12, 10, 11.7422119176, 176.338955289, 485.7545
