# ordinar image ID, original image ID, exposure [s], dacs, bias [V], detector type, UTC time, human readable time, chip-board id, adrenalin mode, anomaly mode, latitude [deg], longitude [deg], 
1, 45826, 0.004, [1 100 255 127 127 0 380 7 130 128 80 85 128 128], 70.0, TPX, 1601111433, 2020-09-26 09:10:33, I07-W0167, 0, 0, 82.6539086451, 96.3801436673 
2, 45827, 0.004, [1 100 255 127 127 0 380 7 130 128 80 85 128 128], 70.0, TPX, 1601111613, 2020-09-26 09:13:33, I07-W0167, 0, 0, 77.1259906637, 33.20710591 
3, 45828, 0.004, [1 100 255 127 127 0 380 7 130 128 80 85 128 128], 70.0, TPX, 1601111793, 2020-09-26 09:16:33, I07-W0167, 0, 0, 66.7903639979, 15.7516115071 
4, 45830, 2.0, [1 100 255 127 127 0 380 7 130 128 80 85 128 128], 70.0, TPX, 1601112156, 2020-09-26 09:22:36, I07-W0167, 0, 0, 44.3592270495, 4.05406988039 
5, 45831, 2.0, [1 100 255 127 127 0 380 7 130 128 80 85 128 128], 70.0, TPX, 1601112335, 2020-09-26 09:25:35, I07-W0167, 0, 0, 33.1384659239, 0.9095180216 
6, 45832, 2.0, [1 100 255 127 127 0 380 7 130 128 80 85 128 128], 70.0, TPX, 1601112515, 2020-09-26 09:28:35, I07-W0167, 0, 0, 21.8273106598, -1.69662379209 
7, 45835, 0.004, [1 100 255 127 127 0 380 7 130 128 80 85 128 128], 70.0, TPX, 1601113735, 2020-09-26 09:48:55, I07-W0167, 0, 0, -54.5913968399, -20.1012364794 
8, 45836, 0.004, [1 100 255 127 127 0 380 7 130 128 80 85 128 128], 70.0, TPX, 1601113915, 2020-09-26 09:51:55, I07-W0167, 0, 0, -65.5847263265, -26.8607656341 
9, 45837, 0.004, [1 100 255 127 127 0 380 7 130 128 80 85 128 128], 70.0, TPX, 1601114095, 2020-09-26 09:54:55, I07-W0167, 0, 0, -75.9987294131, -42.1308949085 
10, 45838, 0.004, [1 100 255 127 127 0 380 7 130 128 80 85 128 128], 70.0, TPX, 1601114275, 2020-09-26 09:57:55, I07-W0167, 0, 0, -82.6765507222, -97.2863458455 
11, 45839, 0.004, [1 100 255 127 127 0 380 7 130 128 80 85 128 128], 70.0, TPX, 1601114455, 2020-09-26 10:00:55, I07-W0167, 0, 0, -76.9957321261, -159.03580484 
12, 45841, 0.004, [1 100 255 127 127 0 380 7 130 128 80 85 128 128], 70.0, TPX, 1601114815, 2020-09-26 10:06:55, I07-W0167, 0, 0, -55.718743468, 176.609512742 
13, 45842, 0.004, [1 100 255 127 127 0 380 7 130 128 80 85 128 128], 70.0, TPX, 1601114995, 2020-09-26 10:09:55, I07-W0167, 0, 0, -44.5381267793, 172.269842771 
14, 45846, 0.004, [1 100 255 127 127 0 380 7 130 128 80 85 128 128], 70.0, TPX, 1601116754, 2020-09-26 10:39:14, I07-W0167, 0, 0, 65.8670453656, 141.086518496 
15, 45847, 0.004, [1 100 255 127 127 0 380 7 130 128 80 85 128 128], 70.0, TPX, 1601116934, 2020-09-26 10:42:14, I07-W0167, 0, 0, 76.3257178893, 125.182163469 
16, 45848, 0.004, [1 100 255 127 127 0 380 7 130 128 80 85 128 128], 70.0, TPX, 1601117114, 2020-09-26 10:45:14, I07-W0167, 0, 0, 82.6996572521, 67.1958313477 
17, 45849, 0.004, [1 100 255 127 127 0 380 7 130 128 80 85 128 128], 70.0, TPX, 1601117294, 2020-09-26 10:48:14, I07-W0167, 0, 0, 76.5421870747, 7.81154989517 
18, 45850, 0.004, [1 100 255 127 127 0 380 7 130 128 80 85 128 128], 70.0, TPX, 1601117475, 2020-09-26 10:51:15, I07-W0167, 0, 0, 66.0633996439, -8.53335916392 
19, 45852, 2.0, [1 100 255 127 127 0 380 7 130 128 80 85 128 128], 70.0, TPX, 1601117836, 2020-09-26 10:57:16, I07-W0167, 0, 0, 43.7308701365, -19.7703582104 
20, 45853, 2.0, [1 100 255 127 127 0 380 7 130 128 80 85 128 128], 70.0, TPX, 1601118016, 2020-09-26 11:00:16, I07-W0167, 0, 0, 32.4451334214, -22.8881841793 
21, 45854, 2.0, [1 100 255 127 127 0 380 7 130 128 80 85 128 128], 70.0, TPX, 1601118196, 2020-09-26 11:03:16, I07-W0167, 0, 0, 21.1330834025, -25.4710492419 
22, 45855, 2.0, [1 100 255 127 127 0 380 7 130 128 80 85 128 128], 70.0, TPX, 1601118376, 2020-09-26 11:06:16, I07-W0167, 0, 0, 9.81234111414, -27.7895876912 
23, 45856, 0.004, [1 100 255 127 127 0 380 7 130 128 80 85 128 128], 70.0, TPX, 1601118554, 2020-09-26 11:09:14, I07-W0167, 0, 0, -1.38125794989, -29.9776353765 
24, 45857, 0.004, [1 100 255 127 127 0 380 7 130 128 80 85 128 128], 70.0, TPX, 1601118734, 2020-09-26 11:12:14, I07-W0167, 0, 0, -12.6919454527, -32.2037579512 
25, 45858, 0.004, [1 100 255 127 127 0 380 7 130 128 80 85 128 128], 70.0, TPX, 1601118914, 2020-09-26 11:15:14, I07-W0167, 0, 0, -23.9865776355, -34.5679630453 
26, 45859, 0.004, [1 100 255 127 127 0 380 7 130 128 80 85 128 128], 70.0, TPX, 1601119632, 2020-09-26 11:27:12, I07-W0167, 0, 0, -68.3968927924, -53.1651611339 
27, 45860, 0.004, [1 100 255 127 127 0 380 7 130 128 80 85 128 128], 70.0, TPX, 1601119812, 2020-09-26 11:30:12, I07-W0167, 0, 0, -78.4265201532, -73.7594792147 
28, 45861, 0.004, [1 100 255 127 127 0 380 7 130 128 80 85 128 128], 70.0, TPX, 1601119992, 2020-09-26 11:33:12, I07-W0167, 0, 0, -82.3247686592, -143.901772208 
29, 45862, 0.004, [1 100 255 127 127 0 380 7 130 128 80 85 128 128], 70.0, TPX, 1601120172, 2020-09-26 11:36:12, I07-W0167, 0, 0, -74.4489048491, 170.86274184 
30, 45863, 0.004, [1 100 255 127 127 0 380 7 130 128 80 85 128 128], 70.0, TPX, 1601120352, 2020-09-26 11:39:12, I07-W0167, 0, 0, -63.8636894106, 157.839469887 
31, 45864, 0.004, [1 100 255 127 127 0 380 7 130 128 80 85 128 128], 70.0, TPX, 1601120532, 2020-09-26 11:42:12, I07-W0167, 0, 0, -52.8086935611, 151.675743256 
32, 45865, 0.004, [1 100 255 127 127 0 380 7 130 128 80 85 128 128], 70.0, TPX, 1601120712, 2020-09-26 11:45:12, I07-W0167, 0, 0, -41.5994959459, 147.737237615 
33, 45868, 2.0, [1 100 255 127 127 0 380 7 130 128 80 85 128 128], 70.0, TPX, 1601121254, 2020-09-26 11:54:14, I07-W0167, 0, 0, -7.52772223802, 139.918815696 
34, 45869, 2.0, [1 100 255 127 127 0 380 7 130 128 80 85 128 128], 70.0, TPX, 1601121434, 2020-09-26 11:57:14, I07-W0167, 0, 0, 3.83080721815, 137.707514631 
35, 45873, 0.004, [1 100 255 127 127 0 380 7 130 128 80 85 128 128], 70.0, TPX, 1601122152, 2020-09-26 12:09:12, I07-W0167, 0, 0, 49.0583015752, 126.716210296 
36, 45874, 0.004, [1 100 255 127 127 0 380 7 130 128 80 85 128 128], 70.0, TPX, 1601122332, 2020-09-26 12:12:12, I07-W0167, 0, 0, 60.2444541322, 121.509543432 
37, 45878, 0.004, [1 100 255 127 127 0 380 7 130 128 80 85 128 128], 70.0, TPX, 1601123052, 2020-09-26 12:24:12, I07-W0167, 0, 0, 71.5941043424, -25.9042130088 
38, 45879, 0.004, [1 100 255 127 127 0 380 7 130 128 80 85 128 128], 70.0, TPX, 1601123232, 2020-09-26 12:27:12, I07-W0167, 0, 0, 60.7545873008, -36.0686887945 
39, 45880, 2.0, [1 100 255 127 127 0 380 7 130 128 80 85 128 128], 70.0, TPX, 1601123594, 2020-09-26 12:33:14, I07-W0167, 0, 0, 38.2155811749, -45.0130605681 
40, 45881, 2.0, [1 100 255 127 127 0 380 7 130 128 80 85 128 128], 70.0, TPX, 1601123774, 2020-09-26 12:36:14, I07-W0167, 0, 0, 26.9140616001, -47.8231984677 
41, 45882, 2.0, [1 100 255 127 127 0 380 7 130 128 80 85 128 128], 70.0, TPX, 1601123954, 2020-09-26 12:39:14, I07-W0167, 0, 0, 15.5962708073, -50.2523962268 
42, 45883, 2.0, [1 100 255 127 127 0 380 7 130 128 80 85 128 128], 70.0, TPX, 1601124134, 2020-09-26 12:42:14, I07-W0167, 0, 0, 4.27527195993, -52.5027830486 
43, 45884, 0.004, [1 100 255 127 127 0 380 7 130 128 80 85 128 128], 70.0, TPX, 1601124312, 2020-09-26 12:45:12, I07-W0167, 0, 0, -6.91489546765, -54.6832048277 
44, 45885, 0.004, [1 100 255 127 127 0 380 7 130 128 80 85 128 128], 70.0, TPX, 1601124492, 2020-09-26 12:48:12, I07-W0167, 0, 0, -18.2187065708, -56.9594507456 
45, 45886, 0.004, [1 100 255 127 127 0 380 7 130 128 80 85 128 128], 70.0, TPX, 1601124672, 2020-09-26 12:51:12, I07-W0167, 0, 0, -29.5020732103, -59.4493654714 
46, 45887, 0.004, [1 100 255 127 127 0 380 7 130 128 80 85 128 128], 70.0, TPX, 1601124852, 2020-09-26 12:54:12, I07-W0167, 0, 0, -40.7515279605, -62.3801245118 
47, 45888, 0.004, [1 100 255 127 127 0 380 7 130 128 80 85 128 128], 70.0, TPX, 1601125520, 2020-09-26 13:05:20, I07-W0167, 0, 0, -80.1712783161, -106.502675261 
48, 45891, 0.004, [1 100 255 127 127 0 380 7 130 128 80 85 128 128], 70.0, TPX, 1601128764, 2020-09-26 13:59:24, I07-W0167, 0, 0, 69.1169176742, -52.7267210458 
49, 45892, 0.004, [1 100 255 127 127 0 380 7 130 128 80 85 128 128], 70.0, TPX, 1601128944, 2020-09-26 14:02:24, I07-W0167, 0, 0, 58.1646956811, -61.1879286527 
50, 45893, 0.004, [1 100 255 127 127 0 380 7 130 128 80 85 128 128], 70.0, TPX, 1601129124, 2020-09-26 14:05:24, I07-W0167, 0, 0, 46.9761320673, -65.9553323908 
51, 45894, 2.0, [1 100 255 127 127 0 380 7 130 128 80 85 128 128], 70.0, TPX, 1601129306, 2020-09-26 14:08:26, I07-W0167, 0, 0, 35.5782299857, -69.3447591245 
52, 45895, 2.0, [1 100 255 127 127 0 380 7 130 128 80 85 128 128], 70.0, TPX, 1601129486, 2020-09-26 14:11:26, I07-W0167, 0, 0, 24.2713811559, -72.0410309405 
53, 45896, 2.0, [1 100 255 127 127 0 380 7 130 128 80 85 128 128], 70.0, TPX, 1601129666, 2020-09-26 14:14:26, I07-W0167, 0, 0, 12.9520040516, -74.4140640541 
54, 45899, 0.004, [1 100 255 127 127 0 380 7 130 128 80 85 128 128], 70.0, TPX, 1601130204, 2020-09-26 14:23:24, I07-W0167, 0, 0, -20.856167043, -81.1410763856 
55, 45900, 0.004, [1 100 255 127 127 0 380 7 130 128 80 85 128 128], 70.0, TPX, 1601131153, 2020-09-26 14:39:13, I07-W0167, 0, 0, -78.4794404589, -121.232319714 
56, 45901, 0.004, [1 100 255 127 127 0 380 7 130 128 80 85 128 128], 70.0, TPX, 1601131333, 2020-09-26 14:42:13, I07-W0167, 0, 0, -82.303315035, 168.354696377 
57, 45904, 0.004, [1 100 255 127 127 0 380 7 130 128 80 85 128 128], 70.0, TPX, 1601131873, 2020-09-26 14:51:13, I07-W0167, 0, 0, -52.740808311, 104.395937563 
58, 45905, 0.004, [1 100 255 127 127 0 380 7 130 128 80 85 128 128], 70.0, TPX, 1601132053, 2020-09-26 14:54:13, I07-W0167, 0, 0, -41.5307979032, 100.465723772 
59, 45908, 2.0, [1 100 255 127 127 0 380 7 130 128 80 85 128 128], 70.0, TPX, 1601132595, 2020-09-26 15:03:15, I07-W0167, 0, 0, -7.45785452546, 92.6540159284 
60, 45909, 2.0, [1 100 255 127 127 0 380 7 130 128 80 85 128 128], 70.0, TPX, 1601132775, 2020-09-26 15:06:15, I07-W0167, 0, 0, 3.90086361468, 90.4428036566 
61, 45910, 2.0, [1 100 255 127 127 0 380 7 130 128 80 85 128 128], 70.0, TPX, 1601132955, 2020-09-26 15:09:15, I07-W0167, 0, 0, 15.2643799627, 88.1899955327 
62, 45911, 2.0, [1 100 255 127 127 0 380 7 130 128 80 85 128 128], 70.0, TPX, 1601133135, 2020-09-26 15:12:15, I07-W0167, 0, 0, 26.6226208434, 85.7619452454 
63, 45912, 0.004, [1 100 255 127 127 0 380 7 130 128 80 85 128 128], 70.0, TPX, 1601133313, 2020-09-26 15:15:13, I07-W0167, 0, 0, 37.8351874495, 82.9921327826 
64, 45913, 0.004, [1 100 255 127 127 0 380 7 130 128 80 85 128 128], 70.0, TPX, 1601133493, 2020-09-26 15:18:13, I07-W0167, 0, 0, 49.1278260707, 79.4395191693 
65, 45914, 0.004, [1 100 255 127 127 0 380 7 130 128 80 85 128 128], 70.0, TPX, 1601133673, 2020-09-26 15:21:13, I07-W0167, 0, 0, 60.3128857975, 74.2172521532 
66, 45915, 0.004, [1 100 255 127 127 0 380 7 130 128 80 85 128 128], 70.0, TPX, 1601133853, 2020-09-26 15:24:13, I07-W0167, 0, 0, 71.1900371814, 64.3624229936 
67, 45917, 0.004, [1 100 255 127 127 0 380 7 130 128 80 85 128 128], 70.0, TPX, 1601134393, 2020-09-26 15:33:13, I07-W0167, 0, 0, 71.5299142246, -73.2489294045 
68, 45918, 0.004, [1 100 255 127 127 0 380 7 130 128 80 85 128 128], 70.0, TPX, 1601134573, 2020-09-26 15:36:13, I07-W0167, 0, 0, 60.6871391828, -83.3614820921 
69, 45919, 0.004, [1 100 255 127 127 0 380 7 130 128 80 85 128 128], 70.0, TPX, 1601134753, 2020-09-26 15:39:13, I07-W0167, 0, 0, 49.5318864016, -88.6634915667 
70, 45921, 2.0, [1 100 255 127 127 0 380 7 130 128 80 85 128 128], 70.0, TPX, 1601135115, 2020-09-26 15:45:15, I07-W0167, 0, 0, 26.845670916, -95.0899277634 
71, 45922, 2.0, [1 100 255 127 127 0 380 7 130 128 80 85 128 128], 70.0, TPX, 1601135295, 2020-09-26 15:48:15, I07-W0167, 0, 0, 15.528001359, -97.5175204281 
72, 45923, 2.0, [1 100 255 127 127 0 380 7 130 128 80 85 128 128], 70.0, TPX, 1601135475, 2020-09-26 15:51:15, I07-W0167, 0, 0, 4.20715533712, -99.7672481367 
73, 45926, 0.004, [1 100 255 127 127 0 380 7 130 128 80 85 128 128], 70.0, TPX, 1601136777, 2020-09-26 16:12:57, I07-W0167, 0, 0, -76.1150338742, -136.941823105 
74, 45931, 0.004, [1 100 255 127 127 0 380 7 130 128 80 85 128 128], 70.0, TPX, 1601137677, 2020-09-26 16:27:57, I07-W0167, 0, 0, -44.4010756185, 77.7237073481 
75, 45934, 2.0, [1 100 255 127 127 0 380 7 130 128 80 85 128 128], 70.0, TPX, 1601138219, 2020-09-26 16:36:59, I07-W0167, 0, 0, -10.3553206625, 69.600337973 
76, 45935, 2.0, [1 100 255 127 127 0 380 7 130 128 80 85 128 128], 70.0, TPX, 1601138399, 2020-09-26 16:39:59, I07-W0167, 0, 0, 1.00082825928, 67.3809431346 
77, 45936, 2.0, [1 100 255 127 127 0 380 7 130 128 80 85 128 128], 70.0, TPX, 1601138579, 2020-09-26 16:42:59, I07-W0167, 0, 0, 12.3640374622, 65.1501623708 
78, 45937, 2.0, [1 100 255 127 127 0 380 7 130 128 80 85 128 128], 70.0, TPX, 1601138759, 2020-09-26 16:45:59, I07-W0167, 0, 0, 23.7247867299, 62.7820196727 
79, 45938, 2.0, [1 100 255 127 127 0 380 7 130 128 80 85 128 128], 70.0, TPX, 1601138939, 2020-09-26 16:48:59, I07-W0167, 0, 0, 35.0700775719, 60.0999000086 
80, 45939, 2.0, [1 100 255 127 127 0 380 7 130 128 80 85 128 128], 70.0, TPX, 1601139119, 2020-09-26 16:51:59, I07-W0167, 0, 0, 46.377585515, 56.7850111293 
81, 45940, 0.004, [1 100 255 127 127 0 380 7 130 128 80 85 128 128], 70.0, TPX, 1601139297, 2020-09-26 16:54:57, I07-W0167, 0, 0, 57.4747099713, 52.1798346292 
82, 45941, 0.004, [1 100 255 127 127 0 380 7 130 128 80 85 128 128], 70.0, TPX, 1601139477, 2020-09-26 16:57:57, I07-W0167, 0, 0, 68.469163024, 44.0722464062 
83, 45944, 0.004, [1 100 255 127 127 0 380 7 130 128 80 85 128 128], 70.0, TPX, 1601140197, 2020-09-26 17:09:57, I07-W0167, 0, 0, 63.500617045, -105.095669953 
84, 45945, 0.004, [1 100 255 127 127 0 380 7 130 128 80 85 128 128], 70.0, TPX, 1601140377, 2020-09-26 17:12:57, I07-W0167, 0, 0, 52.3935990597, -111.160638878 
85, 45946, 0.004, [1 100 255 127 127 0 380 7 130 128 80 85 128 128], 70.0, TPX, 1601140557, 2020-09-26 17:15:57, I07-W0167, 0, 0, 41.1524464044, -115.055274214 
86, 45949, 2.0, [1 100 255 127 127 0 380 7 130 128 80 85 128 128], 70.0, TPX, 1601141099, 2020-09-26 17:24:59, I07-W0167, 0, 0, 7.09732128262, -122.827401111 
87, 45957, 0.004, [1 100 255 127 127 0 380 7 130 128 80 85 128 128], 70.0, TPX, 1601145045, 2020-09-26 18:30:45, I07-W0167, 0, 0, 62.286762656, 25.7034225227 
88, 45958, 0.004, [1 100 255 127 127 0 380 7 130 128 80 85 128 128], 70.0, TPX, 1601145226, 2020-09-26 18:33:46, I07-W0167, 0, 0, 73.10975747, 14.110904446 
89, 45961, 0.004, [1 100 255 127 127 0 380 7 130 128 80 85 128 128], 70.0, TPX, 1601145766, 2020-09-26 18:42:46, I07-W0167, 0, 0, 69.5826751038, -123.060556449 
90, 45962, 0.004, [1 100 255 127 127 0 380 7 130 128 80 85 128 128], 70.0, TPX, 1601145946, 2020-09-26 18:45:46, I07-W0167, 0, 0, 58.6491063574, -131.800726057 
91, 45963, 0.004, [1 100 255 127 127 0 380 7 130 128 80 85 128 128], 70.0, TPX, 1601146126, 2020-09-26 18:48:46, I07-W0167, 0, 0, 47.4666352723, -136.661744368 
92, 45969, 0.004, [1 100 255 127 127 0 380 7 130 128 80 85 128 128], 70.0, TPX, 1601148050, 2020-09-26 19:20:50, I07-W0167, 0, 0, -72.3852110029, -176.497320055 
93, 45972, 0.004, [1 100 255 127 127 0 380 7 130 128 80 85 128 128], 70.0, TPX, 1601148590, 2020-09-26 19:29:50, I07-W0167, 0, 0, -70.5402129838, 46.3004658491 
94, 45973, 0.004, [1 100 255 127 127 0 380 7 130 128 80 85 128 128], 70.0, TPX, 1601148770, 2020-09-26 19:32:50, I07-W0167, 0, 0, -59.7008803573, 36.9577096318 
95, 45974, 0.004, [1 100 255 127 127 0 380 7 130 128 80 85 128 128], 70.0, TPX, 1601148950, 2020-09-26 19:35:50, I07-W0167, 0, 0, -48.570246993, 31.8904503439 
96, 45975, 0.004, [1 100 255 127 127 0 380 7 130 128 80 85 128 128], 70.0, TPX, 1601149130, 2020-09-26 19:38:50, I07-W0167, 0, 0, -37.3278478282, 28.4005976313 
97, 45976, 0.004, [1 100 255 127 127 0 380 7 130 128 80 85 128 128], 70.0, TPX, 1601149310, 2020-09-26 19:41:50, I07-W0167, 0, 0, -26.0291422914, 25.6316116214 
98, 45977, 0.004, [1 100 255 127 127 0 380 7 130 128 80 85 128 128], 70.0, TPX, 1601149490, 2020-09-26 19:44:50, I07-W0167, 0, 0, -14.6976603843, 23.220549722 
99, 45978, 2.0, [1 100 255 127 127 0 380 7 130 128 80 85 128 128], 70.0, TPX, 1601149672, 2020-09-26 19:47:52, I07-W0167, 0, 0, -3.220186172, 20.9497116063 
100, 45979, 2.0, [1 100 255 127 127 0 380 7 130 128 80 85 128 128], 70.0, TPX, 1601149852, 2020-09-26 19:50:52, I07-W0167, 0, 0, 8.14154450846, 18.7367934948 
101, 45980, 2.0, [1 100 255 127 127 0 380 7 130 128 80 85 128 128], 70.0, TPX, 1601150032, 2020-09-26 19:53:52, I07-W0167, 0, 0, 19.5045374932, 16.4363311411 
102, 45981, 2.0, [1 100 255 127 127 0 380 7 130 128 80 85 128 128], 70.0, TPX, 1601150212, 2020-09-26 19:56:52, I07-W0167, 0, 0, 30.8575242509, 13.8975250675 
103, 45983, 0.004, [1 100 255 127 127 0 380 7 130 128 80 85 128 128], 70.0, TPX, 1601150750, 2020-09-26 20:05:50, I07-W0167, 0, 0, 64.4295296022, 0.517681328108 
104, 45986, 0.004, [1 100 255 127 127 0 380 7 130 128 80 85 128 128], 70.0, TPX, 1601151290, 2020-09-26 20:14:50, I07-W0167, 0, 0, 77.7784922954, -129.951288415 
105, 45987, 0.004, [1 100 255 127 127 0 380 7 130 128 80 85 128 128], 70.0, TPX, 1601151470, 2020-09-26 20:17:50, I07-W0167, 0, 0, 67.5508577506, -148.895050302 
106, 45988, 0.004, [1 100 255 127 127 0 380 7 130 128 80 85 128 128], 70.0, TPX, 1601151650, 2020-09-26 20:20:50, I07-W0167, 0, 0, 56.5449026593, -156.527445189 
107, 45989, 0.004, [1 100 255 127 127 0 380 7 130 128 80 85 128 128], 70.0, TPX, 1601151830, 2020-09-26 20:23:50, I07-W0167, 0, 0, 45.3391611197, -161.007803397 
108, 45990, 0.004, [1 100 255 127 127 0 380 7 130 128 80 85 128 128], 70.0, TPX, 1601152010, 2020-09-26 20:26:50, I07-W0167, 0, 0, 34.0601111598, -164.237540308 
109, 45991, 0.004, [1 100 255 127 127 0 380 7 130 128 80 85 128 128], 70.0, TPX, 1601152190, 2020-09-26 20:29:50, I07-W0167, 0, 0, 22.7510237355, -166.876069705 
110, 45992, 0.004, [1 100 255 127 127 0 380 7 130 128 80 85 128 128], 70.0, TPX, 1601152370, 2020-09-26 20:32:50, I07-W0167, 0, 0, 11.4312871925, -169.221092212 
111, 45993, 2.0, [1 100 255 127 127 0 380 7 130 128 80 85 128 128], 70.0, TPX, 1601152552, 2020-09-26 20:35:52, I07-W0167, 0, 0, -0.0140757158717, -171.465396751 
112, 45994, 0.004, [1 100 255 127 127 0 380 7 130 128 80 85 128 128], 70.0, TPX, 1601153607, 2020-09-26 20:53:27, I07-W0167, 0, 0, -65.722634676, 167.642184703 
113, 45996, 0.004, [1 100 255 127 127 0 380 7 130 128 80 85 128 128], 70.0, TPX, 1601153967, 2020-09-26 20:59:27, I07-W0167, 0, 0, -82.6869394399, 96.1810846342 
114, 45998, 0.004, [1 100 255 127 127 0 380 7 130 128 80 85 128 128], 70.0, TPX, 1601154327, 2020-09-26 21:05:27, I07-W0167, 0, 0, -66.5617097551, 18.3252114181 
115, 45999, 0.004, [1 100 255 127 127 0 380 7 130 128 80 85 128 128], 70.0, TPX, 1601154507, 2020-09-26 21:08:27, I07-W0167, 0, 0, -55.5740595708, 11.1615775364 
116, 46000, 0.004, [1 100 255 127 127 0 380 7 130 128 80 85 128 128], 70.0, TPX, 1601154687, 2020-09-26 21:11:27, I07-W0167, 0, 0, -44.3911308631, 6.84390376209 
117, 46001, 0.004, [1 100 255 127 127 0 380 7 130 128 80 85 128 128], 70.0, TPX, 1601154867, 2020-09-26 21:14:27, I07-W0167, 0, 0, -33.1236683191, 3.68441065105 
118, 46004, 0.004, [1 100 255 127 127 0 380 7 130 128 80 85 128 128], 70.0, TPX, 1601156498, 2020-09-26 21:41:38, I07-W0167, 0, 0, 69.135973902, -27.5431937396 
119, 46005, 0.004, [1 100 255 127 127 0 380 7 130 128 80 85 128 128], 70.0, TPX, 1601156858, 2020-09-26 21:47:38, I07-W0167, 0, 0, 81.9778428608, -124.058269501 
120, 46006, 0.004, [1 100 255 127 127 0 380 7 130 128 80 85 128 128], 70.0, TPX, 1601157038, 2020-09-26 21:50:38, I07-W0167, 0, 0, 73.5352167835, -164.472239268 
121, 46007, 0.004, [1 100 255 127 127 0 380 7 130 128 80 85 128 128], 70.0, TPX, 1601157218, 2020-09-26 21:53:38, I07-W0167, 0, 0, 62.8192646942, -176.46140692 
122, 46008, 0.004, [1 100 255 127 127 0 380 7 130 128 80 85 128 128], 70.0, TPX, 1601157398, 2020-09-26 21:56:38, I07-W0167, 0, 0, 51.6995971986, 177.677972894 
123, 46009, 0.004, [1 100 255 127 127 0 380 7 130 128 80 85 128 128], 70.0, TPX, 1601157578, 2020-09-26 21:59:38, I07-W0167, 0, 0, 40.4539741845, 173.864487036 
124, 46010, 0.004, [1 100 255 127 127 0 380 7 130 128 80 85 128 128], 70.0, TPX, 1601157758, 2020-09-26 22:02:38, I07-W0167, 0, 0, 29.1586581291, 170.942217921 
125, 46012, 2.0, [1 100 255 127 127 0 380 7 130 128 80 85 128 128], 70.0, TPX, 1601158120, 2020-09-26 22:08:40, I07-W0167, 0, 0, 6.39690075125, 166.15849003 
126, 46013, 2.0, [1 100 255 127 127 0 380 7 130 128 80 85 128 128], 70.0, TPX, 1601158300, 2020-09-26 22:11:40, I07-W0167, 0, 0, -4.92010115477, 163.953855231 
127, 46014, 2.0, [1 100 255 127 127 0 380 7 130 128 80 85 128 128], 70.0, TPX, 1601158480, 2020-09-26 22:14:40, I07-W0167, 0, 0, -16.2263420977, 161.699291748 
128, 46015, 2.0, [1 100 255 127 127 0 380 7 130 128 80 85 128 128], 70.0, TPX, 1601158660, 2020-09-26 22:17:40, I07-W0167, 0, 0, -27.5139519922, 159.260039951 
129, 46016, 2.0, [1 100 255 127 127 0 380 7 130 128 80 85 128 128], 70.0, TPX, 1601158840, 2020-09-26 22:20:40, I07-W0167, 0, 0, -38.7708140826, 156.430565786 
130, 46018, 0.004, [1 100 255 127 127 0 380 7 130 128 80 85 128 128], 70.0, TPX, 1601160005, 2020-09-26 22:40:05, I07-W0167, 0, 0, -66.0779752676, -5.73556341608 
131, 46019, 0.004, [1 100 255 127 127 0 380 7 130 128 80 85 128 128], 70.0, TPX, 1601160185, 2020-09-26 22:43:05, I07-W0167, 0, 0, -55.0765417615, -12.697885156 
132, 46020, 0.004, [1 100 255 127 127 0 380 7 130 128 80 85 128 128], 70.0, TPX, 1601160365, 2020-09-26 22:46:05, I07-W0167, 0, 0, -43.8882650157, -16.9412443377 
133, 46021, 0.004, [1 100 255 127 127 0 380 7 130 128 80 85 128 128], 70.0, TPX, 1601160545, 2020-09-26 22:49:05, I07-W0167, 0, 0, -32.618070396, -20.0668106185 
134, 46022, 0.004, [1 100 255 127 127 0 380 7 130 128 80 85 128 128], 70.0, TPX, 1601160725, 2020-09-26 22:52:05, I07-W0167, 0, 0, -21.3034846694, -22.6557955306 
135, 46024, 2.0, [1 100 255 127 127 0 380 7 130 128 80 85 128 128], 70.0, TPX, 1601161087, 2020-09-26 22:58:07, I07-W0167, 0, 0, 1.52075111674, -27.2220758109 
136, 46025, 2.0, [1 100 255 127 127 0 380 7 130 128 80 85 128 128], 70.0, TPX, 1601161267, 2020-09-26 23:01:07, I07-W0167, 0, 0, 12.8842682118, -29.4562358108 
137, 46026, 2.0, [1 100 255 127 127 0 380 7 130 128 80 85 128 128], 70.0, TPX, 1601161447, 2020-09-26 23:04:07, I07-W0167, 0, 0, 24.2447536634, -31.8342891134 
138, 46028, 2.0, [1 100 255 127 127 0 380 7 130 128 80 85 128 128], 70.0, TPX, 1601161807, 2020-09-26 23:10:07, I07-W0167, 0, 0, 46.893835118, -37.8929435291 
139, 46029, 0.004, [1 100 255 127 127 0 380 7 130 128 80 85 128 128], 70.0, TPX, 1601161985, 2020-09-26 23:13:05, I07-W0167, 0, 0, 57.9848226494, -42.5906486019 
140, 46030, 0.004, [1 100 255 127 127 0 380 7 130 128 80 85 128 128], 70.0, TPX, 1601162165, 2020-09-26 23:16:05, I07-W0167, 0, 0, 68.9608888328, -50.9703310708 
141, 46033, 0.004, [1 100 255 127 127 0 380 7 130 128 80 85 128 128], 70.0, TPX, 1601162705, 2020-09-26 23:25:05, I07-W0167, 0, 0, 73.7024881163, 172.213780578 
142, 46034, 0.004, [1 100 255 127 127 0 380 7 130 128 80 85 128 128], 70.0, TPX, 1601162885, 2020-09-26 23:28:05, I07-W0167, 0, 0, 62.9991855373, 160.040115856 
143, 46035, 0.004, [1 100 255 127 127 0 380 7 130 128 80 85 128 128], 70.0, TPX, 1601163065, 2020-09-26 23:31:05, I07-W0167, 0, 0, 51.8829536268, 154.126920564 
144, 46036, 0.004, [1 100 255 127 127 0 380 7 130 128 80 85 128 128], 70.0, TPX, 1601163425, 2020-09-26 23:37:05, I07-W0167, 0, 0, 29.3439577461, 147.360211173 
145, 46037, 2.0, [1 100 255 127 127 0 380 7 130 128 80 85 128 128], 70.0, TPX, 1601163607, 2020-09-26 23:40:07, I07-W0167, 0, 0, 17.9031467086, 144.843969483 
146, 46038, 2.0, [1 100 255 127 127 0 380 7 130 128 80 85 128 128], 70.0, TPX, 1601163787, 2020-09-26 23:43:07, I07-W0167, 0, 0, 6.58255553815, 142.569311584 
147, 46040, 0.004, [1 100 255 127 127 0 380 7 130 128 80 85 128 128], 70.0, TPX, 1601164145, 2020-09-26 23:49:05, I07-W0167, 0, 0, -15.9154011509, 138.137516021 
148, 46043, 0.004, [1 100 255 127 127 0 380 7 130 128 80 85 128 128], 70.0, TPX, 1601165298, 2020-09-27 00:08:18, I07-W0167, 0, 0, -82.6311026435, 53.3532747889 
149, 46044, 0.004, [1 100 255 127 127 0 380 7 130 128 80 85 128 128], 70.0, TPX, 1601165478, 2020-09-27 00:11:18, I07-W0167, 0, 0, -77.3372142638, -10.5661301824 
150, 46045, 0.004, [1 100 255 127 127 0 380 7 130 128 80 85 128 128], 70.0, TPX, 1601165658, 2020-09-27 00:14:18, I07-W0167, 0, 0, -67.0948196801, -28.4265386898 
151, 46046, 0.004, [1 100 255 127 127 0 380 7 130 128 80 85 128 128], 70.0, TPX, 1601165838, 2020-09-27 00:17:18, I07-W0167, 0, 0, -56.122916497, -35.8252710978 
152, 46047, 0.004, [1 100 255 127 127 0 380 7 130 128 80 85 128 128], 70.0, TPX, 1601166018, 2020-09-27 00:20:18, I07-W0167, 0, 0, -44.9457866198, -40.2285130551 
153, 46048, 0.004, [1 100 255 127 127 0 380 7 130 128 80 85 128 128], 70.0, TPX, 1601166198, 2020-09-27 00:23:18, I07-W0167, 0, 0, -33.6811005478, -43.4267969449 
154, 46049, 0.004, [1 100 255 127 127 0 380 7 130 128 80 85 128 128], 70.0, TPX, 1601166378, 2020-09-27 00:26:18, I07-W0167, 0, 0, -22.3696703686, -46.0520108879 
155, 46050, 0.004, [1 100 255 127 127 0 380 7 130 128 80 85 128 128], 70.0, TPX, 1601166558, 2020-09-27 00:29:18, I07-W0167, 0, 0, -11.030378994, -48.3930650558 
156, 46051, 2.0, [1 100 255 127 127 0 380 7 130 128 80 85 128 128], 70.0, TPX, 1601166740, 2020-09-27 00:32:20, I07-W0167, 0, 0, 0.451653836049, -50.6400197075 
157, 46052, 2.0, [1 100 255 127 127 0 380 7 130 128 80 85 128 128], 70.0, TPX, 1601166920, 2020-09-27 00:35:20, I07-W0167, 0, 0, 11.8149824606, -52.8675697918 
158, 46053, 2.0, [1 100 255 127 127 0 380 7 130 128 80 85 128 128], 70.0, TPX, 1601167100, 2020-09-27 00:38:20, I07-W0167, 0, 0, 23.176264483, -55.2256891873 
159, 46054, 2.0, [1 100 255 127 127 0 380 7 130 128 80 85 128 128], 70.0, TPX, 1601167280, 2020-09-27 00:41:20, I07-W0167, 0, 0, 34.5227540232, -57.887034831 
160, 46056, 0.004, [1 100 255 127 127 0 380 7 130 128 80 85 128 128], 70.0, TPX, 1601167638, 2020-09-27 00:47:18, I07-W0167, 0, 0, 56.9358592722, -65.6714014271 
161, 46057, 0.004, [1 100 255 127 127 0 380 7 130 128 80 85 128 128], 70.0, TPX, 1601167818, 2020-09-27 00:50:18, I07-W0167, 0, 0, 67.9481425338, -73.5077730835 
162, 46059, 0.004, [1 100 255 127 127 0 380 7 130 128 80 85 128 128], 70.0, TPX, 1601169039, 2020-09-27 01:10:39, I07-W0167, 0, 0, 32.857741734, 124.58392086 
163, 46060, 2.0, [1 100 255 127 127 0 380 7 130 128 80 85 128 128], 70.0, TPX, 1601169221, 2020-09-27 01:13:41, I07-W0167, 0, 0, 21.4213429986, 121.960486181 
164, 46061, 2.0, [1 100 255 127 127 0 380 7 130 128 80 85 128 128], 70.0, TPX, 1601169401, 2020-09-27 01:16:41, I07-W0167, 0, 0, 10.1013913047, 119.637552505 
165, 46064, 0.004, [1 100 255 127 127 0 380 7 130 128 80 85 128 128], 70.0, TPX, 1601170569, 2020-09-27 01:36:09, I07-W0167, 0, 0, -62.8293802044, 99.0122595165 
166, 46067, 0.004, [1 100 255 127 127 0 380 7 130 128 80 85 128 128], 70.0, TPX, 1601171109, 2020-09-27 01:45:09, I07-W0167, 0, 0, -79.2519894954, -26.3486482954 
167, 46068, 0.004, [1 100 255 127 127 0 380 7 130 128 80 85 128 128], 70.0, TPX, 1601171289, 2020-09-27 01:48:09, I07-W0167, 0, 0, -69.4109504877, -49.6006698216 
168, 46069, 0.004, [1 100 255 127 127 0 380 7 130 128 80 85 128 128], 70.0, TPX, 1601171469, 2020-09-27 01:51:09, I07-W0167, 0, 0, -58.5213271784, -58.2116122505 
169, 46070, 0.004, [1 100 255 127 127 0 380 7 130 128 80 85 128 128], 70.0, TPX, 1601171649, 2020-09-27 01:54:09, I07-W0167, 0, 0, -47.3735466241, -63.0373253136 
170, 46071, 0.004, [1 100 255 127 127 0 380 7 130 128 80 85 128 128], 70.0, TPX, 1601171829, 2020-09-27 01:57:09, I07-W0167, 0, 0, -36.1229580625, -66.4229954432 
171, 46072, 0.004, [1 100 255 127 127 0 380 7 130 128 80 85 128 128], 70.0, TPX, 1601172009, 2020-09-27 02:00:09, I07-W0167, 0, 0, -24.8195192046, -69.1409257891 
172, 46073, 0.004, [1 100 255 127 127 0 380 7 130 128 80 85 128 128], 70.0, TPX, 1601172189, 2020-09-27 02:03:09, I07-W0167, 0, 0, -13.4850567738, -71.5268747904 
173, 46074, 2.0, [1 100 255 127 127 0 380 7 130 128 80 85 128 128], 70.0, TPX, 1601172371, 2020-09-27 02:06:11, I07-W0167, 0, 0, -2.00574716155, -73.7884050658 
174, 46075, 2.0, [1 100 255 127 127 0 380 7 130 128 80 85 128 128], 70.0, TPX, 1601172551, 2020-09-27 02:09:11, I07-W0167, 0, 0, 9.35678457203, -76.0048151116 
175, 46076, 2.0, [1 100 255 127 127 0 380 7 130 128 80 85 128 128], 70.0, TPX, 1601172731, 2020-09-27 02:12:11, I07-W0167, 0, 0, 20.7194539766, -78.3225783344 
176, 46079, 0.004, [1 100 255 127 127 0 380 7 130 128 80 85 128 128], 70.0, TPX, 1601173269, 2020-09-27 02:21:09, I07-W0167, 0, 0, 54.5182557592, -88.1392677178 
177, 46083, 0.004, [1 100 255 127 127 0 380 7 130 128 80 85 128 128], 70.0, TPX, 1601173989, 2020-09-27 02:33:09, I07-W0167, 0, 0, 76.7788872803, 132.251641485 
178, 46084, 0.004, [1 100 255 127 127 0 380 7 130 128 80 85 128 128], 70.0, TPX, 1601174169, 2020-09-27 02:36:09, I07-W0167, 0, 0, 66.3937280827, 115.506189643 
179, 46085, 0.004, [1 100 255 127 127 0 380 7 130 128 80 85 128 128], 70.0, TPX, 1601174349, 2020-09-27 02:39:09, I07-W0167, 0, 0, 55.3544211777, 108.394815246 
180, 46087, 2.0, [1 100 255 127 127 0 380 7 130 128 80 85 128 128], 70.0, TPX, 1601174711, 2020-09-27 02:45:11, I07-W0167, 0, 0, 32.7288355738, 100.92637222 
181, 46088, 2.0, [1 100 255 127 127 0 380 7 130 128 80 85 128 128], 70.0, TPX, 1601174891, 2020-09-27 02:48:11, I07-W0167, 0, 0, 21.4180918286, 98.334240298 
182, 46089, 2.0, [1 100 255 127 127 0 380 7 130 128 80 85 128 128], 70.0, TPX, 1601175071, 2020-09-27 02:51:11, I07-W0167, 0, 0, 10.0982161205, 96.0113612635 
183, 46090, 2.0, [1 100 255 127 127 0 380 7 130 128 80 85 128 128], 70.0, TPX, 1601175251, 2020-09-27 02:54:11, I07-W0167, 0, 0, -1.22061158047, 93.7978198972 
184, 46092, 0.004, [1 100 255 127 127 0 380 7 130 128 80 85 128 128], 70.0, TPX, 1601176145, 2020-09-27 03:09:05, I07-W0167, 0, 0, -57.0784292259, 78.8183134643 
185, 46094, 0.004, [1 100 255 127 127 0 380 7 130 128 80 85 128 128], 70.0, TPX, 1601176505, 2020-09-27 03:15:05, I07-W0167, 0, 0, -78.0985481297, 51.3004067926 
186, 46095, 0.004, [1 100 255 127 127 0 380 7 130 128 80 85 128 128], 70.0, TPX, 1601176685, 2020-09-27 03:18:05, I07-W0167, 0, 0, -82.4433270828, -17.0965440564 
187, 46096, 0.004, [1 100 255 127 127 0 380 7 130 128 80 85 128 128], 70.0, TPX, 1601176865, 2020-09-27 03:21:05, I07-W0167, 0, 0, -74.8160275169, -64.6080229357 
188, 46097, 0.004, [1 100 255 127 127 0 380 7 130 128 80 85 128 128], 70.0, TPX, 1601177045, 2020-09-27 03:24:05, I07-W0167, 0, 0, -64.2634262318, -78.1112113004 
189, 46098, 0.004, [1 100 255 127 127 0 380 7 130 128 80 85 128 128], 70.0, TPX, 1601177225, 2020-09-27 03:27:05, I07-W0167, 0, 0, -53.2164592696, -84.4061526953 
190, 46099, 0.004, [1 100 255 127 127 0 380 7 130 128 80 85 128 128], 70.0, TPX, 1601177585, 2020-09-27 03:33:05, I07-W0167, 0, 0, -30.7305578644, -91.4040434991 
191, 46100, 0.004, [1 100 255 127 127 0 380 7 130 128 80 85 128 128], 70.0, TPX, 1601177765, 2020-09-27 03:36:05, I07-W0167, 0, 0, -19.4105233544, -93.9343553787 
192, 46105, 0.004, [1 100 255 127 127 0 380 7 130 128 80 85 128 128], 70.0, TPX, 1601178665, 2020-09-27 03:51:05, I07-W0167, 0, 0, 37.3547792641, -105.882459934 
193, 46106, 0.004, [1 100 255 127 127 0 380 7 130 128 80 85 128 128], 70.0, TPX, 1601178845, 2020-09-27 03:54:05, I07-W0167, 0, 0, 48.6499757912, -109.390520223 
194, 46108, 0.004, [1 100 255 127 127 0 380 7 130 128 80 85 128 128], 70.0, TPX, 1601179565, 2020-09-27 04:06:05, I07-W0167, 0, 0, 81.1240897052, 131.087626987 
195, 46109, 0.004, [1 100 255 127 127 0 380 7 130 128 80 85 128 128], 70.0, TPX, 1601179745, 2020-09-27 04:09:05, I07-W0167, 0, 0, 71.976779351, 98.4126030584 
196, 46110, 0.004, [1 100 255 127 127 0 380 7 130 128 80 85 128 128], 70.0, TPX, 1601179925, 2020-09-27 04:12:05, I07-W0167, 0, 0, 61.1594809148, 87.9292667216 
197, 46112, 2.0, [1 100 255 127 127 0 380 7 130 128 80 85 128 128], 70.0, TPX, 1601180287, 2020-09-27 04:18:07, I07-W0167, 0, 0, 38.6306790914, 78.8455727493 
198, 46113, 2.0, [1 100 255 127 127 0 380 7 130 128 80 85 128 128], 70.0, TPX, 1601180467, 2020-09-27 04:21:07, I07-W0167, 0, 0, 27.3308516961, 76.0158390369 
199, 46114, 2.0, [1 100 255 127 127 0 380 7 130 128 80 85 128 128], 70.0, TPX, 1601180647, 2020-09-27 04:24:07, I07-W0167, 0, 0, 16.0139983467, 73.5768809375 
200, 46115, 0.004, [1 100 255 127 127 0 380 7 130 128 80 85 128 128], 70.0, TPX, 1601181950, 2020-09-27 04:45:50, I07-W0167, 0, 0, -65.3102073634, 49.8624402366 
201, 46116, 0.004, [1 100 255 127 127 0 380 7 130 128 80 85 128 128], 70.0, TPX, 1601182130, 2020-09-27 04:48:50, I07-W0167, 0, 0, -75.7531977728, 34.993319906 
202, 46117, 0.004, [1 100 255 127 127 0 380 7 130 128 80 85 128 128], 70.0, TPX, 1601182310, 2020-09-27 04:51:50, I07-W0167, 0, 0, -82.6476043805, -18.5423448393 
203, 46118, 0.004, [1 100 255 127 127 0 380 7 130 128 80 85 128 128], 70.0, TPX, 1601182490, 2020-09-27 04:54:50, I07-W0167, 0, 0, -77.2303696146, -81.7938239042 
204, 46119, 0.004, [1 100 255 127 127 0 380 7 130 128 80 85 128 128], 70.0, TPX, 1601182670, 2020-09-27 04:57:50, I07-W0167, 0, 0, -66.970933709, -99.4211078099 
205, 46120, 0.004, [1 100 255 127 127 0 380 7 130 128 80 85 128 128], 70.0, TPX, 1601182850, 2020-09-27 05:00:50, I07-W0167, 0, 0, -55.995103167, -106.764210035 
206, 46121, 0.004, [1 100 255 127 127 0 380 7 130 128 80 85 128 128], 70.0, TPX, 1601183210, 2020-09-27 05:06:50, I07-W0167, 0, 0, -33.5509547082, -114.336547068 
207, 46122, 0.004, [1 100 255 127 127 0 380 7 130 128 80 85 128 128], 70.0, TPX, 1601183390, 2020-09-27 05:09:50, I07-W0167, 0, 0, -22.2390651988, -116.957263332 
208, 46127, 0.004, [1 100 255 127 127 0 380 7 130 128 80 85 128 128], 70.0, TPX, 1601184290, 2020-09-27 05:24:50, I07-W0167, 0, 0, 34.5271834009, -128.765458292 
209, 46128, 0.004, [1 100 255 127 127 0 380 7 130 128 80 85 128 128], 70.0, TPX, 1601184470, 2020-09-27 05:27:50, I07-W0167, 0, 0, 45.8370682498, -132.038635206 
210, 46129, 0.004, [1 100 255 127 127 0 380 7 130 128 80 85 128 128], 70.0, TPX, 1601184650, 2020-09-27 05:30:50, I07-W0167, 0, 0, 57.0638331116, -136.613878402 
211, 46130, 0.004, [1 100 255 127 127 0 380 7 130 128 80 85 128 128], 70.0, TPX, 1601184830, 2020-09-27 05:33:50, I07-W0167, 0, 0, 68.0717211464, -144.513156101 
212, 46131, 0.004, [1 100 255 127 127 0 380 7 130 128 80 85 128 128], 70.0, TPX, 1601185010, 2020-09-27 05:36:50, I07-W0167, 0, 0, 78.2250773841, -164.624771053 
213, 46132, 0.004, [1 100 255 127 127 0 380 7 130 128 80 85 128 128], 70.0, TPX, 1601185190, 2020-09-27 05:39:50, I07-W0167, 0, 0, 82.3774157573, 125.704044563 
214, 46133, 0.004, [1 100 255 127 127 0 380 7 130 128 80 85 128 128], 70.0, TPX, 1601185370, 2020-09-27 05:42:50, I07-W0167, 0, 0, 74.5416793086, 79.3838394672 
215, 46134, 0.004, [1 100 255 127 127 0 380 7 130 128 80 85 128 128], 70.0, TPX, 1601185550, 2020-09-27 05:45:50, I07-W0167, 0, 0, 63.9075528855, 66.2027081822 
216, 46135, 2.0, [1 100 255 127 127 0 380 7 130 128 80 85 128 128], 70.0, TPX, 1601185732, 2020-09-27 05:48:52, I07-W0167, 0, 0, 52.6850432315, 59.9565821493 
217, 46136, 2.0, [1 100 255 127 127 0 380 7 130 128 80 85 128 128], 70.0, TPX, 1601185912, 2020-09-27 05:51:52, I07-W0167, 0, 0, 41.4465953311, 56.0266757165 
218, 46137, 2.0, [1 100 255 127 127 0 380 7 130 128 80 85 128 128], 70.0, TPX, 1601186092, 2020-09-27 05:54:52, I07-W0167, 0, 0, 30.1543699363, 53.0493962576 
219, 46138, 2.0, [1 100 255 127 127 0 380 7 130 128 80 85 128 128], 70.0, TPX, 1601186272, 2020-09-27 05:57:52, I07-W0167, 0, 0, 18.8403050116, 50.5367574925 
220, 46139, 2.0, [1 100 255 127 127 0 380 7 130 128 80 85 128 128], 70.0, TPX, 1601186452, 2020-09-27 06:00:52, I07-W0167, 0, 0, 7.51983336953, 48.2505599889 
221, 46140, 2.0, [1 100 255 127 127 0 380 7 130 128 80 85 128 128], 70.0, TPX, 1601186632, 2020-09-27 06:03:52, I07-W0167, 0, 0, -3.79779862144, 46.0444874345 
222, 46141, 0.004, [1 100 255 127 127 0 380 7 130 128 80 85 128 128], 70.0, TPX, 1601186810, 2020-09-27 06:06:50, I07-W0167, 0, 0, -14.9798803857, 43.8258302565 
223, 46142, 0.004, [1 100 255 127 127 0 380 7 130 128 80 85 128 128], 70.0, TPX, 1601186990, 2020-09-27 06:09:50, I07-W0167, 0, 0, -26.2701079502, 41.4150466874 
224, 46143, 0.004, [1 100 255 127 127 0 380 7 130 128 80 85 128 128], 70.0, TPX, 1601187976, 2020-09-27 06:26:16, I07-W0167, 0, 0, -82.6136993215, -40.2257434134 
225, 46144, 0.004, [1 100 255 127 127 0 380 7 130 128 80 85 128 128], 70.0, TPX, 1601188156, 2020-09-27 06:29:16, I07-W0167, 0, 0, -77.4335814028, -104.744188418 
226, 46145, 0.004, [1 100 255 127 127 0 380 7 130 128 80 85 128 128], 70.0, TPX, 1601188336, 2020-09-27 06:32:16, I07-W0167, 0, 0, -67.2066503674, -122.821144658 
227, 46146, 0.004, [1 100 255 127 127 0 380 7 130 128 80 85 128 128], 70.0, TPX, 1601188516, 2020-09-27 06:35:16, I07-W0167, 0, 0, -56.2379812788, -130.271337419 
228, 46147, 0.004, [1 100 255 127 127 0 380 7 130 128 80 85 128 128], 70.0, TPX, 1601188696, 2020-09-27 06:38:16, I07-W0167, 0, 0, -45.0619169112, -134.693160906 
229, 46148, 0.004, [1 100 255 127 127 0 380 7 130 128 80 85 128 128], 70.0, TPX, 1601188876, 2020-09-27 06:41:16, I07-W0167, 0, 0, -33.7976748014, -137.899839098 
230, 46152, 0.004, [1 100 255 127 127 0 380 7 130 128 80 85 128 128], 70.0, TPX, 1601189596, 2020-09-27 06:53:16, I07-W0167, 0, 0, 11.5716740469, -147.321634264 
231, 46153, 0.004, [1 100 255 127 127 0 380 7 130 128 80 85 128 128], 70.0, TPX, 1601189776, 2020-09-27 06:56:16, I07-W0167, 0, 0, 22.9330431542, -149.675454056 
232, 46154, 0.004, [1 100 255 127 127 0 380 7 130 128 80 85 128 128], 70.0, TPX, 1601189956, 2020-09-27 06:59:16, I07-W0167, 0, 0, 34.2799066473, -152.327848737 
233, 46155, 0.004, [1 100 255 127 127 0 380 7 130 128 80 85 128 128], 70.0, TPX, 1601190136, 2020-09-27 07:02:16, I07-W0167, 0, 0, 45.5909287227, -155.582488517 
234, 46156, 0.004, [1 100 255 127 127 0 380 7 130 128 80 85 128 128], 70.0, TPX, 1601190316, 2020-09-27 07:05:16, I07-W0167, 0, 0, 56.8203607734, -160.116067559 
235, 46157, 0.004, [1 100 255 127 127 0 380 7 130 128 80 85 128 128], 70.0, TPX, 1601190496, 2020-09-27 07:08:16, I07-W0167, 0, 0, 67.8361206012, -167.896445325 
236, 46158, 0.004, [1 100 255 127 127 0 380 7 130 128 80 85 128 128], 70.0, TPX, 1601190676, 2020-09-27 07:11:16, I07-W0167, 0, 0, 78.0281357096, 172.517710336 
237, 46159, 0.004, [1 100 255 127 127 0 380 7 130 128 80 85 128 128], 70.0, TPX, 1601190856, 2020-09-27 07:14:16, I07-W0167, 0, 0, 82.4455605547, 103.919484057 
238, 46160, 0.004, [1 100 255 127 127 0 380 7 130 128 80 85 128 128], 70.0, TPX, 1601191036, 2020-09-27 07:17:16, I07-W0167, 0, 0, 74.7613108715, 56.2288083347 
239, 46161, 0.004, [1 100 255 127 127 0 380 7 130 128 80 85 128 128], 70.0, TPX, 1601191216, 2020-09-27 07:20:16, I07-W0167, 0, 0, 64.1471149404, 42.7594533121 
240, 46164, 2.0, [1 100 255 127 127 0 380 7 130 128 80 85 128 128], 70.0, TPX, 1601191758, 2020-09-27 07:29:18, I07-W0167, 0, 0, 30.4017969541, 29.4829213599 
241, 46165, 2.0, [1 100 255 127 127 0 380 7 130 128 80 85 128 128], 70.0, TPX, 1601191938, 2020-09-27 07:32:18, I07-W0167, 0, 0, 19.088095737, 26.9631877357 
242, 46166, 2.0, [1 100 255 127 127 0 380 7 130 128 80 85 128 128], 70.0, TPX, 1601192118, 2020-09-27 07:35:18, I07-W0167, 0, 0, 7.76772569391, 24.6737954112 
243, 46167, 2.0, [1 100 255 127 127 0 380 7 130 128 80 85 128 128], 70.0, TPX, 1601192298, 2020-09-27 07:38:18, I07-W0167, 0, 0, -3.54999060721, 22.4672669416 
244, 46168, 0.004, [1 100 255 127 127 0 380 7 130 128 80 85 128 128], 70.0, TPX, 1601192476, 2020-09-27 07:41:16, I07-W0167, 0, 0, -14.7323235944, 20.2506980939 
245, 46169, 0.004, [1 100 255 127 127 0 380 7 130 128 80 85 128 128], 70.0, TPX, 1601192656, 2020-09-27 07:44:16, I07-W0167, 0, 0, -26.0230173193, 17.8453086667 
246, 46170, 0.004, [1 100 255 127 127 0 380 7 130 128 80 85 128 128], 70.0, TPX, 1601192836, 2020-09-27 07:47:16, I07-W0167, 0, 0, -37.2851010893, 15.083986129 
247, 46171, 0.004, [1 100 255 127 127 0 380 7 130 128 80 85 128 128], 70.0, TPX, 1601193552, 2020-09-27 07:59:12, I07-W0167, 0, 0, -79.8481625571, -27.9755361763 
248, 46172, 0.004, [1 100 255 127 127 0 380 7 130 128 80 85 128 128], 70.0, TPX, 1601193732, 2020-09-27 08:02:12, I07-W0167, 0, 0, -81.5278085266, -103.741919629 
249, 46173, 0.004, [1 100 255 127 127 0 380 7 130 128 80 85 128 128], 70.0, TPX, 1601193912, 2020-09-27 08:05:12, I07-W0167, 0, 0, -72.7208533289, -139.485412872 
250, 46174, 0.004, [1 100 255 127 127 0 380 7 130 128 80 85 128 128], 70.0, TPX, 1601194092, 2020-09-27 08:08:12, I07-W0167, 0, 0, -62.0029546357, -150.610711859 
251, 46175, 0.004, [1 100 255 127 127 0 380 7 130 128 80 85 128 128], 70.0, TPX, 1601194272, 2020-09-27 08:11:12, I07-W0167, 0, 0, -50.9096106891, -156.230837394 
252, 46176, 0.004, [1 100 255 127 127 0 380 7 130 128 80 85 128 128], 70.0, TPX, 1601194452, 2020-09-27 08:14:12, I07-W0167, 0, 0, -39.6835083556, -159.951623925 
253, 46177, 2.0, [1 100 255 127 127 0 380 7 130 128 80 85 128 128], 70.0, TPX, 1601194634, 2020-09-27 08:17:14, I07-W0167, 0, 0, -28.2677948482, -162.861503077 
254, 46178, 2.0, [1 100 255 127 127 0 380 7 130 128 80 85 128 128], 70.0, TPX, 1601194814, 2020-09-27 08:20:14, I07-W0167, 0, 0, -16.9410889509, -165.324947405 
255, 46179, 2.0, [1 100 255 127 127 0 380 7 130 128 80 85 128 128], 70.0, TPX, 1601194994, 2020-09-27 08:23:14, I07-W0167, 0, 0, -5.59254907328, -167.592433605 
256, 46182, 0.004, [1 100 255 127 127 0 380 7 130 128 80 85 128 128], 70.0, TPX, 1601195532, 2020-09-27 08:32:12, I07-W0167, 0, 0, 28.3618072795, -174.517985875 
257, 46183, 0.004, [1 100 255 127 127 0 380 7 130 128 80 85 128 128], 70.0, TPX, 1601195712, 2020-09-27 08:35:12, I07-W0167, 0, 0, 39.6951060168, -177.406486535 
258, 46184, 0.004, [1 100 255 127 127 0 380 7 130 128 80 85 128 128], 70.0, TPX, 1601195892, 2020-09-27 08:38:12, I07-W0167, 0, 0, 50.9755595806, 178.853707998 
259, 46185, 0.004, [1 100 255 127 127 0 380 7 130 128 80 85 128 128], 70.0, TPX, 1601196072, 2020-09-27 08:41:12, I07-W0167, 0, 0, 62.1304742674, 173.178421855 
260, 46186, 0.004, [1 100 255 127 127 0 380 7 130 128 80 85 128 128], 70.0, TPX, 1601196252, 2020-09-27 08:44:12, I07-W0167, 0, 0, 72.905575795, 161.832084286 
261, 46188, 0.004, [1 100 255 127 127 0 380 7 130 128 80 85 128 128], 70.0, TPX, 1601196612, 2020-09-27 08:50:12, I07-W0167, 0, 0, 79.5967706145, 49.1901413016 
262, 46189, 0.004, [1 100 255 127 127 0 380 7 130 128 80 85 128 128], 70.0, TPX, 1601196792, 2020-09-27 08:53:12, I07-W0167, 0, 0, 69.7952237606, 24.5655642336 
263, 46190, 0.004, [1 100 255 127 127 0 380 7 130 128 80 85 128 128], 70.0, TPX, 1601196972, 2020-09-27 08:56:12, I07-W0167, 0, 0, 58.8711899582, 15.6924979274 
264, 46192, 2.0, [1 100 255 127 127 0 380 7 130 128 80 85 128 128], 70.0, TPX, 1601197514, 2020-09-27 09:05:14, I07-W0167, 0, 0, 24.9960659343, 4.61231660911 
265, 46193, 2.0, [1 100 255 127 127 0 380 7 130 128 80 85 128 128], 70.0, TPX, 1601197694, 2020-09-27 09:08:14, I07-W0167, 0, 0, 13.6777731225, 2.2249191808 
