# ordinar image ID, original image ID, exposure [s], dacs, bias [V], detector type, UTC time, human readable time, chip-board id, adrenalin mode, anomaly mode, latitude [deg], longitude [deg], 
1, 40603, 0.002, [1 100 255 127 127 0 385 7 130 128 80 85 128 128], 70.0, TPX, 1581411721, 2020-02-11 09:02:01, I07-W0167, 0, 0, -42.159328986, -2.31672396687 
2, 40604, 0.002, [1 100 255 127 127 0 385 7 130 128 80 85 128 128], 70.0, TPX, 1581411901, 2020-02-11 09:05:01, I07-W0167, 0, 0, -53.3403110898, -6.32963021813 
3, 40605, 0.002, [1 100 255 127 127 0 385 7 130 128 80 85 128 128], 70.0, TPX, 1581412081, 2020-02-11 09:08:01, I07-W0167, 0, 0, -64.360162201, -12.6707206399 
4, 40606, 0.002, [1 100 255 127 127 0 385 7 130 128 80 85 128 128], 70.0, TPX, 1581412261, 2020-02-11 09:11:01, I07-W0167, 0, 0, -74.8794116724, -26.2991601598 
5, 40607, 0.002, [1 100 255 127 127 0 385 7 130 128 80 85 128 128], 70.0, TPX, 1581412441, 2020-02-11 09:14:01, I07-W0167, 0, 0, -82.4333413463, -74.1138430892 
6, 40609, 0.002, [1 100 255 127 127 0 385 7 130 128 80 85 128 128], 70.0, TPX, 1581412801, 2020-02-11 09:20:01, I07-W0167, 0, 0, -67.9571515533, -161.612234157 
7, 40611, 0.002, [1 100 255 127 127 0 385 7 130 128 80 85 128 128], 70.0, TPX, 1581413161, 2020-02-11 09:26:01, I07-W0167, 0, 0, -45.9158032554, -174.000298517 
8, 40615, 0.002, [1 100 255 127 127 0 385 7 130 128 80 85 128 128], 70.0, TPX, 1581414687, 2020-02-11 09:51:27, I07-W0167, 0, 0, 49.8345662346, 163.247668312 
9, 40616, 0.002, [1 100 255 127 127 0 385 7 130 128 80 85 128 128], 70.0, TPX, 1581414867, 2020-02-11 09:54:27, I07-W0167, 0, 0, 60.9943064501, 157.85007034 
10, 40617, 0.002, [1 100 255 127 127 0 385 7 130 128 80 85 128 128], 70.0, TPX, 1581415047, 2020-02-11 09:57:27, I07-W0167, 0, 0, 71.825927793, 147.449509066 
11, 40620, 0.002, [1 100 255 127 127 0 385 7 130 128 80 85 128 128], 70.0, TPX, 1581415587, 2020-02-11 10:06:27, I07-W0167, 0, 0, 70.8520042892, 9.99895212752 
12, 40625, 0.002, [1 100 255 127 127 0 385 7 130 128 80 85 128 128], 70.0, TPX, 1581417288, 2020-02-11 10:34:48, I07-W0167, 0, 0, -35.5665093811, -24.1023595872 
13, 40626, 0.002, [1 100 255 127 127 0 385 7 130 128 80 85 128 128], 70.0, TPX, 1581417468, 2020-02-11 10:37:48, I07-W0167, 0, 0, -46.7964844318, -27.4463450723 
14, 40627, 0.002, [1 100 255 127 127 0 385 7 130 128 80 85 128 128], 70.0, TPX, 1581417648, 2020-02-11 10:40:48, I07-W0167, 0, 0, -57.927510532, -32.1687498166 
15, 40628, 0.002, [1 100 255 127 127 0 385 7 130 128 80 85 128 128], 70.0, TPX, 1581417828, 2020-02-11 10:43:48, I07-W0167, 0, 0, -68.8152487092, -40.4546572034 
16, 40629, 0.002, [1 100 255 127 127 0 385 7 130 128 80 85 128 128], 70.0, TPX, 1581418008, 2020-02-11 10:46:48, I07-W0167, 0, 0, -78.7509473086, -62.1085220395 
17, 40631, 0.002, [1 100 255 127 127 0 385 7 130 128 80 85 128 128], 70.0, TPX, 1581418368, 2020-02-11 10:52:48, I07-W0167, 0, 0, -74.0727526711, -176.542754473 
18, 40632, 0.002, [1 100 255 127 127 0 385 7 130 128 80 85 128 128], 70.0, TPX, 1581418548, 2020-02-11 10:55:48, I07-W0167, 0, 0, -63.4876738365, 170.8620315 
19, 40635, 1.5, [1 100 255 127 127 0 385 7 130 128 80 85 128 128], 70.0, TPX, 1581419090, 2020-02-11 11:04:50, I07-W0167, 0, 0, -29.9122089944, 157.907771778 
20, 40636, 1.5, [1 100 255 127 127 0 385 7 130 128 80 85 128 128], 70.0, TPX, 1581419270, 2020-02-11 11:07:50, I07-W0167, 0, 0, -18.6294604871, 155.399603372 
21, 40637, 1.5, [1 100 255 127 127 0 385 7 130 128 80 85 128 128], 70.0, TPX, 1581419450, 2020-02-11 11:10:50, I07-W0167, 0, 0, -7.32279180351, 153.111872491 
22, 40638, 1.5, [1 100 255 127 127 0 385 7 130 128 80 85 128 128], 70.0, TPX, 1581419630, 2020-02-11 11:13:50, I07-W0167, 0, 0, 3.99894342361, 150.899874747 
23, 40639, 1.5, [1 100 255 127 127 0 385 7 130 128 80 85 128 128], 70.0, TPX, 1581419810, 2020-02-11 11:16:50, I07-W0167, 0, 0, 15.3281500239, 148.644983416 
24, 40641, 0.002, [1 100 255 127 127 0 385 7 130 128 80 85 128 128], 70.0, TPX, 1581420348, 2020-02-11 11:25:48, I07-W0167, 0, 0, 49.1151970509, 139.881222334 
25, 40642, 0.002, [1 100 255 127 127 0 385 7 130 128 80 85 128 128], 70.0, TPX, 1581420528, 2020-02-11 11:28:48, I07-W0167, 0, 0, 60.2856196823, 134.651469431 
26, 40643, 0.002, [1 100 255 127 127 0 385 7 130 128 80 85 128 128], 70.0, TPX, 1581420708, 2020-02-11 11:31:48, I07-W0167, 0, 0, 71.1536049523, 124.790848271 
27, 40646, 0.002, [1 100 255 127 127 0 385 7 130 128 80 85 128 128], 70.0, TPX, 1581421248, 2020-02-11 11:40:48, I07-W0167, 0, 0, 71.5265196206, -12.6878456317 
28, 40648, 1.5, [1 100 255 127 127 0 385 7 130 128 80 85 128 128], 70.0, TPX, 1581421610, 2020-02-11 11:46:50, I07-W0167, 0, 0, 49.3713052391, -28.2150794482 
29, 40649, 1.5, [1 100 255 127 127 0 385 7 130 128 80 85 128 128], 70.0, TPX, 1581421790, 2020-02-11 11:49:50, I07-W0167, 0, 0, 38.0873204676, -31.8008246016 
30, 40650, 1.5, [1 100 255 127 127 0 385 7 130 128 80 85 128 128], 70.0, TPX, 1581421970, 2020-02-11 11:52:50, I07-W0167, 0, 0, 26.7595080796, -34.6173589734 
31, 40651, 0.002, [1 100 255 127 127 0 385 7 130 128 80 85 128 128], 70.0, TPX, 1581422922, 2020-02-11 12:08:42, I07-W0167, 0, 0, -33.1548037364, -47.1208945117 
32, 40652, 0.002, [1 100 255 127 127 0 385 7 130 128 80 85 128 128], 70.0, TPX, 1581423102, 2020-02-11 12:11:42, I07-W0167, 0, 0, -44.3983879391, -50.2861202859 
33, 40653, 0.002, [1 100 255 127 127 0 385 7 130 128 80 85 128 128], 70.0, TPX, 1581424008, 2020-02-11 12:26:48, I07-W0167, 0, 0, -75.861019139, 163.869365791 
34, 40655, 0.002, [1 100 255 127 127 0 385 7 130 128 80 85 128 128], 70.0, TPX, 1581424368, 2020-02-11 12:32:48, I07-W0167, 0, 0, -54.4665546423, 142.046187395 
35, 40658, 1.5, [1 100 255 127 127 0 385 7 130 128 80 85 128 128], 70.0, TPX, 1581425090, 2020-02-11 12:44:50, I07-W0167, 0, 0, -9.36780252094, 129.880008561 
36, 40659, 1.5, [1 100 255 127 127 0 385 7 130 128 80 85 128 128], 70.0, TPX, 1581425270, 2020-02-11 12:47:50, I07-W0167, 0, 0, 1.95187895367, 127.663284326 
37, 40660, 1.5, [1 100 255 127 127 0 385 7 130 128 80 85 128 128], 70.0, TPX, 1581425450, 2020-02-11 12:50:50, I07-W0167, 0, 0, 13.2804362591, 125.425044996 
38, 40661, 1.5, [1 100 255 127 127 0 385 7 130 128 80 85 128 128], 70.0, TPX, 1581425630, 2020-02-11 12:53:50, I07-W0167, 0, 0, 24.6093628216, 123.037607013 
39, 40664, 0.002, [1 100 255 127 127 0 385 7 130 128 80 85 128 128], 70.0, TPX, 1581426168, 2020-02-11 13:02:48, I07-W0167, 0, 0, 58.2801258781, 112.164369328 
40, 40665, 0.002, [1 100 255 127 127 0 385 7 130 128 80 85 128 128], 70.0, TPX, 1581426348, 2020-02-11 13:05:48, I07-W0167, 0, 0, 69.2344037581, 103.5978846 
41, 40669, 0.002, [1 100 255 127 127 0 385 7 130 128 80 85 128 128], 70.0, TPX, 1581427068, 2020-02-11 13:17:48, I07-W0167, 0, 0, 62.6676344947, -45.1706740133 
42, 40671, 0.002, [1 100 255 127 127 0 385 7 130 128 80 85 128 128], 70.0, TPX, 1581427428, 2020-02-11 13:23:48, I07-W0167, 0, 0, 40.2560728684, -54.8263007058 
43, 40672, 1.5, [1 100 255 127 127 0 385 7 130 128 80 85 128 128], 70.0, TPX, 1581427610, 2020-02-11 13:26:50, I07-W0167, 0, 0, 28.8080884247, -57.7805248611 
44, 40673, 1.5, [1 100 255 127 127 0 385 7 130 128 80 85 128 128], 70.0, TPX, 1581427790, 2020-02-11 13:29:50, I07-W0167, 0, 0, 17.4651369224, -60.267048398 
45, 40674, 1.5, [1 100 255 127 127 0 385 7 130 128 80 85 128 128], 70.0, TPX, 1581427970, 2020-02-11 13:32:50, I07-W0167, 0, 0, 6.11751912037, -62.5461732407 
46, 40676, 0.002, [1 100 255 127 127 0 385 7 130 128 80 85 128 128], 70.0, TPX, 1581428328, 2020-02-11 13:38:48, I07-W0167, 0, 0, -16.4267142348, -67.0003649941 
47, 40677, 0.002, [1 100 255 127 127 0 385 7 130 128 80 85 128 128], 70.0, TPX, 1581428508, 2020-02-11 13:41:48, I07-W0167, 0, 0, -27.7318435645, -69.4540763021 
48, 40678, 0.002, [1 100 255 127 127 0 385 7 130 128 80 85 128 128], 70.0, TPX, 1581428688, 2020-02-11 13:44:48, I07-W0167, 0, 0, -39.0005884765, -72.3050723934 
49, 40679, 0.002, [1 100 255 127 127 0 385 7 130 128 80 85 128 128], 70.0, TPX, 1581428868, 2020-02-11 13:47:48, I07-W0167, 0, 0, -50.2073101481, -75.9588001272 
50, 40680, 0.002, [1 100 255 127 127 0 385 7 130 128 80 85 128 128], 70.0, TPX, 1581429048, 2020-02-11 13:50:48, I07-W0167, 0, 0, -61.2881753391, -81.4057188952 
51, 40681, 0.002, [1 100 255 127 127 0 385 7 130 128 80 85 128 128], 70.0, TPX, 1581429228, 2020-02-11 13:53:48, I07-W0167, 0, 0, -72.0230129015, -91.9259109327 
52, 40682, 0.002, [1 100 255 127 127 0 385 7 130 128 80 85 128 128], 70.0, TPX, 1581430353, 2020-02-11 14:12:33, I07-W0167, 0, 0, -35.0454376645, 111.909569121 
53, 40684, 1.5, [1 100 255 127 127 0 385 7 130 128 80 85 128 128], 70.0, TPX, 1581430715, 2020-02-11 14:18:35, I07-W0167, 0, 0, -12.3546826644, 106.840393965 
54, 40685, 1.5, [1 100 255 127 127 0 385 7 130 128 80 85 128 128], 70.0, TPX, 1581430895, 2020-02-11 14:21:35, I07-W0167, 0, 0, -1.03849216352, 104.609872748 
55, 40686, 1.5, [1 100 255 127 127 0 385 7 130 128 80 85 128 128], 70.0, TPX, 1581431075, 2020-02-11 14:24:35, I07-W0167, 0, 0, 10.2885803228, 102.38869523 
56, 40687, 1.5, [1 100 255 127 127 0 385 7 130 128 80 85 128 128], 70.0, TPX, 1581431255, 2020-02-11 14:27:35, I07-W0167, 0, 0, 21.6185032392, 100.055058648 
57, 40690, 0.002, [1 100 255 127 127 0 385 7 130 128 80 85 128 128], 70.0, TPX, 1581452603, 2020-02-11 20:23:23, I07-W0167, 0, 0, -62.2884155618, 28.1951779845 
58, 40691, 0.002, [1 100 255 127 127 0 385 7 130 128 80 85 128 128], 70.0, TPX, 1581452783, 2020-02-11 20:26:23, I07-W0167, 0, 0, -51.2349667502, 22.489126962 
59, 40692, 0.002, [1 100 255 127 127 0 385 7 130 128 80 85 128 128], 70.0, TPX, 1581452963, 2020-02-11 20:29:23, I07-W0167, 0, 0, -40.0484282875, 18.7292597961 
60, 40693, 0.002, [1 100 255 127 127 0 385 7 130 128 80 85 128 128], 70.0, TPX, 1581453143, 2020-02-11 20:32:23, I07-W0167, 0, 0, -28.7986115372, 15.8277561635 
61, 40695, 1.5, [1 100 255 127 127 0 385 7 130 128 80 85 128 128], 70.0, TPX, 1581453505, 2020-02-11 20:38:25, I07-W0167, 0, 0, -6.0776184359, 11.0501754435 
62, 40696, 1.5, [1 100 255 127 127 0 385 7 130 128 80 85 128 128], 70.0, TPX, 1581453685, 2020-02-11 20:41:25, I07-W0167, 0, 0, 5.24597246823, 8.83911599717 
63, 40697, 1.5, [1 100 255 127 127 0 385 7 130 128 80 85 128 128], 70.0, TPX, 1581453865, 2020-02-11 20:44:25, I07-W0167, 0, 0, 16.5761929247, 6.5719183723 
64, 40698, 1.5, [1 100 255 127 127 0 385 7 130 128 80 85 128 128], 70.0, TPX, 1581454045, 2020-02-11 20:47:25, I07-W0167, 0, 0, 27.9037525957, 4.11080655427 
65, 40699, 1.5, [1 100 255 127 127 0 385 7 130 128 80 85 128 128], 70.0, TPX, 1581454226, 2020-02-11 20:50:26, I07-W0167, 0, 0, 39.2768627982, 1.2245849363 
66, 40702, 0.002, [1 100 255 127 127 0 385 7 130 128 80 85 128 128], 70.0, TPX, 1581454763, 2020-02-11 20:59:23, I07-W0167, 0, 0, 72.3101813749, -18.7539492224 
67, 40704, 0.002, [1 100 255 127 127 0 385 7 130 128 80 85 128 128], 70.0, TPX, 1581455696, 2020-02-11 21:14:56, I07-W0167, 0, 0, 46.1886693127, -171.160319521 
68, 40706, 1.5, [1 100 255 127 127 0 385 7 130 128 80 85 128 128], 70.0, TPX, 1581456238, 2020-02-11 21:23:58, I07-W0167, 0, 0, 12.0822025128, -179.544759217 
69, 40707, 1.5, [1 100 255 127 127 0 385 7 130 128 80 85 128 128], 70.0, TPX, 1581456418, 2020-02-11 21:26:58, I07-W0167, 0, 0, 0.736652070228, 178.222584858 
70, 40708, 1.5, [1 100 255 127 127 0 385 7 130 128 80 85 128 128], 70.0, TPX, 1581456598, 2020-02-11 21:29:58, I07-W0167, 0, 0, -10.5991900055, 175.998921151 
71, 40709, 1.5, [1 100 255 127 127 0 385 7 130 128 80 85 128 128], 70.0, TPX, 1581456778, 2020-02-11 21:32:58, I07-W0167, 0, 0, -21.9169124965, 173.662053889 
72, 40710, 1.5, [1 100 255 127 127 0 385 7 130 128 80 85 128 128], 70.0, TPX, 1581456958, 2020-02-11 21:35:58, I07-W0167, 0, 0, -33.2059720986, 171.049506532 
73, 40714, 0.002, [1 100 255 127 127 0 385 7 130 128 80 85 128 128], 70.0, TPX, 1581458106, 2020-02-11 21:55:06, I07-W0167, 0, 0, -72.359939303, 14.9481148834 
74, 40715, 0.002, [1 100 255 127 127 0 385 7 130 128 80 85 128 128], 70.0, TPX, 1581458286, 2020-02-11 21:58:06, I07-W0167, 0, 0, -61.6520741577, 4.13351992146 
75, 40716, 0.002, [1 100 255 127 127 0 385 7 130 128 80 85 128 128], 70.0, TPX, 1581458466, 2020-02-11 22:01:06, I07-W0167, 0, 0, -50.5871574584, -1.40285298033 
76, 40717, 0.002, [1 100 255 127 127 0 385 7 130 128 80 85 128 128], 70.0, TPX, 1581458646, 2020-02-11 22:04:06, I07-W0167, 0, 0, -39.3956500331, -5.09320717662 
77, 40718, 0.002, [1 100 255 127 127 0 385 7 130 128 80 85 128 128], 70.0, TPX, 1581458826, 2020-02-11 22:07:06, I07-W0167, 0, 0, -28.14311316, -7.9613470427 
78, 40719, 1.5, [1 100 255 127 127 0 385 7 130 128 80 85 128 128], 70.0, TPX, 1581459008, 2020-02-11 22:10:08, I07-W0167, 0, 0, -16.7296980112, -10.4488635183 
79, 40720, 1.5, [1 100 255 127 127 0 385 7 130 128 80 85 128 128], 70.0, TPX, 1581459188, 2020-02-11 22:13:08, I07-W0167, 0, 0, -5.41924070708, -12.7151066242 
80, 40721, 1.5, [1 100 255 127 127 0 385 7 130 128 80 85 128 128], 70.0, TPX, 1581459368, 2020-02-11 22:16:08, I07-W0167, 0, 0, 5.90505968296, -14.9262070517 
81, 40722, 1.5, [1 100 255 127 127 0 385 7 130 128 80 85 128 128], 70.0, TPX, 1581459548, 2020-02-11 22:19:08, I07-W0167, 0, 0, 17.2355247456, -17.2005251488 
82, 40723, 1.5, [1 100 255 127 127 0 385 7 130 128 80 85 128 128], 70.0, TPX, 1581459728, 2020-02-11 22:22:08, I07-W0167, 0, 0, 28.5626746052, -19.6783726378 
83, 40724, 1.5, [1 100 255 127 127 0 385 7 130 128 80 85 128 128], 70.0, TPX, 1581459908, 2020-02-11 22:25:08, I07-W0167, 0, 0, 39.8714854068, -22.5804380535 
84, 40725, 1.5, [1 100 255 127 127 0 385 7 130 128 80 85 128 128], 70.0, TPX, 1581460088, 2020-02-11 22:28:08, I07-W0167, 0, 0, 51.1324319503, -26.3452656443 
85, 40729, 0.002, [1 100 255 127 127 0 385 7 130 128 80 85 128 128], 70.0, TPX, 1581460806, 2020-02-11 22:40:06, I07-W0167, 0, 0, 79.552811517, -155.93498092 
86, 40730, 0.002, [1 100 255 127 127 0 385 7 130 128 80 85 128 128], 70.0, TPX, 1581460986, 2020-02-11 22:43:06, I07-W0167, 0, 0, 69.740069983, 179.482795741 
87, 40731, 0.002, [1 100 255 127 127 0 385 7 130 128 80 85 128 128], 70.0, TPX, 1581461166, 2020-02-11 22:46:06, I07-W0167, 0, 0, 58.7989607078, 170.602839481 
88, 40732, 0.002, [1 100 255 127 127 0 385 7 130 128 80 85 128 128], 70.0, TPX, 1581461346, 2020-02-11 22:49:06, I07-W0167, 0, 0, 47.5979832251, 165.689324336 
89, 40735, 1.5, [1 100 255 127 127 0 385 7 130 128 80 85 128 128], 70.0, TPX, 1581461888, 2020-02-11 22:58:08, I07-W0167, 0, 0, 13.5019597844, 157.105074287 
90, 40736, 1.5, [1 100 255 127 127 0 385 7 130 128 80 85 128 128], 70.0, TPX, 1581462068, 2020-02-11 23:01:08, I07-W0167, 0, 0, 2.15589264873, 154.862969069 
91, 40738, 1.5, [1 100 255 127 127 0 385 7 130 128 80 85 128 128], 70.0, TPX, 1581462428, 2020-02-11 23:07:08, I07-W0167, 0, 0, -20.5018834233, 150.329444669 
92, 40739, 1.5, [1 100 255 127 127 0 385 7 130 128 80 85 128 128], 70.0, TPX, 1581462608, 2020-02-11 23:10:08, I07-W0167, 0, 0, -31.7951657899, 147.763205994 
93, 40740, 0.002, [1 100 255 127 127 0 385 7 130 128 80 85 128 128], 70.0, TPX, 1581462786, 2020-02-11 23:13:06, I07-W0167, 0, 0, -42.9203418331, 144.72579355 
94, 40741, 0.002, [1 100 255 127 127 0 385 7 130 128 80 85 128 128], 70.0, TPX, 1581462966, 2020-02-11 23:16:06, I07-W0167, 0, 0, -54.0934384835, 140.613541557 
95, 40742, 0.002, [1 100 255 127 127 0 385 7 130 128 80 85 128 128], 70.0, TPX, 1581463146, 2020-02-11 23:19:06, I07-W0167, 0, 0, -65.0951656876, 134.014103499 
96, 40745, 0.002, [1 100 255 127 127 0 385 7 130 128 80 85 128 128], 70.0, TPX, 1581463686, 2020-02-11 23:28:06, I07-W0167, 0, 0, -77.4262935909, 3.05179831676 
97, 40746, 0.002, [1 100 255 127 127 0 385 7 130 128 80 85 128 128], 70.0, TPX, 1581463866, 2020-02-11 23:31:06, I07-W0167, 0, 0, -67.233137841, -15.0630567219 
98, 40747, 0.002, [1 100 255 127 127 0 385 7 130 128 80 85 128 128], 70.0, TPX, 1581464046, 2020-02-11 23:34:06, I07-W0167, 0, 0, -56.2987460567, -22.5393339751 
99, 40748, 0.002, [1 100 255 127 127 0 385 7 130 128 80 85 128 128], 70.0, TPX, 1581464226, 2020-02-11 23:37:06, I07-W0167, 0, 0, -45.1591412389, -26.9764468405 
100, 40749, 0.002, [1 100 255 127 127 0 385 7 130 128 80 85 128 128], 70.0, TPX, 1581464406, 2020-02-11 23:40:06, I07-W0167, 0, 0, -33.9332506413, -30.1928068259 
101, 40750, 0.002, [1 100 255 127 127 0 385 7 130 128 80 85 128 128], 70.0, TPX, 1581464586, 2020-02-11 23:43:06, I07-W0167, 0, 0, -22.6613518895, -32.8285836564 
102, 40752, 1.5, [1 100 255 127 127 0 385 7 130 128 80 85 128 128], 70.0, TPX, 1581464948, 2020-02-11 23:49:08, I07-W0167, 0, 0, 0.0826195223245, -37.4253180427 
103, 40753, 1.5, [1 100 255 127 127 0 385 7 130 128 80 85 128 128], 70.0, TPX, 1581465128, 2020-02-11 23:52:08, I07-W0167, 0, 0, 11.4110365354, -39.652000693 
104, 40754, 1.5, [1 100 255 127 127 0 385 7 130 128 80 85 128 128], 70.0, TPX, 1581465488, 2020-02-11 23:58:08, I07-W0167, 0, 0, 34.0622182732, -44.6524675611 
105, 40755, 1.5, [1 100 255 127 127 0 385 7 130 128 80 85 128 128], 70.0, TPX, 1581465668, 2020-02-12 00:01:08, I07-W0167, 0, 0, 45.3531322717, -47.8953764918 
106, 40760, 0.002, [1 100 255 127 127 0 385 7 130 128 80 85 128 128], 70.0, TPX, 1581466566, 2020-02-12 00:16:06, I07-W0167, 0, 0, 75.0704588936, 164.679016415 
107, 40761, 0.002, [1 100 255 127 127 0 385 7 130 128 80 85 128 128], 70.0, TPX, 1581466746, 2020-02-12 00:19:06, I07-W0167, 0, 0, 64.476644247, 150.717495036 
108, 40762, 0.002, [1 100 255 127 127 0 385 7 130 128 80 85 128 128], 70.0, TPX, 1581466926, 2020-02-12 00:22:06, I07-W0167, 0, 0, 53.3724812808, 144.304603105 
109, 40763, 0.002, [1 100 255 127 127 0 385 7 130 128 80 85 128 128], 70.0, TPX, 1581467106, 2020-02-12 00:25:06, I07-W0167, 0, 0, 42.1163022093, 140.269819117 
110, 40764, 1.5, [1 100 255 127 127 0 385 7 130 128 80 85 128 128], 70.0, TPX, 1581467468, 2020-02-12 00:31:08, I07-W0167, 0, 0, 19.3342472169, 134.671099395 
111, 40765, 1.5, [1 100 255 127 127 0 385 7 130 128 80 85 128 128], 70.0, TPX, 1581467648, 2020-02-12 00:34:08, I07-W0167, 0, 0, 7.98726931815, 132.368915833 
112, 40766, 1.5, [1 100 255 127 127 0 385 7 130 128 80 85 128 128], 70.0, TPX, 1581467828, 2020-02-12 00:37:08, I07-W0167, 0, 0, -3.35552231496, 130.153011222 
113, 40767, 0.002, [1 100 255 127 127 0 385 7 130 128 80 85 128 128], 70.0, TPX, 1581468743, 2020-02-12 00:52:23, I07-W0167, 0, 0, -60.5113574343, 113.628529659 
114, 40770, 0.002, [1 100 255 127 127 0 385 7 130 128 80 85 128 128], 70.0, TPX, 1581469283, 2020-02-12 01:01:23, I07-W0167, 0, 0, -80.861591875, -2.40310408863 
115, 40771, 0.002, [1 100 255 127 127 0 385 7 130 128 80 85 128 128], 70.0, TPX, 1581469463, 2020-02-12 01:04:23, I07-W0167, 0, 0, -71.6736282349, -33.3827544698 
116, 40772, 0.002, [1 100 255 127 127 0 385 7 130 128 80 85 128 128], 70.0, TPX, 1581469643, 2020-02-12 01:07:23, I07-W0167, 0, 0, -60.9252464074, -43.6051946558 
117, 40773, 0.002, [1 100 255 127 127 0 385 7 130 128 80 85 128 128], 70.0, TPX, 1581469823, 2020-02-12 01:10:23, I07-W0167, 0, 0, -49.8479909714, -48.9598478134 
118, 40774, 0.002, [1 100 255 127 127 0 385 7 130 128 80 85 128 128], 70.0, TPX, 1581470003, 2020-02-12 01:13:23, I07-W0167, 0, 0, -38.6510091495, -52.5747390915 
119, 40775, 0.002, [1 100 255 127 127 0 385 7 130 128 80 85 128 128], 70.0, TPX, 1581470183, 2020-02-12 01:16:23, I07-W0167, 0, 0, -27.3954021064, -55.4064467286 
120, 40776, 0.002, [1 100 255 127 127 0 385 7 130 128 80 85 128 128], 70.0, TPX, 1581470363, 2020-02-12 01:19:23, I07-W0167, 0, 0, -16.1055621551, -57.8498239604 
121, 40778, 1.5, [1 100 255 127 127 0 385 7 130 128 80 85 128 128], 70.0, TPX, 1581470725, 2020-02-12 01:25:25, I07-W0167, 0, 0, 6.65701697981, -62.3460896791 
122, 40779, 1.5, [1 100 255 127 127 0 385 7 130 128 80 85 128 128], 70.0, TPX, 1581471085, 2020-02-12 01:31:25, I07-W0167, 0, 0, 29.3145435365, -67.1269420598 
123, 40780, 1.5, [1 100 255 127 127 0 385 7 130 128 80 85 128 128], 70.0, TPX, 1581471265, 2020-02-12 01:34:25, I07-W0167, 0, 0, 40.6215562908, -70.0690050632 
124, 40782, 0.002, [1 100 255 127 127 0 385 7 130 128 80 85 128 128], 70.0, TPX, 1581471623, 2020-02-12 01:40:23, I07-W0167, 0, 0, 62.8816379817, -79.7704691553 
125, 40785, 0.002, [1 100 255 127 127 0 385 7 130 128 80 85 128 128], 70.0, TPX, 1581472163, 2020-02-12 01:49:23, I07-W0167, 0, 0, 78.9975581187, 153.930088172 
126, 40786, 0.002, [1 100 255 127 127 0 385 7 130 128 80 85 128 128], 70.0, TPX, 1581472343, 2020-02-12 01:52:23, I07-W0167, 0, 0, 69.0289584981, 131.375601423 
127, 40787, 0.002, [1 100 255 127 127 0 385 7 130 128 80 85 128 128], 70.0, TPX, 1581472523, 2020-02-12 01:55:23, I07-W0167, 0, 0, 58.0591692585, 122.925865118 
128, 40789, 1.5, [1 100 255 127 127 0 385 7 130 128 80 85 128 128], 70.0, TPX, 1581495436, 2020-02-12 08:17:16, I07-W0167, 0, 0, 44.1578252614, 22.7220039693 
129, 40790, 1.5, [1 100 255 127 127 0 385 7 130 128 80 85 128 128], 70.0, TPX, 1581495616, 2020-02-12 08:20:16, I07-W0167, 0, 0, 32.8495386768, 19.5616327521 
130, 40791, 1.5, [1 100 255 127 127 0 385 7 130 128 80 85 128 128], 70.0, TPX, 1581495796, 2020-02-12 08:23:16, I07-W0167, 0, 0, 21.512450892, 16.9542148669 
131, 40792, 1.5, [1 100 255 127 127 0 385 7 130 128 80 85 128 128], 70.0, TPX, 1581496156, 2020-02-12 08:29:16, I07-W0167, 0, 0, -1.17776783152, 12.3973209741 
132, 40794, 0.002, [1 100 255 127 127 0 385 7 130 128 80 85 128 128], 70.0, TPX, 1581496514, 2020-02-12 08:35:14, I07-W0167, 0, 0, -23.6980397091, 7.82139817417 
133, 40795, 0.002, [1 100 255 127 127 0 385 7 130 128 80 85 128 128], 70.0, TPX, 1581496694, 2020-02-12 08:38:14, I07-W0167, 0, 0, -34.9806157542, 5.1447571756 
134, 40796, 0.002, [1 100 255 127 127 0 385 7 130 128 80 85 128 128], 70.0, TPX, 1581496874, 2020-02-12 08:41:14, I07-W0167, 0, 0, -46.2127662201, 1.84722209947 
135, 40797, 0.002, [1 100 255 127 127 0 385 7 130 128 80 85 128 128], 70.0, TPX, 1581497054, 2020-02-12 08:44:14, I07-W0167, 0, 0, -57.3498882642, -2.77025514444 
136, 40798, 0.002, [1 100 255 127 127 0 385 7 130 128 80 85 128 128], 70.0, TPX, 1581500754, 2020-02-12 09:45:54, I07-W0167, 0, 0, 66.1187036856, 10.2744785435 
137, 40799, 0.002, [1 100 255 127 127 0 385 7 130 128 80 85 128 128], 70.0, TPX, 1581500934, 2020-02-12 09:48:54, I07-W0167, 0, 0, 55.0549993449, 3.24428884236 
138, 40800, 1.5, [1 100 255 127 127 0 385 7 130 128 80 85 128 128], 70.0, TPX, 1581501116, 2020-02-12 09:51:56, I07-W0167, 0, 0, 43.6880277749, -1.06268085157 
139, 40801, 1.5, [1 100 255 127 127 0 385 7 130 128 80 85 128 128], 70.0, TPX, 1581501296, 2020-02-12 09:54:56, I07-W0167, 0, 0, 32.3779755864, -4.19145614732 
140, 40802, 1.5, [1 100 255 127 127 0 385 7 130 128 80 85 128 128], 70.0, TPX, 1581501476, 2020-02-12 09:57:56, I07-W0167, 0, 0, 21.0402321034, -6.78313684971 
141, 40803, 1.5, [1 100 255 127 127 0 385 7 130 128 80 85 128 128], 70.0, TPX, 1581501656, 2020-02-12 10:00:56, I07-W0167, 0, 0, 9.69385696885, -9.10981176187 
142, 40804, 1.5, [1 100 255 127 127 0 385 7 130 128 80 85 128 128], 70.0, TPX, 1581501836, 2020-02-12 10:03:56, I07-W0167, 0, 0, -1.64968641195, -11.3307331476 
143, 40805, 0.002, [1 100 255 127 127 0 385 7 130 128 80 85 128 128], 70.0, TPX, 1581502194, 2020-02-12 10:09:54, I07-W0167, 0, 0, -24.1681769975, -15.9184166794 
144, 40806, 0.002, [1 100 255 127 127 0 385 7 130 128 80 85 128 128], 70.0, TPX, 1581502374, 2020-02-12 10:12:54, I07-W0167, 0, 0, -35.4490745236, -18.6131995142 
145, 40807, 0.002, [1 100 255 127 127 0 385 7 130 128 80 85 128 128], 70.0, TPX, 1581502554, 2020-02-12 10:15:54, I07-W0167, 0, 0, -46.6783768007, -21.9473905081 
146, 40808, 0.002, [1 100 255 127 127 0 385 7 130 128 80 85 128 128], 70.0, TPX, 1581502734, 2020-02-12 10:18:54, I07-W0167, 0, 0, -57.8096761085, -26.6476534867 
147, 40809, 0.002, [1 100 255 127 127 0 385 7 130 128 80 85 128 128], 70.0, TPX, 1581503631, 2020-02-12 10:33:51, I07-W0167, 0, 0, -63.7880040844, 176.54334187 
148, 40810, 0.002, [1 100 255 127 127 0 385 7 130 128 80 85 128 128], 70.0, TPX, 1581503811, 2020-02-12 10:36:51, I07-W0167, 0, 0, -52.7642700108, 170.393220976 
149, 40812, 1.5, [1 100 255 127 127 0 385 7 130 128 80 85 128 128], 70.0, TPX, 1581504173, 2020-02-12 10:42:53, I07-W0167, 0, 0, -30.220974526, 163.439569307 
150, 40814, 1.5, [1 100 255 127 127 0 385 7 130 128 80 85 128 128], 70.0, TPX, 1581504533, 2020-02-12 10:48:53, I07-W0167, 0, 0, -7.63043803784, 158.630801943 
151, 40815, 1.5, [1 100 255 127 127 0 385 7 130 128 80 85 128 128], 70.0, TPX, 1581504713, 2020-02-12 10:51:53, I07-W0167, 0, 0, 3.69245362568, 156.418175822 
152, 40816, 1.5, [1 100 255 127 127 0 385 7 130 128 80 85 128 128], 70.0, TPX, 1581504893, 2020-02-12 10:54:53, I07-W0167, 0, 0, 15.0231120681, 154.165852642 
153, 40817, 1.5, [1 100 255 127 127 0 385 7 130 128 80 85 128 128], 70.0, TPX, 1581505073, 2020-02-12 10:57:53, I07-W0167, 0, 0, 26.3526012674, 151.741299412 
154, 40818, 0.002, [1 100 255 127 127 0 385 7 130 128 80 85 128 128], 70.0, TPX, 1581505251, 2020-02-12 11:00:51, I07-W0167, 0, 0, 37.5418274096, 148.98056427 
155, 40819, 0.002, [1 100 255 127 127 0 385 7 130 128 80 85 128 128], 70.0, TPX, 1581505431, 2020-02-12 11:03:51, I07-W0167, 0, 0, 48.8171241805, 145.449957526 
156, 40821, 0.002, [1 100 255 127 127 0 385 7 130 128 80 85 128 128], 70.0, TPX, 1581505791, 2020-02-12 11:09:51, I07-W0167, 0, 0, 70.8760055739, 130.633556011 
157, 40824, 0.002, [1 100 255 127 127 0 385 7 130 128 80 85 128 128], 70.0, TPX, 1581506331, 2020-02-12 11:18:51, I07-W0167, 0, 0, 71.8010659044, -6.82239635017 
158, 40825, 0.002, [1 100 255 127 127 0 385 7 130 128 80 85 128 128], 70.0, TPX, 1581506513, 2020-02-12 11:21:53, I07-W0167, 0, 0, 60.8381478351, -17.2828460037 
159, 40826, 1.5, [1 100 255 127 127 0 385 7 130 128 80 85 128 128], 70.0, TPX, 1581506693, 2020-02-12 11:24:53, I07-W0167, 0, 0, 49.6660620527, -22.6455263412 
160, 40827, 1.5, [1 100 255 127 127 0 385 7 130 128 80 85 128 128], 70.0, TPX, 1581506873, 2020-02-12 11:27:53, I07-W0167, 0, 0, 38.3844644323, -26.2599514589 
161, 40828, 1.5, [1 100 255 127 127 0 385 7 130 128 80 85 128 128], 70.0, TPX, 1581507053, 2020-02-12 11:30:53, I07-W0167, 0, 0, 27.0582878746, -29.0902879355 
162, 40829, 1.5, [1 100 255 127 127 0 385 7 130 128 80 85 128 128], 70.0, TPX, 1581507233, 2020-02-12 11:33:53, I07-W0167, 0, 0, 15.714832646, -31.5330606956 
163, 40830, 1.5, [1 100 255 127 127 0 385 7 130 128 80 85 128 128], 70.0, TPX, 1581507413, 2020-02-12 11:36:53, I07-W0167, 0, 0, 4.36870425201, -33.7937201219 
164, 40832, 0.002, [1 100 255 127 127 0 385 7 130 128 80 85 128 128], 70.0, TPX, 1581507771, 2020-02-12 11:42:51, I07-W0167, 0, 0, -18.168325388, -38.2669544427 
165, 40833, 0.002, [1 100 255 127 127 0 385 7 130 128 80 85 128 128], 70.0, TPX, 1581507951, 2020-02-12 11:45:51, I07-W0167, 0, 0, -29.467509038, -40.7650380747 
166, 40834, 0.002, [1 100 255 127 127 0 385 7 130 128 80 85 128 128], 70.0, TPX, 1581508131, 2020-02-12 11:48:51, I07-W0167, 0, 0, -40.7275505814, -43.704929078 
167, 40835, 0.002, [1 100 255 127 127 0 385 7 130 128 80 85 128 128], 70.0, TPX, 1581508311, 2020-02-12 11:51:51, I07-W0167, 0, 0, -51.9195224596, -47.5443081836 
168, 40836, 0.002, [1 100 255 127 127 0 385 7 130 128 80 85 128 128], 70.0, TPX, 1581508491, 2020-02-12 11:54:51, I07-W0167, 0, 0, -62.9681696483, -53.4462609842 
169, 40837, 0.002, [1 100 255 127 127 0 385 7 130 128 80 85 128 128], 70.0, TPX, 1581508851, 2020-02-12 12:00:51, I07-W0167, 0, 0, -81.9485003681, -105.724662073 
170, 40838, 0.002, [1 100 255 127 127 0 385 7 130 128 80 85 128 128], 70.0, TPX, 1581509031, 2020-02-12 12:03:51, I07-W0167, 0, 0, -79.1504587334, -178.957212684 
171, 40840, 0.002, [1 100 255 127 127 0 385 7 130 128 80 85 128 128], 70.0, TPX, 1581509391, 2020-02-12 12:09:51, I07-W0167, 0, 0, -58.4593295513, 149.495287326 
172, 40844, 1.5, [1 100 255 127 127 0 385 7 130 128 80 85 128 128], 70.0, TPX, 1581510293, 2020-02-12 12:24:53, I07-W0167, 0, 0, -2.12897914208, 133.916991869 
173, 40845, 1.5, [1 100 255 127 127 0 385 7 130 128 80 85 128 128], 70.0, TPX, 1581510473, 2020-02-12 12:27:53, I07-W0167, 0, 0, 9.19877668334, 131.699816842 
174, 40848, 0.002, [1 100 255 127 127 0 385 7 130 128 80 85 128 128], 70.0, TPX, 1581511011, 2020-02-12 12:36:51, I07-W0167, 0, 0, 43.0294336145, 123.756989857 
175, 40851, 0.002, [1 100 255 127 127 0 385 7 130 128 80 85 128 128], 70.0, TPX, 1581511551, 2020-02-12 12:45:51, I07-W0167, 0, 0, 75.8499815533, 97.732889953 
176, 40853, 0.002, [1 100 255 127 127 0 385 7 130 128 80 85 128 128], 70.0, TPX, 1581511911, 2020-02-12 12:51:51, I07-W0167, 0, 0, 76.9669497089, -19.3508872652 
177, 40854, 0.002, [1 100 255 127 127 0 385 7 130 128 80 85 128 128], 70.0, TPX, 1581512091, 2020-02-12 12:54:51, I07-W0167, 0, 0, 66.603155343, -36.5587821881 
178, 40855, 0.002, [1 100 255 127 127 0 385 7 130 128 80 85 128 128], 70.0, TPX, 1581512271, 2020-02-12 12:57:51, I07-W0167, 0, 0, 55.5529303806, -43.7932502542 
179, 40856, 1.5, [1 100 255 127 127 0 385 7 130 128 80 85 128 128], 70.0, TPX, 1581512453, 2020-02-12 13:00:53, I07-W0167, 0, 0, 44.1907638487, -48.1756942855 
180, 40857, 1.5, [1 100 255 127 127 0 385 7 130 128 80 85 128 128], 70.0, TPX, 1581512633, 2020-02-12 13:03:53, I07-W0167, 0, 0, 32.8827538867, -51.3382870217 
181, 40858, 1.5, [1 100 255 127 127 0 385 7 130 128 80 85 128 128], 70.0, TPX, 1581512813, 2020-02-12 13:06:53, I07-W0167, 0, 0, 21.5459171114, -53.9468045673 
182, 40859, 1.5, [1 100 255 127 127 0 385 7 130 128 80 85 128 128], 70.0, TPX, 1581512993, 2020-02-12 13:09:53, I07-W0167, 0, 0, 10.1998407976, -56.2813939611 
183, 40860, 0.002, [1 100 255 127 127 0 385 7 130 128 80 85 128 128], 70.0, TPX, 1581513171, 2020-02-12 13:12:51, I07-W0167, 0, 0, -1.01781824812, -58.4797654773 
184, 40861, 0.002, [1 100 255 127 127 0 385 7 130 128 80 85 128 128], 70.0, TPX, 1581513351, 2020-02-12 13:15:51, I07-W0167, 0, 0, -12.3505000273, -60.7123630714 
185, 40862, 0.002, [1 100 255 127 127 0 385 7 130 128 80 85 128 128], 70.0, TPX, 1581513531, 2020-02-12 13:18:51, I07-W0167, 0, 0, -23.6636343387, -63.0793173166 
186, 40863, 0.002, [1 100 255 127 127 0 385 7 130 128 80 85 128 128], 70.0, TPX, 1581513711, 2020-02-12 13:21:51, I07-W0167, 0, 0, -34.9460447517, -65.7545931312 
187, 40864, 0.002, [1 100 255 127 127 0 385 7 130 128 80 85 128 128], 70.0, TPX, 1581513891, 2020-02-12 13:24:51, I07-W0167, 0, 0, -46.1781303309, -69.0493944241 
188, 40865, 0.002, [1 100 255 127 127 0 385 7 130 128 80 85 128 128], 70.0, TPX, 1581514071, 2020-02-12 13:27:51, I07-W0167, 0, 0, -57.31543679, -73.6607283397 
189, 40866, 0.002, [1 100 255 127 127 0 385 7 130 128 80 85 128 128], 70.0, TPX, 1581514251, 2020-02-12 13:30:51, I07-W0167, 0, 0, -68.2237201762, -81.6264842695 
190, 40867, 0.002, [1 100 255 127 127 0 385 7 130 128 80 85 128 128], 70.0, TPX, 1581514431, 2020-02-12 13:33:51, I07-W0167, 0, 0, -78.2657989719, -101.849089795 
191, 40868, 0.002, [1 100 255 127 127 0 385 7 130 128 80 85 128 128], 70.0, TPX, 1581514611, 2020-02-12 13:36:51, I07-W0167, 0, 0, -82.3568090766, -170.962503583 
192, 40871, 0.002, [1 100 255 127 127 0 385 7 130 128 80 85 128 128], 70.0, TPX, 1581515151, 2020-02-12 13:45:51, I07-W0167, 0, 0, -53.0762969577, 123.254069368 
193, 40872, 0.002, [1 100 255 127 127 0 385 7 130 128 80 85 128 128], 70.0, TPX, 1581515331, 2020-02-12 13:48:51, I07-W0167, 0, 0, -41.9045048734, 119.277546894 
194, 40874, 1.5, [1 100 255 127 127 0 385 7 130 128 80 85 128 128], 70.0, TPX, 1581515693, 2020-02-12 13:54:53, I07-W0167, 0, 0, -19.2545030508, 113.71703525 
195, 40875, 1.5, [1 100 255 127 127 0 385 7 130 128 80 85 128 128], 70.0, TPX, 1581515873, 2020-02-12 13:57:53, I07-W0167, 0, 0, -7.94737845208, 111.421162784 
196, 40876, 1.5, [1 100 255 127 127 0 385 7 130 128 80 85 128 128], 70.0, TPX, 1581516053, 2020-02-12 14:00:53, I07-W0167, 0, 0, 3.37540606285, 109.207935606 
197, 40878, 1.5, [1 100 255 127 127 0 385 7 130 128 80 85 128 128], 70.0, TPX, 1581516413, 2020-02-12 14:06:53, I07-W0167, 0, 0, 26.0360920089, 104.540785385 
198, 40881, 0.002, [1 100 255 127 127 0 385 7 130 128 80 85 128 128], 70.0, TPX, 1581517131, 2020-02-12 14:18:51, I07-W0167, 0, 0, 70.581091666, 83.7568134412 
199, 40883, 0.002, [1 100 255 127 127 0 385 7 130 128 80 85 128 128], 70.0, TPX, 1581517491, 2020-02-12 14:24:51, I07-W0167, 0, 0, 81.1864083512, -20.3157846741 
200, 40884, 0.002, [1 100 255 127 127 0 385 7 130 128 80 85 128 128], 70.0, TPX, 1581517671, 2020-02-12 14:27:51, I07-W0167, 0, 0, 72.092428114, -53.6489673384 
201, 40885, 0.002, [1 100 255 127 127 0 385 7 130 128 80 85 128 128], 70.0, TPX, 1581517851, 2020-02-12 14:30:51, I07-W0167, 0, 0, 61.269467451, -64.282209252 
202, 40886, 1.5, [1 100 255 127 127 0 385 7 130 128 80 85 128 128], 70.0, TPX, 1581518033, 2020-02-12 14:33:53, I07-W0167, 0, 0, 49.9793901507, -69.7987481382 
203, 40887, 1.5, [1 100 255 127 127 0 385 7 130 128 80 85 128 128], 70.0, TPX, 1581518213, 2020-02-12 14:36:53, I07-W0167, 0, 0, 38.6997801153, -73.4444845506 
204, 40888, 1.5, [1 100 255 127 127 0 385 7 130 128 80 85 128 128], 70.0, TPX, 1581518393, 2020-02-12 14:39:53, I07-W0167, 0, 0, 27.3745358785, -76.2899208679 
205, 40889, 1.5, [1 100 255 127 127 0 385 7 130 128 80 85 128 128], 70.0, TPX, 1581518573, 2020-02-12 14:42:53, I07-W0167, 0, 0, 16.0315092442, -78.7401829304 
206, 40890, 1.5, [1 100 255 127 127 0 385 7 130 128 80 85 128 128], 70.0, TPX, 1581518753, 2020-02-12 14:45:53, I07-W0167, 0, 0, 4.68551233134, -81.0038920362 
207, 40891, 1.5, [1 100 255 127 127 0 385 7 130 128 80 85 128 128], 70.0, TPX, 1581518933, 2020-02-12 14:48:53, I07-W0167, 0, 0, -6.65363646306, -83.2173104591 
208, 40892, 0.002, [1 100 255 127 127 0 385 7 130 128 80 85 128 128], 70.0, TPX, 1581519291, 2020-02-12 14:54:51, I07-W0167, 0, 0, -29.1517391474, -87.9626595164 
209, 40893, 0.002, [1 100 255 127 127 0 385 7 130 128 80 85 128 128], 70.0, TPX, 1581519471, 2020-02-12 14:57:51, I07-W0167, 0, 0, -40.4129554834, -90.8855570091 
210, 40895, 0.002, [1 100 255 127 127 0 385 7 130 128 80 85 128 128], 70.0, TPX, 1581519831, 2020-02-12 15:03:51, I07-W0167, 0, 0, -62.6618424942, -100.50248385 
211, 40896, 0.002, [1 100 255 127 127 0 385 7 130 128 80 85 128 128], 70.0, TPX, 1581520011, 2020-02-12 15:06:51, I07-W0167, 0, 0, -73.3110568052, -112.249015862 
212, 40897, 0.002, [1 100 255 127 127 0 385 7 130 128 80 85 128 128], 70.0, TPX, 1581520975, 2020-02-12 15:22:55, I07-W0167, 0, 0, -43.6807672838, 96.1876416158 
213, 40898, 1.5, [1 100 255 127 127 0 385 7 130 128 80 85 128 128], 70.0, TPX, 1581521157, 2020-02-12 15:25:57, I07-W0167, 0, 0, -32.3215957899, 93.0421414279 
214, 40899, 1.5, [1 100 255 127 127 0 385 7 130 128 80 85 128 128], 70.0, TPX, 1581521337, 2020-02-12 15:28:57, I07-W0167, 0, 0, -21.0441458018, 90.4612315069 
215, 40900, 1.5, [1 100 255 127 127 0 385 7 130 128 80 85 128 128], 70.0, TPX, 1581521517, 2020-02-12 15:31:57, I07-W0167, 0, 0, -9.74015711368, 88.140107831 
216, 40901, 1.5, [1 100 255 127 127 0 385 7 130 128 80 85 128 128], 70.0, TPX, 1581521697, 2020-02-12 15:34:57, I07-W0167, 0, 0, 1.58077023012, 85.9219219361 
217, 40902, 1.5, [1 100 255 127 127 0 385 7 130 128 80 85 128 128], 70.0, TPX, 1581521877, 2020-02-12 15:37:57, I07-W0167, 0, 0, 12.9109290015, 83.686039021 
218, 40903, 1.5, [1 100 255 127 127 0 385 7 130 128 80 85 128 128], 70.0, TPX, 1581522057, 2020-02-12 15:40:57, I07-W0167, 0, 0, 24.2418098519, 81.3056361333 
219, 40904, 1.5, [1 100 255 127 127 0 385 7 130 128 80 85 128 128], 70.0, TPX, 1581522237, 2020-02-12 15:43:57, I07-W0167, 0, 0, 35.561089626, 78.6004304298 
220, 40907, 0.002, [1 100 255 127 127 0 385 7 130 128 80 85 128 128], 70.0, TPX, 1581522775, 2020-02-12 15:52:55, I07-W0167, 0, 0, 68.8926279223, 62.1745358178 
221, 40910, 0.002, [1 100 255 127 127 0 385 7 130 128 80 85 128 128], 70.0, TPX, 1581523495, 2020-02-12 16:04:55, I07-W0167, 0, 0, 63.0172513877, -86.7370981832 
222, 40911, 0.002, [1 100 255 127 127 0 385 7 130 128 80 85 128 128], 70.0, TPX, 1581523675, 2020-02-12 16:07:55, I07-W0167, 0, 0, 51.8829058155, -92.6832149871 
223, 40912, 0.002, [1 100 255 127 127 0 385 7 130 128 80 85 128 128], 70.0, TPX, 1581523855, 2020-02-12 16:10:55, I07-W0167, 0, 0, 40.6158599131, -96.5351753011 
224, 40913, 1.5, [1 100 255 127 127 0 385 7 130 128 80 85 128 128], 70.0, TPX, 1581524037, 2020-02-12 16:13:57, I07-W0167, 0, 0, 29.1699518468, -99.5087459672 
225, 40914, 1.5, [1 100 255 127 127 0 385 7 130 128 80 85 128 128], 70.0, TPX, 1581524217, 2020-02-12 16:16:57, I07-W0167, 0, 0, 17.8286412976, -102.004695165 
226, 40915, 1.5, [1 100 255 127 127 0 385 7 130 128 80 85 128 128], 70.0, TPX, 1581524397, 2020-02-12 16:19:57, I07-W0167, 0, 0, 6.48248472909, -104.287808838 
227, 40916, 1.5, [1 100 255 127 127 0 385 7 130 128 80 85 128 128], 70.0, TPX, 1581524577, 2020-02-12 16:22:57, I07-W0167, 0, 0, -4.85820256542, -106.501288733 
228, 40917, 1.5, [1 100 255 127 127 0 385 7 130 128 80 85 128 128], 70.0, TPX, 1581524757, 2020-02-12 16:25:57, I07-W0167, 0, 0, -16.1850518967, -108.764041612 
229, 40922, 0.002, [1 100 255 127 127 0 385 7 130 128 80 85 128 128], 70.0, TPX, 1581526448, 2020-02-12 16:54:08, I07-W0167, 0, 0, -56.0383314343, 77.3356228297 
230, 40923, 0.002, [1 100 255 127 127 0 385 7 130 128 80 85 128 128], 70.0, TPX, 1581526628, 2020-02-12 16:57:08, I07-W0167, 0, 0, -44.8954652011, 72.9401980239 
231, 40925, 1.5, [1 100 255 127 127 0 385 7 130 128 80 85 128 128], 70.0, TPX, 1581526990, 2020-02-12 17:03:10, I07-W0167, 0, 0, -22.2686552858, 67.0890208495 
232, 40926, 1.5, [1 100 255 127 127 0 385 7 130 128 80 85 128 128], 70.0, TPX, 1581527170, 2020-02-12 17:06:10, I07-W0167, 0, 0, -10.9669154375, 64.7484311345 
233, 40927, 1.5, [1 100 255 127 127 0 385 7 130 128 80 85 128 128], 70.0, TPX, 1581527350, 2020-02-12 17:09:10, I07-W0167, 0, 0, 0.352665265123, 62.5251567486 
234, 40930, 1.5, [1 100 255 127 127 0 385 7 130 128 80 85 128 128], 70.0, TPX, 1581527890, 2020-02-12 17:18:10, I07-W0167, 0, 0, 34.3351936135, 55.2812903422 
235, 40931, 1.5, [1 100 255 127 127 0 385 7 130 128 80 85 128 128], 70.0, TPX, 1581528070, 2020-02-12 17:21:10, I07-W0167, 0, 0, 45.6260154045, 52.0179045044 
236, 40933, 0.002, [1 100 255 127 127 0 385 7 130 128 80 85 128 128], 70.0, TPX, 1581528428, 2020-02-12 17:27:08, I07-W0167, 0, 0, 67.7261955367, 39.7811083438 
237, 40936, 0.002, [1 100 255 127 127 0 385 7 130 128 80 85 128 128], 70.0, TPX, 1581528968, 2020-02-12 17:36:08, I07-W0167, 0, 0, 74.8257263855, -95.8676062721 
238, 40937, 0.002, [1 100 255 127 127 0 385 7 130 128 80 85 128 128], 70.0, TPX, 1581529148, 2020-02-12 17:39:08, I07-W0167, 0, 0, 64.2081426806, -109.488683702 
239, 40938, 0.002, [1 100 255 127 127 0 385 7 130 128 80 85 128 128], 70.0, TPX, 1581529328, 2020-02-12 17:42:08, I07-W0167, 0, 0, 53.09822528, -115.810283325 
240, 40939, 0.002, [1 100 255 127 127 0 385 7 130 128 80 85 128 128], 70.0, TPX, 1581529508, 2020-02-12 17:45:08, I07-W0167, 0, 0, 41.8402737745, -119.809741574 
241, 40940, 1.5, [1 100 255 127 127 0 385 7 130 128 80 85 128 128], 70.0, TPX, 1581529690, 2020-02-12 17:48:10, I07-W0167, 0, 0, 30.3982281802, -122.853219226 
242, 40941, 1.5, [1 100 255 127 127 0 385 7 130 128 80 85 128 128], 70.0, TPX, 1581529870, 2020-02-12 17:51:10, I07-W0167, 0, 0, 19.0583366028, -125.383558427 
243, 40942, 1.5, [1 100 255 127 127 0 385 7 130 128 80 85 128 128], 70.0, TPX, 1581530050, 2020-02-12 17:54:10, I07-W0167, 0, 0, 7.71224406729, -127.681944403 
244, 40943, 1.5, [1 100 255 127 127 0 385 7 130 128 80 85 128 128], 70.0, TPX, 1581530230, 2020-02-12 17:57:10, I07-W0167, 0, 0, -3.62934523908, -129.897138675 
245, 40949, 0.002, [1 100 255 127 127 0 385 7 130 128 80 85 128 128], 70.0, TPX, 1581532006, 2020-02-12 18:26:46, I07-W0167, 0, 0, -63.0386162194, 57.8133302597 
246, 40953, 1.5, [1 100 255 127 127 0 385 7 130 128 80 85 128 128], 70.0, TPX, 1581532728, 2020-02-12 18:38:48, I07-W0167, 0, 0, -18.159895227, 42.5790577708 
247, 40954, 1.5, [1 100 255 127 127 0 385 7 130 128 80 85 128 128], 70.0, TPX, 1581532908, 2020-02-12 18:41:48, I07-W0167, 0, 0, -6.85059222483, 40.2968012864 
248, 40955, 1.5, [1 100 255 127 127 0 385 7 130 128 80 85 128 128], 70.0, TPX, 1581533088, 2020-02-12 18:44:48, I07-W0167, 0, 0, 4.47363772888, 38.0851177315 
249, 40956, 1.5, [1 100 255 127 127 0 385 7 130 128 80 85 128 128], 70.0, TPX, 1581533268, 2020-02-12 18:47:48, I07-W0167, 0, 0, 15.8051106713, 35.8254896638 
250, 40957, 1.5, [1 100 255 127 127 0 385 7 130 128 80 85 128 128], 70.0, TPX, 1581533448, 2020-02-12 18:50:48, I07-W0167, 0, 0, 27.1346767103, 33.3828398471 
251, 40962, 0.002, [1 100 255 127 127 0 385 7 130 128 80 85 128 128], 70.0, TPX, 1581534892, 2020-02-12 19:14:52, I07-W0167, 0, 0, 59.8241516115, -136.078050062 
252, 40963, 0.002, [1 100 255 127 127 0 385 7 130 128 80 85 128 128], 70.0, TPX, 1581535072, 2020-02-12 19:17:52, I07-W0167, 0, 0, 48.6372852997, -141.207057675 
253, 40964, 0.002, [1 100 255 127 127 0 385 7 130 128 80 85 128 128], 70.0, TPX, 1581535252, 2020-02-12 19:20:52, I07-W0167, 0, 0, 37.3501039996, -144.723225399 
254, 40965, 0.002, [1 100 255 127 127 0 385 7 130 128 80 85 128 128], 70.0, TPX, 1581535432, 2020-02-12 19:23:52, I07-W0167, 0, 0, 26.0218800928, -147.505912768 
255, 40966, 1.5, [1 100 255 127 127 0 385 7 130 128 80 85 128 128], 70.0, TPX, 1581535614, 2020-02-12 19:26:54, I07-W0167, 0, 0, 14.5520663645, -149.950710679 
256, 40969, 1.5, [1 100 255 127 127 0 385 7 130 128 80 85 128 128], 70.0, TPX, 1581536334, 2020-02-12 19:38:54, I07-W0167, 0, 0, -30.7466532052, -159.250887497 
257, 40973, 0.002, [1 100 255 127 127 0 385 7 130 128 80 85 128 128], 70.0, TPX, 1581537646, 2020-02-12 20:00:46, I07-W0167, 0, 0, -65.0040577943, 35.680419861 
258, 40974, 0.002, [1 100 255 127 127 0 385 7 130 128 80 85 128 128], 70.0, TPX, 1581537826, 2020-02-12 20:03:46, I07-W0167, 0, 0, -54.0079484207, 29.1171647299 
259, 40975, 0.002, [1 100 255 127 127 0 385 7 130 128 80 85 128 128], 70.0, TPX, 1581538006, 2020-02-12 20:06:46, I07-W0167, 0, 0, -42.8444208653, 25.0190665963 
260, 40976, 0.002, [1 100 255 127 127 0 385 7 130 128 80 85 128 128], 70.0, TPX, 1581538186, 2020-02-12 20:09:46, I07-W0167, 0, 0, -31.6060685876, 21.9579636409 
261, 40978, 1.5, [1 100 255 127 127 0 385 7 130 128 80 85 128 128], 70.0, TPX, 1581538728, 2020-02-12 20:18:48, I07-W0167, 0, 0, 2.42725670475, 14.8486809895 
262, 40979, 1.5, [1 100 255 127 127 0 385 7 130 128 80 85 128 128], 70.0, TPX, 1581538908, 2020-02-12 20:21:48, I07-W0167, 0, 0, 13.7581354207, 12.6066654183 
263, 40980, 1.5, [1 100 255 127 127 0 385 7 130 128 80 85 128 128], 70.0, TPX, 1581539088, 2020-02-12 20:24:48, I07-W0167, 0, 0, 25.0889957806, 10.2092314539 
264, 40981, 1.5, [1 100 255 127 127 0 385 7 130 128 80 85 128 128], 70.0, TPX, 1581539269, 2020-02-12 20:27:49, I07-W0167, 0, 0, 36.4698428798, 7.45259613357 
265, 40982, 1.5, [1 100 255 127 127 0 385 7 130 128 80 85 128 128], 70.0, TPX, 1581539448, 2020-02-12 20:30:48, I07-W0167, 0, 0, 47.6887359486, 4.03975721899 
266, 40988, 0.002, [1 100 255 127 127 0 385 7 130 128 80 85 128 128], 70.0, TPX, 1581540526, 2020-02-12 20:48:46, I07-W0167, 0, 0, 62.1914815171, -158.219214744 
267, 40989, 0.002, [1 100 255 127 127 0 385 7 130 128 80 85 128 128], 70.0, TPX, 1581540706, 2020-02-12 20:51:46, I07-W0167, 0, 0, 51.0420036608, -163.929785644 
268, 40990, 0.002, [1 100 255 127 127 0 385 7 130 128 80 85 128 128], 70.0, TPX, 1581540886, 2020-02-12 20:54:46, I07-W0167, 0, 0, 39.7693604184, -167.687100027 
269, 40991, 0.002, [1 100 255 127 127 0 385 7 130 128 80 85 128 128], 70.0, TPX, 1581541066, 2020-02-12 20:57:46, I07-W0167, 0, 0, 28.4472119648, -170.586023556 
270, 40993, 1.5, [1 100 255 127 127 0 385 7 130 128 80 85 128 128], 70.0, TPX, 1581541428, 2020-02-12 21:03:48, I07-W0167, 0, 0, 5.6336433333, -175.362456804 
271, 40994, 1.5, [1 100 255 127 127 0 385 7 130 128 80 85 128 128], 70.0, TPX, 1581541608, 2020-02-12 21:06:48, I07-W0167, 0, 0, -5.70596393755, -177.575506396 
272, 40999, 0.002, [1 100 255 127 127 0 385 7 130 128 80 85 128 128], 70.0, TPX, 1581543263, 2020-02-12 21:34:23, I07-W0167, 0, 0, -68.3235707116, 15.1412094539 
273, 41000, 0.002, [1 100 255 127 127 0 385 7 130 128 80 85 128 128], 70.0, TPX, 1581543443, 2020-02-12 21:37:23, I07-W0167, 0, 0, -57.4252662319, 7.12603923987 
274, 41001, 0.002, [1 100 255 127 127 0 385 7 130 128 80 85 128 128], 70.0, TPX, 1581543623, 2020-02-12 21:40:23, I07-W0167, 0, 0, -46.2982323772, 2.49769431122 
275, 41002, 0.002, [1 100 255 127 127 0 385 7 130 128 80 85 128 128], 70.0, TPX, 1581543803, 2020-02-12 21:43:23, I07-W0167, 0, 0, -35.0779015536, -0.804305307392 
276, 41003, 1.5, [1 100 255 127 127 0 385 7 130 128 80 85 128 128], 70.0, TPX, 1581544165, 2020-02-12 21:49:25, I07-W0167, 0, 0, -12.3840951665, -5.87572060538 
277, 41005, 1.5, [1 100 255 127 127 0 385 7 130 128 80 85 128 128], 70.0, TPX, 1581544525, 2020-02-12 21:55:25, I07-W0167, 0, 0, 10.2631677502, -10.3279623398 
278, 41006, 1.5, [1 100 255 127 127 0 385 7 130 128 80 85 128 128], 70.0, TPX, 1581544705, 2020-02-12 21:58:25, I07-W0167, 0, 0, 21.59524303, -12.6614870779 
279, 41007, 1.5, [1 100 255 127 127 0 385 7 130 128 80 85 128 128], 70.0, TPX, 1581544885, 2020-02-12 22:01:25, I07-W0167, 0, 0, 32.919158795, -15.2693216046 
280, 41008, 1.5, [1 100 255 127 127 0 385 7 130 128 80 85 128 128], 70.0, TPX, 1581545065, 2020-02-12 22:04:25, I07-W0167, 0, 0, 44.2158477184, -18.431577954 
281, 41009, 1.5, [1 100 255 127 127 0 385 7 130 128 80 85 128 128], 70.0, TPX, 1581545246, 2020-02-12 22:07:26, I07-W0167, 0, 0, 55.5066148678, -22.7846009455 
282, 41010, 0.002, [1 100 255 127 127 0 385 7 130 128 80 85 128 128], 70.0, TPX, 1581545423, 2020-02-12 22:10:23, I07-W0167, 0, 0, 66.3705805716, -29.8288021394 
283, 41012, 0.002, [1 100 255 127 127 0 385 7 130 128 80 85 128 128], 70.0, TPX, 1581545963, 2020-02-12 22:19:23, I07-W0167, 0, 0, 76.0617310779, -163.778046162 
284, 41013, 0.002, [1 100 255 127 127 0 385 7 130 128 80 85 128 128], 70.0, TPX, 1581546143, 2020-02-12 22:22:23, I07-W0167, 0, 0, 65.576618892, -179.285731123 
285, 41014, 0.002, [1 100 255 127 127 0 385 7 130 128 80 85 128 128], 70.0, TPX, 1581546323, 2020-02-12 22:25:23, I07-W0167, 0, 0, 54.4989468144, 173.900154284 
286, 41015, 0.002, [1 100 255 127 127 0 385 7 130 128 80 85 128 128], 70.0, TPX, 1581546503, 2020-02-12 22:28:23, I07-W0167, 0, 0, 43.2527466493, 169.713070738 
287, 41016, 0.002, [1 100 255 127 127 0 385 7 130 128 80 85 128 128], 70.0, TPX, 1581546683, 2020-02-12 22:31:23, I07-W0167, 0, 0, 31.9416323664, 166.612820554 
288, 41017, 1.5, [1 100 255 127 127 0 385 7 130 128 80 85 128 128], 70.0, TPX, 1581546865, 2020-02-12 22:34:25, I07-W0167, 0, 0, 20.4779026291, 164.008551386 
289, 41018, 1.5, [1 100 255 127 127 0 385 7 130 128 80 85 128 128], 70.0, TPX, 1581547045, 2020-02-12 22:37:25, I07-W0167, 0, 0, 9.13221307479, 161.690453484 
290, 41019, 1.5, [1 100 255 127 127 0 385 7 130 128 80 85 128 128], 70.0, TPX, 1581547225, 2020-02-12 22:40:25, I07-W0167, 0, 0, -2.21010044507, 159.47161189 
291, 41020, 1.5, [1 100 255 127 127 0 385 7 130 128 80 85 128 128], 70.0, TPX, 1581547585, 2020-02-12 22:46:25, I07-W0167, 0, 0, -24.8503148201, 154.841604238 
292, 41021, 1.5, [1 100 255 127 127 0 385 7 130 128 80 85 128 128], 70.0, TPX, 1581547765, 2020-02-12 22:49:25, I07-W0167, 0, 0, -36.1279475157, 152.119719212 
293, 41023, 0.002, [1 100 255 127 127 0 385 7 130 128 80 85 128 128], 70.0, TPX, 1581548123, 2020-02-12 22:55:23, I07-W0167, 0, 0, -58.351542336, 143.972082175 
294, 41027, 0.002, [1 100 255 127 127 0 385 7 130 128 80 85 128 128], 70.0, TPX, 1581548843, 2020-02-12 23:07:23, I07-W0167, 0, 0, -73.6887730964, -0.917907201447 
295, 41028, 0.002, [1 100 255 127 127 0 385 7 130 128 80 85 128 128], 70.0, TPX, 1581549023, 2020-02-12 23:10:23, I07-W0167, 0, 0, -63.0728764482, -13.0704079422 
296, 41029, 0.002, [1 100 255 127 127 0 385 7 130 128 80 85 128 128], 70.0, TPX, 1581549203, 2020-02-12 23:13:23, I07-W0167, 0, 0, -52.0340544867, -19.0006180892 
297, 41030, 0.002, [1 100 255 127 127 0 385 7 130 128 80 85 128 128], 70.0, TPX, 1581549383, 2020-02-12 23:16:23, I07-W0167, 0, 0, -40.8530826282, -22.8510125823 
298, 41031, 0.002, [1 100 255 127 127 0 385 7 130 128 80 85 128 128], 70.0, TPX, 1581549563, 2020-02-12 23:19:23, I07-W0167, 0, 0, -29.6055574064, -25.7957274067 
299, 41032, 0.002, [1 100 255 127 127 0 385 7 130 128 80 85 128 128], 70.0, TPX, 1581549743, 2020-02-12 23:22:23, I07-W0167, 0, 0, -18.3201400026, -28.2956603124 
300, 41033, 1.5, [1 100 255 127 127 0 385 7 130 128 80 85 128 128], 70.0, TPX, 1581549925, 2020-02-12 23:25:25, I07-W0167, 0, 0, -6.88503814947, -30.6046228365 
301, 41034, 1.5, [1 100 255 127 127 0 385 7 130 128 80 85 128 128], 70.0, TPX, 1581550105, 2020-02-12 23:28:25, I07-W0167, 0, 0, 4.43949361322, -32.8163849386 
302, 41035, 1.5, [1 100 255 127 127 0 385 7 130 128 80 85 128 128], 70.0, TPX, 1581550285, 2020-02-12 23:31:25, I07-W0167, 0, 0, 15.7713029425, -35.0757295534 
303, 41036, 1.5, [1 100 255 127 127 0 385 7 130 128 80 85 128 128], 70.0, TPX, 1581550645, 2020-02-12 23:37:25, I07-W0167, 0, 0, 38.4152412647, -40.3474744598 
304, 41037, 1.5, [1 100 255 127 127 0 385 7 130 128 80 85 128 128], 70.0, TPX, 1581550825, 2020-02-12 23:40:25, I07-W0167, 0, 0, 49.6865150542, -43.9617749266 
305, 41039, 0.002, [1 100 255 127 127 0 385 7 130 128 80 85 128 128], 70.0, TPX, 1581551945, 2020-02-12 23:59:05, I07-W0167, 0, 0, 57.6318931146, 151.794288019 
306, 41041, 1.5, [1 100 255 127 127 0 385 7 130 128 80 85 128 128], 70.0, TPX, 1581552307, 2020-02-13 00:05:07, I07-W0167, 0, 0, 34.9933267362, 143.745196951 
307, 41042, 1.5, [1 100 255 127 127 0 385 7 130 128 80 85 128 128], 70.0, TPX, 1581552487, 2020-02-13 00:08:07, I07-W0167, 0, 0, 23.6605641687, 141.060358872 
308, 41043, 1.5, [1 100 255 127 127 0 385 7 130 128 80 85 128 128], 70.0, TPX, 1581552667, 2020-02-13 00:11:07, I07-W0167, 0, 0, 12.3158402324, 138.68920406 
309, 41044, 1.5, [1 100 255 127 127 0 385 7 130 128 80 85 128 128], 70.0, TPX, 1581552847, 2020-02-13 00:14:07, I07-W0167, 0, 0, 0.971761855664, 136.455349711 
310, 41045, 1.5, [1 100 255 127 127 0 385 7 130 128 80 85 128 128], 70.0, TPX, 1581553027, 2020-02-13 00:17:07, I07-W0167, 0, 0, -10.3626716536, 134.23294276 
311, 41046, 0.002, [1 100 255 127 127 0 385 7 130 128 80 85 128 128], 70.0, TPX, 1581553205, 2020-02-13 00:20:05, I07-W0167, 0, 0, -21.5535276496, 131.927180179 
312, 41049, 0.002, [1 100 255 127 127 0 385 7 130 128 80 85 128 128], 70.0, TPX, 1581553745, 2020-02-13 00:29:05, I07-W0167, 0, 0, -55.2451825472, 121.908016668 
313, 41053, 0.002, [1 100 255 127 127 0 385 7 130 128 80 85 128 128], 70.0, TPX, 1581554465, 2020-02-13 00:41:05, I07-W0167, 0, 0, -76.4559695968, -18.1472303487 
314, 41054, 0.002, [1 100 255 127 127 0 385 7 130 128 80 85 128 128], 70.0, TPX, 1581554645, 2020-02-13 00:44:05, I07-W0167, 0, 0, -66.1195711196, -34.2761910244 
315, 41055, 0.002, [1 100 255 127 127 0 385 7 130 128 80 85 128 128], 70.0, TPX, 1581554825, 2020-02-13 00:47:05, I07-W0167, 0, 0, -55.1522339179, -41.2682215259 
316, 41056, 0.002, [1 100 255 127 127 0 385 7 130 128 80 85 128 128], 70.0, TPX, 1581555005, 2020-02-13 00:50:05, I07-W0167, 0, 0, -43.9997644388, -45.5280670767 
317, 41057, 0.002, [1 100 255 127 127 0 385 7 130 128 80 85 128 128], 70.0, TPX, 1581555185, 2020-02-13 00:53:05, I07-W0167, 0, 0, -32.7668797275, -48.6638444903 
318, 41058, 0.002, [1 100 255 127 127 0 385 7 130 128 80 85 128 128], 70.0, TPX, 1581555365, 2020-02-13 00:56:05, I07-W0167, 0, 0, -21.4902288715, -51.2594700538 
319, 41059, 0.002, [1 100 255 127 127 0 385 7 130 128 80 85 128 128], 70.0, TPX, 1581555545, 2020-02-13 00:59:05, I07-W0167, 0, 0, -10.1864809476, -53.5875502774 
320, 41060, 1.5, [1 100 255 127 127 0 385 7 130 128 80 85 128 128], 70.0, TPX, 1581555794, 2020-02-13 01:03:14, I07-W0167, 0, 0, 5.47728408152, -56.6556063653 
321, 41062, 1.5, [1 100 255 127 127 0 385 7 130 128 80 85 128 128], 70.0, TPX, 1581556154, 2020-02-13 01:09:14, I07-W0167, 0, 0, 28.1387520842, -61.3927318749 
322, 41063, 1.5, [1 100 255 127 127 0 385 7 130 128 80 85 128 128], 70.0, TPX, 1581556334, 2020-02-13 01:12:14, I07-W0167, 0, 0, 39.4503666785, -64.2734187985 
323, 41068, 0.002, [1 100 255 127 127 0 385 7 130 128 80 85 128 128], 70.0, TPX, 1581557232, 2020-02-13 01:27:12, I07-W0167, 0, 0, 79.8487909345, 163.965439232 
324, 41069, 1.5, [1 100 255 127 127 0 385 7 130 128 80 85 128 128], 70.0, TPX, 1581558155, 2020-02-13 01:42:35, I07-W0167, 0, 0, 23.9444114626, 117.486780577 
325, 41070, 1.5, [1 100 255 127 127 0 385 7 130 128 80 85 128 128], 70.0, TPX, 1581558335, 2020-02-13 01:45:35, I07-W0167, 0, 0, 12.5999060924, 115.110284558 
326, 41071, 1.5, [1 100 255 127 127 0 385 7 130 128 80 85 128 128], 70.0, TPX, 1581558515, 2020-02-13 01:48:35, I07-W0167, 0, 0, 1.25579868736, 112.87464753 
327, 41072, 1.5, [1 100 255 127 127 0 385 7 130 128 80 85 128 128], 70.0, TPX, 1581558695, 2020-02-13 01:51:35, I07-W0167, 0, 0, -10.078864487, 110.653381219 
328, 41076, 0.002, [1 100 255 127 127 0 385 7 130 128 80 85 128 128], 70.0, TPX, 1581559413, 2020-02-13 02:03:33, I07-W0167, 0, 0, -54.9667464706, 98.402084567 
329, 41079, 0.002, [1 100 255 127 127 0 385 7 130 128 80 85 128 128], 70.0, TPX, 1581560133, 2020-02-13 02:15:33, I07-W0167, 0, 0, -76.6944798026, -41.088993947 
330, 41080, 0.002, [1 100 255 127 127 0 385 7 130 128 80 85 128 128], 70.0, TPX, 1581560313, 2020-02-13 02:18:33, I07-W0167, 0, 0, -66.3903676296, -57.6688580984 
331, 41081, 0.002, [1 100 255 127 127 0 385 7 130 128 80 85 128 128], 70.0, TPX, 1581560493, 2020-02-13 02:21:33, I07-W0167, 0, 0, -55.4305572964, -64.7731290985 
332, 41082, 0.002, [1 100 255 127 127 0 385 7 130 128 80 85 128 128], 70.0, TPX, 1581560673, 2020-02-13 02:24:33, I07-W0167, 0, 0, -44.2809086854, -69.0745636712 
333, 41083, 0.002, [1 100 255 127 127 0 385 7 130 128 80 85 128 128], 70.0, TPX, 1581560853, 2020-02-13 02:27:33, I07-W0167, 0, 0, -33.049393427, -72.2293734069 
334, 41084, 1.5, [1 100 255 127 127 0 385 7 130 128 80 85 128 128], 70.0, TPX, 1581561215, 2020-02-13 02:33:35, I07-W0167, 0, 0, -10.3444922514, -77.1921410458 
335, 41085, 1.5, [1 100 255 127 127 0 385 7 130 128 80 85 128 128], 70.0, TPX, 1581561395, 2020-02-13 02:36:35, I07-W0167, 0, 0, 0.97649720447, -79.4127516579 
336, 41086, 1.5, [1 100 255 127 127 0 385 7 130 128 80 85 128 128], 70.0, TPX, 1581561575, 2020-02-13 02:39:35, I07-W0167, 0, 0, 12.3071658921, -81.6448164972 
337, 41089, 0.002, [1 100 255 127 127 0 385 7 130 128 80 85 128 128], 70.0, TPX, 1581562113, 2020-02-13 02:48:33, I07-W0167, 0, 0, 46.1238542326, -89.9646835845 
338, 41090, 0.002, [1 100 255 127 127 0 385 7 130 128 80 85 128 128], 70.0, TPX, 1581562293, 2020-02-13 02:51:33, I07-W0167, 0, 0, 57.3337212064, -94.5989327848 
339, 41094, 0.002, [1 100 255 127 127 0 385 7 130 128 80 85 128 128], 70.0, TPX, 1581563013, 2020-02-13 03:03:33, I07-W0167, 0, 0, 74.2670510624, 121.131164612 
340, 41095, 0.002, [1 100 255 127 127 0 385 7 130 128 80 85 128 128], 70.0, TPX, 1581563193, 2020-02-13 03:06:33, I07-W0167, 0, 0, 63.6069972413, 108.239080103 
341, 41097, 0.002, [1 100 255 127 127 0 385 7 130 128 80 85 128 128], 70.0, TPX, 1581563553, 2020-02-13 03:12:33, I07-W0167, 0, 0, 41.2219777301, 98.1896588537 
342, 41098, 1.5, [1 100 255 127 127 0 385 7 130 128 80 85 128 128], 70.0, TPX, 1581563735, 2020-02-13 03:15:35, I07-W0167, 0, 0, 29.7782245886, 95.1822650908 
343, 41099, 1.5, [1 100 255 127 127 0 385 7 130 128 80 85 128 128], 70.0, TPX, 1581563915, 2020-02-13 03:18:35, I07-W0167, 0, 0, 18.4379624734, 92.6697185333 
344, 41100, 1.5, [1 100 255 127 127 0 385 7 130 128 80 85 128 128], 70.0, TPX, 1581564095, 2020-02-13 03:21:35, I07-W0167, 0, 0, 7.09225797801, 90.379344369 
345, 41101, 1.5, [1 100 255 127 127 0 385 7 130 128 80 85 128 128], 70.0, TPX, 1581564275, 2020-02-13 03:24:35, I07-W0167, 0, 0, -4.24840370329, 88.1652907385 
346, 41102, 1.5, [1 100 255 127 127 0 385 7 130 128 80 85 128 128], 70.0, TPX, 1581564455, 2020-02-13 03:27:35, I07-W0167, 0, 0, -15.5756402209, 85.9084254823 
347, 41104, 0.002, [1 100 255 127 127 0 385 7 130 128 80 85 128 128], 70.0, TPX, 1581565694, 2020-02-13 03:48:14, I07-W0167, 0, 0, -81.615057363, -36.4614212566 
348, 41105, 0.002, [1 100 255 127 127 0 385 7 130 128 80 85 128 128], 70.0, TPX, 1581565874, 2020-02-13 03:51:14, I07-W0167, 0, 0, -72.9336068913, -73.187204985 
349, 41106, 0.002, [1 100 255 127 127 0 385 7 130 128 80 85 128 128], 70.0, TPX, 1581566054, 2020-02-13 03:54:14, I07-W0167, 0, 0, -62.2629252958, -84.5452016864 
350, 41107, 0.002, [1 100 255 127 127 0 385 7 130 128 80 85 128 128], 70.0, TPX, 1581566234, 2020-02-13 03:57:14, I07-W0167, 0, 0, -51.2085134275, -90.2442022461 
351, 41108, 0.002, [1 100 255 127 127 0 385 7 130 128 80 85 128 128], 70.0, TPX, 1581566414, 2020-02-13 04:00:14, I07-W0167, 0, 0, -40.020933361, -94.0012229306 
352, 41109, 0.002, [1 100 255 127 127 0 385 7 130 128 80 85 128 128], 70.0, TPX, 1581566594, 2020-02-13 04:03:14, I07-W0167, 0, 0, -28.7698496106, -96.9013963839 
353, 41110, 1.5, [1 100 255 127 127 0 385 7 130 128 80 85 128 128], 70.0, TPX, 1581566781, 2020-02-13 04:06:21, I07-W0167, 0, 0, -17.0427102129, -99.4702032097 
354, 41111, 1.5, [1 100 255 127 127 0 385 7 130 128 80 85 128 128], 70.0, TPX, 1581566956, 2020-02-13 04:09:16, I07-W0167, 0, 0, -6.04561430389, -101.678177972 
355, 41112, 1.5, [1 100 255 127 127 0 385 7 130 128 80 85 128 128], 70.0, TPX, 1581567136, 2020-02-13 04:12:16, I07-W0167, 0, 0, 5.27983142349, -103.889403904 
356, 41113, 0.002, [1 100 255 127 127 0 385 7 130 128 80 85 128 128], 70.0, TPX, 1581567494, 2020-02-13 04:18:14, I07-W0167, 0, 0, 27.815610712, -108.590322581 
357, 41114, 0.002, [1 100 255 127 127 0 385 7 130 128 80 85 128 128], 70.0, TPX, 1581567674, 2020-02-13 04:21:14, I07-W0167, 0, 0, 39.1280534667, -111.454780975 
358, 41115, 0.002, [1 100 255 127 127 0 385 7 130 128 80 85 128 128], 70.0, TPX, 1581567854, 2020-02-13 04:24:14, I07-W0167, 0, 0, 50.3952632937, -115.141006749 
359, 41116, 0.002, [1 100 255 127 127 0 385 7 130 128 80 85 128 128], 70.0, TPX, 1581568034, 2020-02-13 04:27:14, I07-W0167, 0, 0, 61.5483577351, -120.678200127 
360, 41117, 0.002, [1 100 255 127 127 0 385 7 130 128 80 85 128 128], 70.0, TPX, 1581568214, 2020-02-13 04:30:14, I07-W0167, 0, 0, 72.3507458684, -131.538952227 
361, 41119, 0.002, [1 100 255 127 127 0 385 7 130 128 80 85 128 128], 70.0, TPX, 1581568574, 2020-02-13 04:36:14, I07-W0167, 0, 0, 79.9857430575, 117.536395071 
362, 41120, 0.002, [1 100 255 127 127 0 385 7 130 128 80 85 128 128], 70.0, TPX, 1581568754, 2020-02-13 04:39:14, I07-W0167, 0, 0, 70.3170160622, 91.1176195163 
363, 41121, 0.002, [1 100 255 127 127 0 385 7 130 128 80 85 128 128], 70.0, TPX, 1581568934, 2020-02-13 04:42:14, I07-W0167, 0, 0, 59.401403883, 81.8587243616 
364, 41122, 1.5, [1 100 255 127 127 0 385 7 130 128 80 85 128 128], 70.0, TPX, 1581569116, 2020-02-13 04:45:16, I07-W0167, 0, 0, 48.083749694, 76.7763259594 
365, 41124, 0.002, [1 100 255 127 127 0 385 7 130 128 80 85 128 128], 70.0, TPX, 1581580550, 2020-02-13 07:55:50, I07-W0167, 0, 0, 42.5094376526, 27.6676312485 
366, 41125, 0.002, [1 100 255 127 127 0 385 7 130 128 80 85 128 128], 70.0, TPX, 1581580730, 2020-02-13 07:58:50, I07-W0167, 0, 0, 31.1959669544, 24.6142446993 
367, 41126, 1.5, [1 100 255 127 127 0 385 7 130 128 80 85 128 128], 70.0, TPX, 1581580945, 2020-02-13 08:02:25, I07-W0167, 0, 0, 17.6517274453, 21.5976933604 
368, 41127, 1.5, [1 100 255 127 127 0 385 7 130 128 80 85 128 128], 70.0, TPX, 1581581125, 2020-02-13 08:05:25, I07-W0167, 0, 0, 6.30638068108, 19.3167875458 
369, 41129, 0.002, [1 100 255 127 127 0 385 7 130 128 80 85 128 128], 70.0, TPX, 1581581483, 2020-02-13 08:11:23, I07-W0167, 0, 0, -16.2332115605, 14.8651827265 
370, 41130, 0.002, [1 100 255 127 127 0 385 7 130 128 80 85 128 128], 70.0, TPX, 1581581663, 2020-02-13 08:14:23, I07-W0167, 0, 0, -27.5361893806, 12.4166350415 
371, 41131, 0.002, [1 100 255 127 127 0 385 7 130 128 80 85 128 128], 70.0, TPX, 1581581843, 2020-02-13 08:17:23, I07-W0167, 0, 0, -38.8031891793, 9.57573653113 
372, 41132, 0.002, [1 100 255 127 127 0 385 7 130 128 80 85 128 128], 70.0, TPX, 1581582023, 2020-02-13 08:20:23, I07-W0167, 0, 0, -50.0090400018, 5.94272305358 
373, 41133, 0.002, [1 100 255 127 127 0 385 7 130 128 80 85 128 128], 70.0, TPX, 1581582203, 2020-02-13 08:23:23, I07-W0167, 0, 0, -61.091213174, 0.545439963943 
374, 41134, 0.002, [1 100 255 127 127 0 385 7 130 128 80 85 128 128], 70.0, TPX, 1581582383, 2020-02-13 08:26:23, I07-W0167, 0, 0, -71.835421756, -9.81367214725 
375, 41135, 0.002, [1 100 255 127 127 0 385 7 130 128 80 85 128 128], 70.0, TPX, 1581582563, 2020-02-13 08:29:23, I07-W0167, 0, 0, -80.967528109, -41.4798207863 
376, 41136, 0.002, [1 100 255 127 127 0 385 7 130 128 80 85 128 128], 70.0, TPX, 1581582743, 2020-02-13 08:32:23, I07-W0167, 0, 0, -80.4938613204, -118.0718136 
377, 41137, 0.002, [1 100 255 127 127 0 385 7 130 128 80 85 128 128], 70.0, TPX, 1581582923, 2020-02-13 08:35:23, I07-W0167, 0, 0, -71.1263661579, -146.894132724 
378, 41139, 0.002, [1 100 255 127 127 0 385 7 130 128 80 85 128 128], 70.0, TPX, 1581583283, 2020-02-13 08:41:23, I07-W0167, 0, 0, -49.2613050426, -161.903227537 
379, 41141, 1.5, [1 100 255 127 127 0 385 7 130 128 80 85 128 128], 70.0, TPX, 1581583645, 2020-02-13 08:47:25, I07-W0167, 0, 0, -26.6749178943, -168.293634485 
380, 41142, 1.5, [1 100 255 127 127 0 385 7 130 128 80 85 128 128], 70.0, TPX, 1581583825, 2020-02-13 08:50:25, I07-W0167, 0, 0, -15.3818848296, -170.720428018 
381, 41143, 1.5, [1 100 255 127 127 0 385 7 130 128 80 85 128 128], 70.0, TPX, 1581584005, 2020-02-13 08:53:25, I07-W0167, 0, 0, -4.06745790493, -172.973844029 
382, 41147, 0.002, [1 100 255 127 127 0 385 7 130 128 80 85 128 128], 70.0, TPX, 1581584723, 2020-02-13 09:05:23, I07-W0167, 0, 0, 41.1026235895, 177.069102511 
383, 41148, 0.002, [1 100 255 127 127 0 385 7 130 128 80 85 128 128], 70.0, TPX, 1581584903, 2020-02-13 09:08:23, I07-W0167, 0, 0, 52.3571326797, 173.163313476 
384, 41150, 0.002, [1 100 255 127 127 0 385 7 130 128 80 85 128 128], 70.0, TPX, 1581585263, 2020-02-13 09:14:23, I07-W0167, 0, 0, 74.1492166389, 154.33078805 
385, 41153, 0.002, [1 100 255 127 127 0 385 7 130 128 80 85 128 128], 70.0, TPX, 1581585803, 2020-02-13 09:23:23, I07-W0167, 0, 0, 68.4464663054, 18.0094825087 
386, 41155, 1.5, [1 100 255 127 127 0 385 7 130 128 80 85 128 128], 70.0, TPX, 1581586165, 2020-02-13 09:29:25, I07-W0167, 0, 0, 46.1135167413, 5.18478379167 
387, 41156, 1.5, [1 100 255 127 127 0 385 7 130 128 80 85 128 128], 70.0, TPX, 1581586345, 2020-02-13 09:32:25, I07-W0167, 0, 0, 34.8142084403, 1.8822270324 
388, 41157, 1.5, [1 100 255 127 127 0 385 7 130 128 80 85 128 128], 70.0, TPX, 1581586525, 2020-02-13 09:35:25, I07-W0167, 0, 0, 23.4814219672, -0.795640678822 
389, 41158, 1.5, [1 100 255 127 127 0 385 7 130 128 80 85 128 128], 70.0, TPX, 1581586705, 2020-02-13 09:38:25, I07-W0167, 0, 0, 12.1369908752, -3.16337351226 
390, 41159, 1.5, [1 100 255 127 127 0 385 7 130 128 80 85 128 128], 70.0, TPX, 1581586885, 2020-02-13 09:41:25, I07-W0167, 0, 0, 0.793416758556, -5.39603215117 
391, 41160, 1.5, [1 100 255 127 127 0 385 7 130 128 80 85 128 128], 70.0, TPX, 1581587065, 2020-02-13 09:44:25, I07-W0167, 0, 0, -10.5403496333, -7.61910077759 
392, 41161, 0.002, [1 100 255 127 127 0 385 7 130 128 80 85 128 128], 70.0, TPX, 1581587243, 2020-02-13 09:47:23, I07-W0167, 0, 0, -21.7303971057, -9.92754079221 
393, 41162, 0.002, [1 100 255 127 127 0 385 7 130 128 80 85 128 128], 70.0, TPX, 1581587423, 2020-02-13 09:50:23, I07-W0167, 0, 0, -33.0178789341, -12.5332758895 
394, 41163, 0.002, [1 100 255 127 127 0 385 7 130 128 80 85 128 128], 70.0, TPX, 1581587603, 2020-02-13 09:53:23, I07-W0167, 0, 0, -44.2595370234, -15.6883981063 
395, 41164, 0.002, [1 100 255 127 127 0 385 7 130 128 80 85 128 128], 70.0, TPX, 1581587783, 2020-02-13 09:56:23, I07-W0167, 0, 0, -55.4174774841, -19.9898241413 
396, 41165, 0.002, [1 100 255 127 127 0 385 7 130 128 80 85 128 128], 70.0, TPX, 1581587963, 2020-02-13 09:59:23, I07-W0167, 0, 0, -66.3834418178, -27.0934206602 
397, 41166, 0.002, [1 100 255 127 127 0 385 7 130 128 80 85 128 128], 70.0, TPX, 1581588143, 2020-02-13 10:02:23, I07-W0167, 0, 0, -76.6915155005, -43.6699926604 
398, 41167, 0.002, [1 100 255 127 127 0 385 7 130 128 80 85 128 128], 70.0, TPX, 1581588323, 2020-02-13 10:05:23, I07-W0167, 0, 0, -82.668962382, -103.286974389 
399, 41169, 0.002, [1 100 255 127 127 0 385 7 130 128 80 85 128 128], 70.0, TPX, 1581588683, 2020-02-13 10:11:23, I07-W0167, 0, 0, -65.9529213341, -176.240819131 
400, 41172, 1.5, [1 100 255 127 127 0 385 7 130 128 80 85 128 128], 70.0, TPX, 1581589225, 2020-02-13 10:20:25, I07-W0167, 0, 0, -32.4674578947, 169.444794568 
401, 41173, 1.5, [1 100 255 127 127 0 385 7 130 128 80 85 128 128], 70.0, TPX, 1581589405, 2020-02-13 10:23:25, I07-W0167, 0, 0, -21.1895929726, 166.859062534 
402, 41175, 1.5, [1 100 255 127 127 0 385 7 130 128 80 85 128 128], 70.0, TPX, 1581589765, 2020-02-13 10:29:25, I07-W0167, 0, 0, 1.43696785424, 162.316822812 
403, 41176, 1.5, [1 100 255 127 127 0 385 7 130 128 80 85 128 128], 70.0, TPX, 1581589945, 2020-02-13 10:32:25, I07-W0167, 0, 0, 12.7682130526, 160.08178001 
404, 41177, 1.5, [1 100 255 127 127 0 385 7 130 128 80 85 128 128], 70.0, TPX, 1581590125, 2020-02-13 10:35:25, I07-W0167, 0, 0, 24.1003190681, 157.704013575 
405, 41178, 1.5, [1 100 255 127 127 0 385 7 130 128 80 85 128 128], 70.0, TPX, 1581590305, 2020-02-13 10:38:25, I07-W0167, 0, 0, 35.4209887858, 155.004244702 
406, 41180, 0.002, [1 100 255 127 127 0 385 7 130 128 80 85 128 128], 70.0, TPX, 1581590663, 2020-02-13 10:44:23, I07-W0167, 0, 0, 57.78806539, 146.982843221 
407, 41181, 0.002, [1 100 255 127 127 0 385 7 130 128 80 85 128 128], 70.0, TPX, 1581590843, 2020-02-13 10:47:23, I07-W0167, 0, 0, 68.7623693846, 138.687605796 
408, 41184, 0.002, [1 100 255 127 127 0 385 7 130 128 80 85 128 128], 70.0, TPX, 1581591383, 2020-02-13 10:56:23, I07-W0167, 0, 0, 73.8519394855, 2.12642273034 
409, 41185, 0.002, [1 100 255 127 127 0 385 7 130 128 80 85 128 128], 70.0, TPX, 1581591563, 2020-02-13 10:59:23, I07-W0167, 0, 0, 63.1499278123, -10.2750565483 
410, 41186, 0.002, [1 100 255 127 127 0 385 7 130 128 80 85 128 128], 70.0, TPX, 1581591747, 2020-02-13 11:02:27, I07-W0167, 0, 0, 51.7690704677, -16.3626009566 
411, 41187, 1.5, [1 100 255 127 127 0 385 7 130 128 80 85 128 128], 70.0, TPX, 1581591925, 2020-02-13 11:05:25, I07-W0167, 0, 0, 40.6272799893, -20.1647367481 
412, 41188, 1.5, [1 100 255 127 127 0 385 7 130 128 80 85 128 128], 70.0, TPX, 1581592105, 2020-02-13 11:08:25, I07-W0167, 0, 0, 29.3080377813, -23.1090929876 
413, 41189, 1.5, [1 100 255 127 127 0 385 7 130 128 80 85 128 128], 70.0, TPX, 1581592285, 2020-02-13 11:11:25, I07-W0167, 0, 0, 17.9677329774, -25.6086109593 
414, 41190, 1.5, [1 100 255 127 127 0 385 7 130 128 80 85 128 128], 70.0, TPX, 1581592465, 2020-02-13 11:14:25, I07-W0167, 0, 0, 6.62256251744, -27.8931982458 
415, 41193, 0.002, [1 100 255 127 127 0 385 7 130 128 80 85 128 128], 70.0, TPX, 1581593003, 2020-02-13 11:23:23, I07-W0167, 0, 0, -27.2208976033, -34.7830047211 
416, 41194, 0.002, [1 100 255 127 127 0 385 7 130 128 80 85 128 128], 70.0, TPX, 1581593363, 2020-02-13 11:29:23, I07-W0167, 0, 0, -49.6968832813, -41.210745484 
417, 41195, 0.002, [1 100 255 127 127 0 385 7 130 128 80 85 128 128], 70.0, TPX, 1581593543, 2020-02-13 11:32:23, I07-W0167, 0, 0, -60.7839912652, -46.5336314318 
418, 41196, 0.002, [1 100 255 127 127 0 385 7 130 128 80 85 128 128], 70.0, TPX, 1581593723, 2020-02-13 11:35:23, I07-W0167, 0, 0, -71.5444761879, -56.6534070444 
419, 41197, 0.002, [1 100 255 127 127 0 385 7 130 128 80 85 128 128], 70.0, TPX, 1581593903, 2020-02-13 11:38:23, I07-W0167, 0, 0, -80.7782908879, -87.1169523237 
420, 41198, 0.002, [1 100 255 127 127 0 385 7 130 128 80 85 128 128], 70.0, TPX, 1581594083, 2020-02-13 11:41:23, I07-W0167, 0, 0, -80.6929066931, -163.802593861 
421, 41200, 0.002, [1 100 255 127 127 0 385 7 130 128 80 85 128 128], 70.0, TPX, 1581594443, 2020-02-13 11:47:23, I07-W0167, 0, 0, -60.6559115579, 156.231957545 
422, 41204, 1.5, [1 100 255 127 127 0 385 7 130 128 80 85 128 128], 70.0, TPX, 1581595165, 2020-02-13 11:59:25, I07-W0167, 0, 0, -15.6978749938, 142.072196756 
423, 41206, 1.5, [1 100 255 127 127 0 385 7 130 128 80 85 128 128], 70.0, TPX, 1581595525, 2020-02-13 12:05:25, I07-W0167, 0, 0, 6.94378076453, 137.603709416 
424, 41207, 1.5, [1 100 255 127 127 0 385 7 130 128 80 85 128 128], 70.0, TPX, 1581595705, 2020-02-13 12:08:25, I07-W0167, 0, 0, 18.2767717165, 135.316975743 
425, 41212, 0.002, [1 100 255 127 127 0 385 7 130 128 80 85 128 128], 70.0, TPX, 1581596603, 2020-02-13 12:23:23, I07-W0167, 0, 0, 73.8664536375, 107.615695567 
426, 41215, 0.002, [1 100 255 127 127 0 385 7 130 128 80 85 128 128], 70.0, TPX, 1581597143, 2020-02-13 12:32:23, I07-W0167, 0, 0, 68.7453075721, -28.936239849 
427, 41216, 0.002, [1 100 255 127 127 0 385 7 130 128 80 85 128 128], 70.0, TPX, 1581597323, 2020-02-13 12:35:23, I07-W0167, 0, 0, 57.7650135015, -37.2244216887 
428, 41217, 1.5, [1 100 255 127 127 0 385 7 130 128 80 85 128 128], 70.0, TPX, 1581597505, 2020-02-13 12:38:25, I07-W0167, 0, 0, 46.4269370468, -41.9812693695 
429, 41218, 1.5, [1 100 255 127 127 0 385 7 130 128 80 85 128 128], 70.0, TPX, 1581597685, 2020-02-13 12:41:25, I07-W0167, 0, 0, 35.1291826139, -45.3083774572 
430, 41219, 1.5, [1 100 255 127 127 0 385 7 130 128 80 85 128 128], 70.0, TPX, 1581597865, 2020-02-13 12:44:25, I07-W0167, 0, 0, 23.7971338011, -47.998358669 
431, 41220, 1.5, [1 100 255 127 127 0 385 7 130 128 80 85 128 128], 70.0, TPX, 1581598045, 2020-02-13 12:47:25, I07-W0167, 0, 0, 12.4530254356, -50.3719586883 
432, 41222, 0.002, [1 100 255 127 127 0 385 7 130 128 80 85 128 128], 70.0, TPX, 1581598403, 2020-02-13 12:53:23, I07-W0167, 0, 0, -10.0985653139, -54.8032283268 
433, 41223, 0.002, [1 100 255 127 127 0 385 7 130 128 80 85 128 128], 70.0, TPX, 1581598763, 2020-02-13 12:59:23, I07-W0167, 0, 0, -32.7031062512, -59.7268828875 
434, 41224, 0.002, [1 100 255 127 127 0 385 7 130 128 80 85 128 128], 70.0, TPX, 1581598943, 2020-02-13 13:02:23, I07-W0167, 0, 0, -43.9462020953, -62.8608195651 
435, 41225, 0.002, [1 100 255 127 127 0 385 7 130 128 80 85 128 128], 70.0, TPX, 1581599123, 2020-02-13 13:05:23, I07-W0167, 0, 0, -55.1072229713, -67.1159522854 
436, 41226, 0.002, [1 100 255 127 127 0 385 7 130 128 80 85 128 128], 70.0, TPX, 1581599303, 2020-02-13 13:08:23, I07-W0167, 0, 0, -66.0815133055, -74.094663918 
437, 41227, 0.002, [1 100 255 127 127 0 385 7 130 128 80 85 128 128], 70.0, TPX, 1581599483, 2020-02-13 13:11:23, I07-W0167, 0, 0, -76.4254386512, -90.1698488068 
438, 41231, 0.002, [1 100 255 127 127 0 385 7 130 128 80 85 128 128], 70.0, TPX, 1581600203, 2020-02-13 13:23:23, I07-W0167, 0, 0, -55.2913375505, 129.707805831 
439, 41235, 1.5, [1 100 255 127 127 0 385 7 130 128 80 85 128 128], 70.0, TPX, 1581600925, 2020-02-13 13:35:25, I07-W0167, 0, 0, -10.2009438731, 117.326380415 
440, 41236, 1.5, [1 100 255 127 127 0 385 7 130 128 80 85 128 128], 70.0, TPX, 1581601105, 2020-02-13 13:38:25, I07-W0167, 0, 0, 1.12076072484, 115.106336709 
441, 41238, 1.5, [1 100 255 127 127 0 385 7 130 128 80 85 128 128], 70.0, TPX, 1581601465, 2020-02-13 13:44:25, I07-W0167, 0, 0, 23.7845355172, 110.501532454 
442, 41244, 0.002, [1 100 255 127 127 0 385 7 130 128 80 85 128 128], 70.0, TPX, 1581602903, 2020-02-13 14:08:23, I07-W0167, 0, 0, 63.4556607399, -57.3247531681 
443, 41245, 0.002, [1 100 255 127 127 0 385 7 130 128 80 85 128 128], 70.0, TPX, 1581603083, 2020-02-13 14:11:23, I07-W0167, 0, 0, 52.3302763759, -63.403635189 
444, 41246, 1.5, [1 100 255 127 127 0 385 7 130 128 80 85 128 128], 70.0, TPX, 1581603265, 2020-02-13 14:14:25, I07-W0167, 0, 0, 40.9415165024, -67.3449890188 
445, 41248, 1.5, [1 100 255 127 127 0 385 7 130 128 80 85 128 128], 70.0, TPX, 1581603625, 2020-02-13 14:20:25, I07-W0167, 0, 0, 18.2835506793, -72.8147752602 
446, 41249, 1.5, [1 100 255 127 127 0 385 7 130 128 80 85 128 128], 70.0, TPX, 1581603805, 2020-02-13 14:23:25, I07-W0167, 0, 0, 6.9385659151, -75.1031550092 
447, 41251, 0.002, [1 100 255 127 127 0 385 7 130 128 80 85 128 128], 70.0, TPX, 1581604343, 2020-02-13 14:32:23, I07-W0167, 0, 0, -26.9057612128, -81.9829655026 
448, 41252, 0.002, [1 100 255 127 127 0 385 7 130 128 80 85 128 128], 70.0, TPX, 1581604523, 2020-02-13 14:35:23, I07-W0167, 0, 0, -38.1748390965, -84.7940254778 
449, 41253, 0.002, [1 100 255 127 127 0 385 7 130 128 80 85 128 128], 70.0, TPX, 1581604703, 2020-02-13 14:38:23, I07-W0167, 0, 0, -49.3848153533, -88.3655109038 
450, 41254, 0.002, [1 100 255 127 127 0 385 7 130 128 80 85 128 128], 70.0, TPX, 1581604883, 2020-02-13 14:41:23, I07-W0167, 0, 0, -60.4767215451, -93.6160617332 
451, 41255, 0.002, [1 100 255 127 127 0 385 7 130 128 80 85 128 128], 70.0, TPX, 1581605063, 2020-02-13 14:44:23, I07-W0167, 0, 0, -71.2528339406, -103.505718027 
452, 41256, 0.002, [1 100 255 127 127 0 385 7 130 128 80 85 128 128], 70.0, TPX, 1581605243, 2020-02-13 14:47:23, I07-W0167, 0, 0, -80.5822644588, -132.820432319 
453, 41260, 0.002, [1 100 255 127 127 0 385 7 130 128 80 85 128 128], 70.0, TPX, 1581605963, 2020-02-13 14:59:23, I07-W0167, 0, 0, -49.8857550873, 103.787606765 
454, 41261, 0.002, [1 100 255 127 127 0 385 7 130 128 80 85 128 128], 70.0, TPX, 1581606143, 2020-02-13 15:02:23, I07-W0167, 0, 0, -38.687892171, 100.168829109 
455, 41262, 1.5, [1 100 255 127 127 0 385 7 130 128 80 85 128 128], 70.0, TPX, 1581606325, 2020-02-13 15:05:25, I07-W0167, 0, 0, -27.3055936565, 97.3063856205 
456, 41263, 1.5, [1 100 255 127 127 0 385 7 130 128 80 85 128 128], 70.0, TPX, 1581606505, 2020-02-13 15:08:25, I07-W0167, 0, 0, -16.0136739127, 94.8649413322 
457, 41264, 1.5, [1 100 255 127 127 0 385 7 130 128 80 85 128 128], 70.0, TPX, 1581606685, 2020-02-13 15:11:25, I07-W0167, 0, 0, -4.69977803519, 92.6056103777 
458, 41265, 1.5, [1 100 255 127 127 0 385 7 130 128 80 85 128 128], 70.0, TPX, 1581606865, 2020-02-13 15:14:25, I07-W0167, 0, 0, 6.62767192582, 90.3937628983 
459, 41266, 1.5, [1 100 255 127 127 0 385 7 130 128 80 85 128 128], 70.0, TPX, 1581607045, 2020-02-13 15:17:25, I07-W0167, 0, 0, 17.9608600995, 88.1108199799 
460, 41267, 1.5, [1 100 255 127 127 0 385 7 130 128 80 85 128 128], 70.0, TPX, 1581607225, 2020-02-13 15:20:25, I07-W0167, 0, 0, 29.2899821762, 85.6133886309 
461, 41270, 0.002, [1 100 255 127 127 0 385 7 130 128 80 85 128 128], 70.0, TPX, 1581607763, 2020-02-13 15:29:23, I07-W0167, 0, 0, 62.8637702068, 72.9775591586 
462, 41271, 0.002, [1 100 255 127 127 0 385 7 130 128 80 85 128 128], 70.0, TPX, 1581607943, 2020-02-13 15:32:23, I07-W0167, 0, 0, 73.5825568247, 60.8822776874 
463, 41272, 0.002, [1 100 255 127 127 0 385 7 130 128 80 85 128 128], 70.0, TPX, 1581608850, 2020-02-13 15:47:30, I07-W0167, 0, 0, 46.4271453676, -89.2532169297 
464, 41273, 0.002, [1 100 255 127 127 0 385 7 130 128 80 85 128 128], 70.0, TPX, 1581609030, 2020-02-13 15:50:30, I07-W0167, 0, 0, 35.1295241233, -92.5803181872 
465, 41274, 1.5, [1 100 255 127 127 0 385 7 130 128 80 85 128 128], 70.0, TPX, 1581609212, 2020-02-13 15:53:32, I07-W0167, 0, 0, 23.6716376129, -95.2979821557 
466, 41275, 1.5, [1 100 255 127 127 0 385 7 130 128 80 85 128 128], 70.0, TPX, 1581609392, 2020-02-13 15:56:32, I07-W0167, 0, 0, 12.3276718276, -97.669198439 
467, 41276, 1.5, [1 100 255 127 127 0 385 7 130 128 80 85 128 128], 70.0, TPX, 1581609572, 2020-02-13 15:59:32, I07-W0167, 0, 0, 0.984431322964, -99.9029708256 
468, 41277, 1.5, [1 100 255 127 127 0 385 7 130 128 80 85 128 128], 70.0, TPX, 1581609752, 2020-02-13 16:02:32, I07-W0167, 0, 0, -10.3491197045, -102.125179702 
469, 41279, 0.002, [1 100 255 127 127 0 385 7 130 128 80 85 128 128], 70.0, TPX, 1581610110, 2020-02-13 16:08:30, I07-W0167, 0, 0, -32.8267395053, -107.02978145 
470, 41281, 0.002, [1 100 255 127 127 0 385 7 130 128 80 85 128 128], 70.0, TPX, 1581610470, 2020-02-13 16:14:30, I07-W0167, 0, 0, -55.2285749422, -114.444962661 
471, 41282, 0.002, [1 100 255 127 127 0 385 7 130 128 80 85 128 128], 70.0, TPX, 1581610650, 2020-02-13 16:17:30, I07-W0167, 0, 0, -66.1994501819, -121.471868108 
472, 41283, 0.002, [1 100 255 127 127 0 385 7 130 128 80 85 128 128], 70.0, TPX, 1581610830, 2020-02-13 16:20:30, I07-W0167, 0, 0, -76.5294624323, -137.739712143 
473, 41287, 0.002, [1 100 255 127 127 0 385 7 130 128 80 85 128 128], 70.0, TPX, 1581611550, 2020-02-13 16:32:30, I07-W0167, 0, 0, -55.1703202588, 82.3787817952 
474, 41288, 0.002, [1 100 255 127 127 0 385 7 130 128 80 85 128 128], 70.0, TPX, 1581611730, 2020-02-13 16:35:30, I07-W0167, 0, 0, -44.0176492891, 78.1162588102 
475, 41289, 1.5, [1 100 255 127 127 0 385 7 130 128 80 85 128 128], 70.0, TPX, 1581611912, 2020-02-13 16:38:32, I07-W0167, 0, 0, -32.6592120405, 74.9481165452 
476, 41290, 1.5, [1 100 255 127 127 0 385 7 130 128 80 85 128 128], 70.0, TPX, 1581612092, 2020-02-13 16:41:32, I07-W0167, 0, 0, -21.3815571467, 72.3560119442 
477, 41291, 1.5, [1 100 255 127 127 0 385 7 130 128 80 85 128 128], 70.0, TPX, 1581612272, 2020-02-13 16:44:32, I07-W0167, 0, 0, -10.0768060388, 70.029567551 
478, 41292, 1.5, [1 100 255 127 127 0 385 7 130 128 80 85 128 128], 70.0, TPX, 1581612452, 2020-02-13 16:47:32, I07-W0167, 0, 0, 1.24526760287, 67.8099746371 
479, 41293, 1.5, [1 100 255 127 127 0 385 7 130 128 80 85 128 128], 70.0, TPX, 1581612632, 2020-02-13 16:50:32, I07-W0167, 0, 0, 12.5768815247, 65.5761339485 
480, 41294, 1.5, [1 100 255 127 127 0 385 7 130 128 80 85 128 128], 70.0, TPX, 1581612992, 2020-02-13 16:56:32, I07-W0167, 0, 0, 35.2309660929, 60.5096020757 
481, 41295, 1.5, [1 100 255 127 127 0 385 7 130 128 80 85 128 128], 70.0, TPX, 1581613172, 2020-02-13 16:59:32, I07-W0167, 0, 0, 46.51930511, 57.1768864027 
482, 41297, 0.002, [1 100 255 127 127 0 385 7 130 128 80 85 128 128], 70.0, TPX, 1581613530, 2020-02-13 17:05:30, I07-W0167, 0, 0, 68.5828925038, 44.3408811614 
483, 41301, 0.002, [1 100 255 127 127 0 385 7 130 128 80 85 128 128], 70.0, TPX, 1581614250, 2020-02-13 17:17:30, I07-W0167, 0, 0, 63.3334686556, -104.686152301 
484, 41304, 1.5, [1 100 255 127 127 0 385 7 130 128 80 85 128 128], 70.0, TPX, 1581614972, 2020-02-13 17:29:32, I07-W0167, 0, 0, 18.1580203401, -120.113029294 
485, 41305, 1.5, [1 100 255 127 127 0 385 7 130 128 80 85 128 128], 70.0, TPX, 1581615152, 2020-02-13 17:32:32, I07-W0167, 0, 0, 6.81324731177, -122.39984493 
486, 41306, 1.5, [1 100 255 127 127 0 385 7 130 128 80 85 128 128], 70.0, TPX, 1581615332, 2020-02-13 17:35:32, I07-W0167, 0, 0, -4.5261939001, -124.613413617 
487, 41310, 0.002, [1 100 255 127 127 0 385 7 130 128 80 85 128 128], 70.0, TPX, 1581616050, 2020-02-13 17:47:30, I07-W0167, 0, 0, -49.5071098904, -135.683483694 
488, 41311, 0.002, [1 100 255 127 127 0 385 7 130 128 80 85 128 128], 70.0, TPX, 1581616230, 2020-02-13 17:50:30, I07-W0167, 0, 0, -60.5969260443, -140.962017808 
489, 41313, 0.002, [1 100 255 127 127 0 385 7 130 128 80 85 128 128], 70.0, TPX, 1581617031, 2020-02-13 18:03:51, I07-W0167, 0, 0, -66.826762076, 66.3727935529 
490, 41314, 0.002, [1 100 255 127 127 0 385 7 130 128 80 85 128 128], 70.0, TPX, 1581617211, 2020-02-13 18:06:51, I07-W0167, 0, 0, -55.8794236682, 59.0804328034 
491, 41316, 0.002, [1 100 255 127 127 0 385 7 130 128 80 85 128 128], 70.0, TPX, 1581617571, 2020-02-13 18:12:51, I07-W0167, 0, 0, -33.5044718558, 51.5237334878 
492, 41317, 1.5, [1 100 255 127 127 0 385 7 130 128 80 85 128 128], 70.0, TPX, 1581617753, 2020-02-13 18:15:53, I07-W0167, 0, 0, -22.103835991, 48.8757237885 
493, 41318, 1.5, [1 100 255 127 127 0 385 7 130 128 80 85 128 128], 70.0, TPX, 1581617933, 2020-02-13 18:18:53, I07-W0167, 0, 0, -10.8003843265, 46.537715885 
494, 41319, 1.5, [1 100 255 127 127 0 385 7 130 128 80 85 128 128], 70.0, TPX, 1581618113, 2020-02-13 18:21:53, I07-W0167, 0, 0, 0.520930897327, 44.3150562161 
495, 41320, 1.5, [1 100 255 127 127 0 385 7 130 128 80 85 128 128], 70.0, TPX, 1581618293, 2020-02-13 18:24:53, I07-W0167, 0, 0, 11.852284685, 42.0856312449 
496, 41322, 1.5, [1 100 255 127 127 0 385 7 130 128 80 85 128 128], 70.0, TPX, 1581618653, 2020-02-13 18:30:53, I07-W0167, 0, 0, 34.5080554561, 37.0601761297 
497, 41327, 0.002, [1 100 255 127 127 0 385 7 130 128 80 85 128 128], 70.0, TPX, 1581619731, 2020-02-13 18:48:51, I07-W0167, 0, 0, 74.667634827, -114.389979638 
498, 41328, 0.002, [1 100 255 127 127 0 385 7 130 128 80 85 128 128], 70.0, TPX, 1581619911, 2020-02-13 18:51:51, I07-W0167, 0, 0, 64.035352555, -127.798549392 
499, 41329, 0.002, [1 100 255 127 127 0 385 7 130 128 80 85 128 128], 70.0, TPX, 1581620091, 2020-02-13 18:54:51, I07-W0167, 0, 0, 52.9220883617, -134.062515879 
500, 41330, 0.002, [1 100 255 127 127 0 385 7 130 128 80 85 128 128], 70.0, TPX, 1581620271, 2020-02-13 18:57:51, I07-W0167, 0, 0, 41.6634743278, -138.039502806 
501, 41331, 0.002, [1 100 255 127 127 0 385 7 130 128 80 85 128 128], 70.0, TPX, 1581620451, 2020-02-13 19:00:51, I07-W0167, 0, 0, 30.3477530823, -141.042204229 
502, 41332, 1.5, [1 100 255 127 127 0 385 7 130 128 80 85 128 128], 70.0, TPX, 1581620633, 2020-02-13 19:03:53, I07-W0167, 0, 0, 18.8829749109, -143.597323356 
503, 41333, 1.5, [1 100 255 127 127 0 385 7 130 128 80 85 128 128], 70.0, TPX, 1581620813, 2020-02-13 19:06:53, I07-W0167, 0, 0, 7.5382774416, -145.893209483 
504, 41334, 1.5, [1 100 255 127 127 0 385 7 130 128 80 85 128 128], 70.0, TPX, 1581620993, 2020-02-13 19:09:53, I07-W0167, 0, 0, -3.80165127502, -148.107830019 
505, 41335, 1.5, [1 100 255 127 127 0 385 7 130 128 80 85 128 128], 70.0, TPX, 1581621353, 2020-02-13 19:15:53, I07-W0167, 0, 0, -26.4333477638, -152.783490656 
506, 41340, 0.002, [1 100 255 127 127 0 385 7 130 128 80 85 128 128], 70.0, TPX, 1581623073, 2020-02-13 19:44:33, I07-W0167, 0, 0, -44.1440248642, 30.8843293283 
507, 41341, 0.002, [1 100 255 127 127 0 385 7 130 128 80 85 128 128], 70.0, TPX, 1581623253, 2020-02-13 19:47:33, I07-W0167, 0, 0, -32.9111879642, 27.738777914 
508, 41342, 0.002, [1 100 255 127 127 0 385 7 130 128 80 85 128 128], 70.0, TPX, 1581623433, 2020-02-13 19:50:33, I07-W0167, 0, 0, -21.6341085139, 25.1382448596 
509, 41344, 1.5, [1 100 255 127 127 0 385 7 130 128 80 85 128 128], 70.0, TPX, 1581623795, 2020-02-13 19:56:35, I07-W0167, 0, 0, 1.11822811204, 20.5626464937 
510, 41345, 1.5, [1 100 255 127 127 0 385 7 130 128 80 85 128 128], 70.0, TPX, 1581623975, 2020-02-13 19:59:35, I07-W0167, 0, 0, 12.4500099071, 18.3295878618 
511, 41346, 1.5, [1 100 255 127 127 0 385 7 130 128 80 85 128 128], 70.0, TPX, 1581624155, 2020-02-13 20:02:35, I07-W0167, 0, 0, 23.7829253001, 15.9577671068 
512, 41347, 1.5, [1 100 255 127 127 0 385 7 130 128 80 85 128 128], 70.0, TPX, 1581624335, 2020-02-13 20:05:35, I07-W0167, 0, 0, 35.1048090838, 13.270305381 
513, 41348, 1.5, [1 100 255 127 127 0 385 7 130 128 80 85 128 128], 70.0, TPX, 1581624515, 2020-02-13 20:08:35, I07-W0167, 0, 0, 46.3939130822, 9.94750799648 
514, 41349, 0.002, [1 100 255 127 127 0 385 7 130 128 80 85 128 128], 70.0, TPX, 1581624693, 2020-02-13 20:11:33, I07-W0167, 0, 0, 57.4779064998, 5.32978614641 
515, 41350, 0.002, [1 100 255 127 127 0 385 7 130 128 80 85 128 128], 70.0, TPX, 1581624873, 2020-02-13 20:14:33, I07-W0167, 0, 0, 68.4634734764, -2.80156793325 
516, 41351, 0.002, [1 100 255 127 127 0 385 7 130 128 80 85 128 128], 70.0, TPX, 1581625053, 2020-02-13 20:17:33, I07-W0167, 0, 0, 78.5391089915, -23.900283318 
517, 41353, 0.002, [1 100 255 127 127 0 385 7 130 128 80 85 128 128], 70.0, TPX, 1581625413, 2020-02-13 20:23:33, I07-W0167, 0, 0, 74.1344292793, -139.134286507 
518, 41354, 0.002, [1 100 255 127 127 0 385 7 130 128 80 85 128 128], 70.0, TPX, 1581625593, 2020-02-13 20:26:33, I07-W0167, 0, 0, 63.4554763247, -151.868887345 
519, 41356, 0.002, [1 100 255 127 127 0 385 7 130 128 80 85 128 128], 70.0, TPX, 1581625953, 2020-02-13 20:32:33, I07-W0167, 0, 0, 41.0672432096, -161.85209674 
520, 41357, 0.002, [1 100 255 127 127 0 385 7 130 128 80 85 128 128], 70.0, TPX, 1581626133, 2020-02-13 20:35:33, I07-W0167, 0, 0, 29.7497597752, -164.820715519 
521, 41359, 1.5, [1 100 255 127 127 0 385 7 130 128 80 85 128 128], 70.0, TPX, 1581626495, 2020-02-13 20:41:35, I07-W0167, 0, 0, 6.93983846472, -169.646995488 
522, 41360, 1.5, [1 100 255 127 127 0 385 7 130 128 80 85 128 128], 70.0, TPX, 1581626675, 2020-02-13 20:44:35, I07-W0167, 0, 0, -4.39948919526, -171.860700779 
523, 41361, 1.5, [1 100 255 127 127 0 385 7 130 128 80 85 128 128], 70.0, TPX, 1581626855, 2020-02-13 20:47:35, I07-W0167, 0, 0, -15.7252486845, -174.118774979 
524, 41362, 1.5, [1 100 255 127 127 0 385 7 130 128 80 85 128 128], 70.0, TPX, 1581627035, 2020-02-13 20:50:35, I07-W0167, 0, 0, -27.0285953348, -176.555226399 
525, 41363, 1.5, [1 100 255 127 127 0 385 7 130 128 80 85 128 128], 70.0, TPX, 1581627215, 2020-02-13 20:53:35, I07-W0167, 0, 0, -38.2967716335, -179.37191445 
526, 41371, 0.002, [1 100 255 127 127 0 385 7 130 128 80 85 128 128], 70.0, TPX, 1581631170, 2020-02-13 21:59:30, I07-W0167, 0, 0, 69.2215630025, -170.21355968 
527, 41372, 0.002, [1 100 255 127 127 0 385 7 130 128 80 85 128 128], 70.0, TPX, 1581631350, 2020-02-13 22:02:30, I07-W0167, 0, 0, 58.2596353106, -178.775475011 
528, 41373, 0.002, [1 100 255 127 127 0 385 7 130 128 80 85 128 128], 70.0, TPX, 1581631530, 2020-02-13 22:05:30, I07-W0167, 0, 0, 47.0529136389, 176.417406842 
529, 41374, 0.002, [1 100 255 127 127 0 385 7 130 128 80 85 128 128], 70.0, TPX, 1581631710, 2020-02-13 22:08:30, I07-W0167, 0, 0, 35.7584991684, 173.039714373 
530, 41375, 0.002, [1 100 255 127 127 0 385 7 130 128 80 85 128 128], 70.0, TPX, 1581631890, 2020-02-13 22:11:30, I07-W0167, 0, 0, 24.42813912, 170.324850782 
531, 41376, 1.5, [1 100 255 127 127 0 385 7 130 128 80 85 128 128], 70.0, TPX, 1581632072, 2020-02-13 22:14:32, I07-W0167, 0, 0, 12.9588453398, 167.913739364 
532, 41377, 1.5, [1 100 255 127 127 0 385 7 130 128 80 85 128 128], 70.0, TPX, 1581632252, 2020-02-13 22:17:32, I07-W0167, 0, 0, 1.61573834407, 165.675909845 
533, 41378, 1.5, [1 100 255 127 127 0 385 7 130 128 80 85 128 128], 70.0, TPX, 1581632432, 2020-02-13 22:20:32, I07-W0167, 0, 0, -9.71811609323, 163.456180327 
534, 41379, 1.5, [1 100 255 127 127 0 385 7 130 128 80 85 128 128], 70.0, TPX, 1581632612, 2020-02-13 22:23:32, I07-W0167, 0, 0, -21.0344793766, 161.133615481 
535, 41380, 1.5, [1 100 255 127 127 0 385 7 130 128 80 85 128 128], 70.0, TPX, 1581632792, 2020-02-13 22:26:32, I07-W0167, 0, 0, -32.3232350353, 158.551025334 
536, 41381, 0.002, [1 100 255 127 127 0 385 7 130 128 80 85 128 128], 70.0, TPX, 1581632970, 2020-02-13 22:29:30, I07-W0167, 0, 0, -43.4430835309, 155.481210472 
537, 41382, 0.002, [1 100 255 127 127 0 385 7 130 128 80 85 128 128], 70.0, TPX, 1581633330, 2020-02-13 22:35:30, I07-W0167, 0, 0, -65.5955658367, 144.512022289 
538, 41385, 0.002, [1 100 255 127 127 0 385 7 130 128 80 85 128 128], 70.0, TPX, 1581633870, 2020-02-13 22:44:30, I07-W0167, 0, 0, -77.0001239377, 12.5742570245 
539, 41387, 0.002, [1 100 255 127 127 0 385 7 130 128 80 85 128 128], 70.0, TPX, 1581634230, 2020-02-13 22:50:30, I07-W0167, 0, 0, -55.7899072089, -11.8709951344 
540, 41388, 0.002, [1 100 255 127 127 0 385 7 130 128 80 85 128 128], 70.0, TPX, 1581634410, 2020-02-13 22:53:30, I07-W0167, 0, 0, -44.6435165982, -16.2275305507 
541, 41389, 0.002, [1 100 255 127 127 0 385 7 130 128 80 85 128 128], 70.0, TPX, 1581634770, 2020-02-13 22:59:30, I07-W0167, 0, 0, -22.1374012481, -22.025162457 
542, 41390, 1.5, [1 100 255 127 127 0 385 7 130 128 80 85 128 128], 70.0, TPX, 1581634952, 2020-02-13 23:02:32, I07-W0167, 0, 0, -10.7079957727, -24.3888535794 
543, 41391, 1.5, [1 100 255 127 127 0 385 7 130 128 80 85 128 128], 70.0, TPX, 1581635132, 2020-02-13 23:05:32, I07-W0167, 0, 0, 0.613766721792, -26.6111392954 
544, 41392, 1.5, [1 100 255 127 127 0 385 7 130 128 80 85 128 128], 70.0, TPX, 1581635312, 2020-02-13 23:08:32, I07-W0167, 0, 0, 11.9455176209, -28.8411499553 
545, 41393, 1.5, [1 100 255 127 127 0 385 7 130 128 80 85 128 128], 70.0, TPX, 1581635492, 2020-02-13 23:11:32, I07-W0167, 0, 0, 23.2788317262, -31.2036679927 
546, 41394, 1.5, [1 100 255 127 127 0 385 7 130 128 80 85 128 128], 70.0, TPX, 1581635672, 2020-02-13 23:14:32, I07-W0167, 0, 0, 34.601782727, -33.8719223728 
547, 41395, 1.5, [1 100 255 127 127 0 385 7 130 128 80 85 128 128], 70.0, TPX, 1581635852, 2020-02-13 23:17:32, I07-W0167, 0, 0, 45.8932636312, -37.155832929 
548, 41399, 0.002, [1 100 255 127 127 0 385 7 130 128 80 85 128 128], 70.0, TPX, 1581636750, 2020-02-13 23:32:30, I07-W0167, 0, 0, 74.5833502927, 174.521319008 
549, 41400, 0.002, [1 100 255 127 127 0 385 7 130 128 80 85 128 128], 70.0, TPX, 1581636930, 2020-02-13 23:35:30, I07-W0167, 0, 0, 63.9434182088, 161.22347345 
550, 41401, 0.002, [1 100 255 127 127 0 385 7 130 128 80 85 128 128], 70.0, TPX, 1581637110, 2020-02-13 23:38:30, I07-W0167, 0, 0, 52.8283132795, 154.989641758 
551, 41402, 1.5, [1 100 255 127 127 0 385 7 130 128 80 85 128 128], 70.0, TPX, 1581637292, 2020-02-13 23:41:32, I07-W0167, 0, 0, 41.4436446894, 150.987096263 
552, 41403, 1.5, [1 100 255 127 127 0 385 7 130 128 80 85 128 128], 70.0, TPX, 1581637472, 2020-02-13 23:44:32, I07-W0167, 0, 0, 30.1274624061, 147.997139973 
553, 41404, 1.5, [1 100 255 127 127 0 385 7 130 128 80 85 128 128], 70.0, TPX, 1581637652, 2020-02-13 23:47:32, I07-W0167, 0, 0, 18.7887524513, 145.474874056 
554, 41405, 1.5, [1 100 255 127 127 0 385 7 130 128 80 85 128 128], 70.0, TPX, 1581638012, 2020-02-13 23:53:32, I07-W0167, 0, 0, -3.89515656475, 140.965829054 
555, 41409, 0.002, [1 100 255 127 127 0 385 7 130 128 80 85 128 128], 70.0, TPX, 1581638730, 2020-02-14 00:05:30, I07-W0167, 0, 0, -48.8836707136, 130.004031135 
556, 41410, 0.002, [1 100 255 127 127 0 385 7 130 128 80 85 128 128], 70.0, TPX, 1581638910, 2020-02-14 00:08:30, I07-W0167, 0, 0, -59.9827827549, 124.865679824 
557, 41413, 0.002, [1 100 255 127 127 0 385 7 130 128 80 85 128 128], 70.0, TPX, 1581639450, 2020-02-14 00:17:30, I07-W0167, 0, 0, -81.1789156336, 11.4335283483 
558, 41414, 0.002, [1 100 255 127 127 0 385 7 130 128 80 85 128 128], 70.0, TPX, 1581639630, 2020-02-14 00:20:30, I07-W0167, 0, 0, -72.1758930257, -21.7003032922 
559, 41415, 0.002, [1 100 255 127 127 0 385 7 130 128 80 85 128 128], 70.0, TPX, 1581639810, 2020-02-14 00:23:30, I07-W0167, 0, 0, -61.4563209361, -32.3499649806 
560, 41416, 0.002, [1 100 255 127 127 0 385 7 130 128 80 85 128 128], 70.0, TPX, 1581639990, 2020-02-14 00:26:30, I07-W0167, 0, 0, -50.3869851044, -37.836290525 
561, 41417, 0.002, [1 100 255 127 127 0 385 7 130 128 80 85 128 128], 70.0, TPX, 1581640170, 2020-02-14 00:29:30, I07-W0167, 0, 0, -39.1923801883, -41.5060316373 
562, 41418, 0.002, [1 100 255 127 127 0 385 7 130 128 80 85 128 128], 70.0, TPX, 1581640350, 2020-02-14 00:32:30, I07-W0167, 0, 0, -27.9368841358, -44.3643223706 
563, 41419, 0.002, [1 100 255 127 127 0 385 7 130 128 80 85 128 128], 70.0, TPX, 1581640530, 2020-02-14 00:35:30, I07-W0167, 0, 0, -16.645922326, -46.8210594524 
564, 41421, 1.5, [1 100 255 127 127 0 385 7 130 128 80 85 128 128], 70.0, TPX, 1581640892, 2020-02-14 00:41:32, I07-W0167, 0, 0, 6.12111777628, -51.3229566621 
565, 41422, 1.5, [1 100 255 127 127 0 385 7 130 128 80 85 128 128], 70.0, TPX, 1581641072, 2020-02-14 00:44:32, I07-W0167, 0, 0, 17.4549309123, -53.6001075802 
566, 41423, 1.5, [1 100 255 127 127 0 385 7 130 128 80 85 128 128], 70.0, TPX, 1581641252, 2020-02-14 00:47:32, I07-W0167, 0, 0, 28.7851833853, -56.0841551734 
567, 41424, 1.5, [1 100 255 127 127 0 385 7 130 128 80 85 128 128], 70.0, TPX, 1581641432, 2020-02-14 00:50:32, I07-W0167, 0, 0, 40.0965469701, -58.9984500428 
568, 41426, 0.002, [1 100 255 127 127 0 385 7 130 128 80 85 128 128], 70.0, TPX, 1581641790, 2020-02-14 00:56:30, I07-W0167, 0, 0, 62.3742710397, -68.4978771392 
569, 41429, 0.002, [1 100 255 127 127 0 385 7 130 128 80 85 128 128], 70.0, TPX, 1581642330, 2020-02-14 01:05:30, I07-W0167, 0, 0, 79.3822685237, 166.785159887 
