# ordinar image ID, original image ID, exposure [s], dacs, bias [V], detector type, UTC time, human readable time, chip-board id, adrenalin mode, anomaly mode, latitude [deg], longitude [deg], 
1, 36672, 1.0, [1 100 255 127 127 0 385 7 130 128 80 85 128 128], 70.0, TPX, 1569535112, 2019-09-26 21:58:32, I07-W0167, 0, 0, 69.2828571201, -28.6121746936 
2, 36673, 1.0, [1 100 255 127 127 0 385 7 130 128 80 85 128 128], 70.0, TPX, 1569535292, 2019-09-26 22:01:32, I07-W0167, 0, 0, 79.152029677, -51.723875106 
3, 36674, 1.0, [1 100 255 127 127 0 385 7 130 128 80 85 128 128], 70.0, TPX, 1569535472, 2019-09-26 22:04:32, I07-W0167, 0, 0, 81.8973012701, -125.237269435 
4, 36675, 0.002, [1 100 255 127 127 0 385 7 130 128 80 85 128 128], 70.0, TPX, 1569535651, 2019-09-26 22:07:31, I07-W0167, 0, 0, 73.5242884809, -165.068446481 
5, 36677, 0.002, [1 100 255 127 127 0 385 7 130 128 80 85 128 128], 70.0, TPX, 1569536191, 2019-09-26 22:16:31, I07-W0167, 0, 0, 40.5080726978, 173.154502532 
6, 36678, 1.0, [1 100 255 127 127 0 385 7 130 128 80 85 128 128], 70.0, TPX, 1569536372, 2019-09-26 22:19:32, I07-W0167, 0, 0, 29.1492939397, 170.199393867 
7, 36679, 1.0, [1 100 255 127 127 0 385 7 130 128 80 85 128 128], 70.0, TPX, 1569536552, 2019-09-26 22:22:32, I07-W0167, 0, 0, 17.8238482123, 167.701211198 
8, 36680, 1.0, [1 100 255 127 127 0 385 7 130 128 80 85 128 128], 70.0, TPX, 1569536732, 2019-09-26 22:25:32, I07-W0167, 0, 0, 6.48473015378, 165.414641449 
9, 36681, 1.0, [1 100 255 127 127 0 385 7 130 128 80 85 128 128], 70.0, TPX, 1569536912, 2019-09-26 22:28:32, I07-W0167, 0, 0, -4.85784953002, 163.196701441 
10, 36682, 1.0, [1 100 255 127 127 0 385 7 130 128 80 85 128 128], 70.0, TPX, 1569537092, 2019-09-26 22:31:32, I07-W0167, 0, 0, -16.1952305861, 160.92812241 
11, 36683, 1.0, [1 100 255 127 127 0 385 7 130 128 80 85 128 128], 70.0, TPX, 1569537272, 2019-09-26 22:34:32, I07-W0167, 0, 0, -27.5177290868, 158.472327894 
12, 36686, 0.002, [1 100 255 127 127 0 385 7 130 128 80 85 128 128], 70.0, TPX, 1569538959, 2019-09-26 23:02:39, I07-W0167, 0, 0, -44.7852771744, -17.3504717067 
13, 36687, 0.002, [1 100 255 127 127 0 385 7 130 128 80 85 128 128], 70.0, TPX, 1569539139, 2019-09-26 23:05:39, I07-W0167, 0, 0, -33.5380046696, -20.5508251438 
14, 36689, 1.0, [1 100 255 127 127 0 385 7 130 128 80 85 128 128], 70.0, TPX, 1569539500, 2019-09-26 23:11:40, I07-W0167, 0, 0, -10.8858718279, -25.5376435863 
15, 36694, 1.0, [1 100 255 127 127 0 385 7 130 128 80 85 128 128], 70.0, TPX, 1569540580, 2019-09-26 23:29:40, I07-W0167, 0, 0, 56.7659583167, -42.8101879572 
16, 36695, 1.0, [1 100 255 127 127 0 385 7 130 128 80 85 128 128], 70.0, TPX, 1569540760, 2019-09-26 23:32:40, I07-W0167, 0, 0, 67.7277733104, -50.5627156265 
17, 36696, 1.0, [1 100 255 127 127 0 385 7 130 128 80 85 128 128], 70.0, TPX, 1569540940, 2019-09-26 23:35:40, I07-W0167, 0, 0, 77.8823316614, -69.8763868985 
18, 36697, 1.0, [1 100 255 127 127 0 385 7 130 128 80 85 128 128], 70.0, TPX, 1569541120, 2019-09-26 23:38:40, I07-W0167, 0, 0, 82.4441125546, -137.23665505 
19, 36698, 0.002, [1 100 255 127 127 0 385 7 130 128 80 85 128 128], 70.0, TPX, 1569541299, 2019-09-26 23:41:39, I07-W0167, 0, 0, 74.9882917179, 174.290089783 
20, 36701, 1.0, [1 100 255 127 127 0 385 7 130 128 80 85 128 128], 70.0, TPX, 1569543498, 2019-09-27 00:18:18, I07-W0167, 0, 0, -61.8895734955, 122.411920704 
21, 36702, 1.0, [1 100 255 127 127 0 385 7 130 128 80 85 128 128], 70.0, TPX, 1569543678, 2019-09-27 00:21:18, I07-W0167, 0, 0, -72.6209618123, 111.298472096 
22, 36703, 1.0, [1 100 255 127 127 0 385 7 130 128 80 85 128 128], 70.0, TPX, 1569543858, 2019-09-27 00:24:18, I07-W0167, 0, 0, -81.4512967475, 75.7969519646 
23, 36705, 0.002, [1 100 255 127 127 0 385 7 130 128 80 85 128 128], 70.0, TPX, 1569544217, 2019-09-27 00:30:17, I07-W0167, 0, 0, -70.2586384353, -25.5520125968 
24, 36706, 0.002, [1 100 255 127 127 0 385 7 130 128 80 85 128 128], 70.0, TPX, 1569544397, 2019-09-27 00:33:17, I07-W0167, 0, 0, -59.4083979967, -34.7635250216 
25, 36707, 0.002, [1 100 255 127 127 0 385 7 130 128 80 85 128 128], 70.0, TPX, 1569544577, 2019-09-27 00:36:17, I07-W0167, 0, 0, -48.2808040666, -39.7964113826 
26, 36708, 0.002, [1 100 255 127 127 0 385 7 130 128 80 85 128 128], 70.0, TPX, 1569544757, 2019-09-27 00:39:17, I07-W0167, 0, 0, -37.051846714, -43.2759419718 
27, 36709, 0.002, [1 100 255 127 127 0 385 7 130 128 80 85 128 128], 70.0, TPX, 1569544937, 2019-09-27 00:42:17, I07-W0167, 0, 0, -25.7761674525, -46.0428481891 
28, 36710, 0.002, [1 100 255 127 127 0 385 7 130 128 80 85 128 128], 70.0, TPX, 1569545117, 2019-09-27 00:45:17, I07-W0167, 0, 0, -14.4766098496, -48.4553358904 
29, 36711, 1.0, [1 100 255 127 127 0 385 7 130 128 80 85 128 128], 70.0, TPX, 1569545298, 2019-09-27 00:48:18, I07-W0167, 0, 0, -3.10239144893, -50.7171188828 
30, 36712, 1.0, [1 100 255 127 127 0 385 7 130 128 80 85 128 128], 70.0, TPX, 1569545478, 2019-09-27 00:51:18, I07-W0167, 0, 0, 8.21256652298, -52.9341334003 
31, 36713, 1.0, [1 100 255 127 127 0 385 7 130 128 80 85 128 128], 70.0, TPX, 1569545658, 2019-09-27 00:54:18, I07-W0167, 0, 0, 19.5235117588, -55.2386016599 
32, 36714, 1.0, [1 100 255 127 127 0 385 7 130 128 80 85 128 128], 70.0, TPX, 1569545838, 2019-09-27 00:57:18, I07-W0167, 0, 0, 30.8208597954, -57.7804770498 
33, 36715, 1.0, [1 100 255 127 127 0 385 7 130 128 80 85 128 128], 70.0, TPX, 1569546018, 2019-09-27 01:00:18, I07-W0167, 0, 0, 42.0887116602, -60.8068177574 
34, 36718, 1.0, [1 100 255 127 127 0 385 7 130 128 80 85 128 128], 70.0, TPX, 1569546558, 2019-09-27 01:09:18, I07-W0167, 0, 0, 74.9020264287, -84.9246869966 
35, 36719, 1.0, [1 100 255 127 127 0 385 7 130 128 80 85 128 128], 70.0, TPX, 1569546738, 2019-09-27 01:12:18, I07-W0167, 0, 0, 82.43491912, -133.300225787 
36, 36720, 0.002, [1 100 255 127 127 0 385 7 130 128 80 85 128 128], 70.0, TPX, 1569546917, 2019-09-27 01:15:17, I07-W0167, 0, 0, 77.9620467992, 159.348163051 
37, 36721, 0.002, [1 100 255 127 127 0 385 7 130 128 80 85 128 128], 70.0, TPX, 1569547097, 2019-09-27 01:18:17, I07-W0167, 0, 0, 67.8155549016, 139.823561877 
38, 36722, 0.002, [1 100 255 127 127 0 385 7 130 128 80 85 128 128], 70.0, TPX, 1569547277, 2019-09-27 01:21:17, I07-W0167, 0, 0, 56.8443381525, 132.022078827 
39, 36723, 1.0, [1 100 255 127 127 0 385 7 130 128 80 85 128 128], 70.0, TPX, 1569547458, 2019-09-27 01:24:18, I07-W0167, 0, 0, 45.5934251568, 127.447996763 
40, 36724, 1.0, [1 100 255 127 127 0 385 7 130 128 80 85 128 128], 70.0, TPX, 1569547638, 2019-09-27 01:27:18, I07-W0167, 0, 0, 34.3190572916, 124.182879473 
41, 36726, 1.0, [1 100 255 127 127 0 385 7 130 128 80 85 128 128], 70.0, TPX, 1569547998, 2019-09-27 01:33:18, I07-W0167, 0, 0, 11.6698298417, 119.158510358 
42, 36727, 1.0, [1 100 255 127 127 0 385 7 130 128 80 85 128 128], 70.0, TPX, 1569548178, 2019-09-27 01:36:18, I07-W0167, 0, 0, 0.327578620635, 116.924410122 
43, 36729, 1.0, [1 100 255 127 127 0 385 7 130 128 80 85 128 128], 70.0, TPX, 1569548538, 2019-09-27 01:42:18, I07-W0167, 0, 0, -22.3441698573, 112.34354568 
44, 36731, 0.002, [1 100 255 127 127 0 385 7 130 128 80 85 128 128], 70.0, TPX, 1569548897, 2019-09-27 01:48:17, I07-W0167, 0, 0, -44.8586607268, 106.513159602 
45, 36733, 0.002, [1 100 255 127 127 0 385 7 130 128 80 85 128 128], 70.0, TPX, 1569549822, 2019-09-27 02:03:42, I07-W0167, 0, 0, -74.2300587579, -42.7957421071 
46, 36734, 0.002, [1 100 255 127 127 0 385 7 130 128 80 85 128 128], 70.0, TPX, 1569550002, 2019-09-27 02:06:42, I07-W0167, 0, 0, -63.628327922, -55.6407427077 
47, 36735, 0.002, [1 100 255 127 127 0 385 7 130 128 80 85 128 128], 70.0, TPX, 1569550182, 2019-09-27 02:09:42, I07-W0167, 0, 0, -52.572590997, -61.7666847319 
48, 36736, 0.002, [1 100 255 127 127 0 385 7 130 128 80 85 128 128], 70.0, TPX, 1569550362, 2019-09-27 02:12:42, I07-W0167, 0, 0, -41.3730239485, -65.6957032401 
49, 36737, 0.002, [1 100 255 127 127 0 385 7 130 128 80 85 128 128], 70.0, TPX, 1569550542, 2019-09-27 02:15:42, I07-W0167, 0, 0, -30.1116778389, -68.6786722465 
50, 36740, 0.002, [1 100 255 127 127 0 385 7 130 128 80 85 128 128], 70.0, TPX, 1569551864, 2019-09-27 02:37:44, I07-W0167, 0, 0, 52.7883156918, -88.2545749713 
51, 36742, 1.0, [1 100 255 127 127 0 385 7 130 128 80 85 128 128], 70.0, TPX, 1569552225, 2019-09-27 02:43:45, I07-W0167, 0, 0, 74.5048987399, -107.702971725 
52, 36743, 1.0, [1 100 255 127 127 0 385 7 130 128 80 85 128 128], 70.0, TPX, 1569552405, 2019-09-27 02:46:45, I07-W0167, 0, 0, 82.3147487717, -153.612115546 
53, 36744, 0.002, [1 100 255 127 127 0 385 7 130 128 80 85 128 128], 70.0, TPX, 1569552584, 2019-09-27 02:49:44, I07-W0167, 0, 0, 78.3175239945, 137.110952249 
54, 36745, 0.002, [1 100 255 127 127 0 385 7 130 128 80 85 128 128], 70.0, TPX, 1569552764, 2019-09-27 02:52:44, I07-W0167, 0, 0, 68.2424075737, 116.625712289 
55, 36746, 0.002, [1 100 255 127 127 0 385 7 130 128 80 85 128 128], 70.0, TPX, 1569552944, 2019-09-27 02:55:44, I07-W0167, 0, 0, 57.2858381653, 108.605697337 
56, 36747, 1.0, [1 100 255 127 127 0 385 7 130 128 80 85 128 128], 70.0, TPX, 1569553125, 2019-09-27 02:58:45, I07-W0167, 0, 0, 46.0399624342, 103.954666362 
57, 36748, 1.0, [1 100 255 127 127 0 385 7 130 128 80 85 128 128], 70.0, TPX, 1569553305, 2019-09-27 03:01:45, I07-W0167, 0, 0, 34.7677768144, 100.655562049 
58, 36752, 0.002, [1 100 255 127 127 0 385 7 130 128 80 85 128 128], 70.0, TPX, 1569554604, 2019-09-27 03:23:24, I07-W0167, 0, 0, -46.9085439304, 82.1828509887 
59, 36754, 0.002, [1 100 255 127 127 0 385 7 130 128 80 85 128 128], 70.0, TPX, 1569555593, 2019-09-27 03:39:53, I07-W0167, 0, 0, -68.6236482426, -74.7770407971 
60, 36755, 0.002, [1 100 255 127 127 0 385 7 130 128 80 85 128 128], 70.0, TPX, 1569555773, 2019-09-27 03:42:53, I07-W0167, 0, 0, -57.7065334219, -82.9901520277 
61, 36756, 0.002, [1 100 255 127 127 0 385 7 130 128 80 85 128 128], 70.0, TPX, 1569555953, 2019-09-27 03:45:53, I07-W0167, 0, 0, -46.5571955845, -87.6878468552 
62, 36759, 1.0, [1 100 255 127 127 0 385 7 130 128 80 85 128 128], 70.0, TPX, 1569556494, 2019-09-27 03:54:54, I07-W0167, 0, 0, -12.6739427816, -96.1065741005 
63, 36760, 1.0, [1 100 255 127 127 0 385 7 130 128 80 85 128 128], 70.0, TPX, 1569556674, 2019-09-27 03:57:54, I07-W0167, 0, 0, -1.36164975745, -98.3428668269 
64, 36761, 1.0, [1 100 255 127 127 0 385 7 130 128 80 85 128 128], 70.0, TPX, 1569556854, 2019-09-27 04:00:54, I07-W0167, 0, 0, 9.95307801574, -100.5653011 
65, 36762, 1.0, [1 100 255 127 127 0 385 7 130 128 80 85 128 128], 70.0, TPX, 1569557034, 2019-09-27 04:03:54, I07-W0167, 0, 0, 21.2625530533, -102.895085455 
66, 36764, 0.002, [1 100 255 127 127 0 385 7 130 128 80 85 128 128], 70.0, TPX, 1569557393, 2019-09-27 04:09:53, I07-W0167, 0, 0, 43.7552026854, -108.607350242 
67, 36766, 0.002, [1 100 255 127 127 0 385 7 130 128 80 85 128 128], 70.0, TPX, 1569557753, 2019-09-27 04:15:53, I07-W0167, 0, 0, 65.9599495987, -119.819454103 
68, 36767, 1.0, [1 100 255 127 127 0 385 7 130 128 80 85 128 128], 70.0, TPX, 1569558114, 2019-09-27 04:21:54, I07-W0167, 0, 0, 82.6512858525, 165.826829705 
69, 36768, 0.002, [1 100 255 127 127 0 385 7 130 128 80 85 128 128], 70.0, TPX, 1569558293, 2019-09-27 04:24:53, I07-W0167, 0, 0, 76.5307191871, 107.313664602 
70, 36769, 0.002, [1 100 255 127 127 0 385 7 130 128 80 85 128 128], 70.0, TPX, 1569558473, 2019-09-27 04:27:53, I07-W0167, 0, 0, 66.1536879145, 90.9490914287 
71, 36770, 0.002, [1 100 255 127 127 0 385 7 130 128 80 85 128 128], 70.0, TPX, 1569558653, 2019-09-27 04:30:53, I07-W0167, 0, 0, 55.1316238221, 83.9015656402 
72, 36771, 1.0, [1 100 255 127 127 0 385 7 130 128 80 85 128 128], 70.0, TPX, 1569558834, 2019-09-27 04:33:54, I07-W0167, 0, 0, 43.8623137119, 79.601012162 
73, 36772, 1.0, [1 100 255 127 127 0 385 7 130 128 80 85 128 128], 70.0, TPX, 1569559014, 2019-09-27 04:36:54, I07-W0167, 0, 0, 32.5795652046, 76.4585172574 
74, 36773, 1.0, [1 100 255 127 127 0 385 7 130 128 80 85 128 128], 70.0, TPX, 1569559194, 2019-09-27 04:39:54, I07-W0167, 0, 0, 21.2605979116, 73.8575607312 
75, 36774, 1.0, [1 100 255 127 127 0 385 7 130 128 80 85 128 128], 70.0, TPX, 1569559374, 2019-09-27 04:42:54, I07-W0167, 0, 0, 9.92407105612, 71.5242041865 
76, 36775, 1.0, [1 100 255 127 127 0 385 7 130 128 80 85 128 128], 70.0, TPX, 1569559554, 2019-09-27 04:45:54, I07-W0167, 0, 0, -1.41868418489, 69.298272857 
77, 36776, 1.0, [1 100 255 127 127 0 385 7 130 128 80 85 128 128], 70.0, TPX, 1569559734, 2019-09-27 04:48:54, I07-W0167, 0, 0, -12.7588121509, 67.0578273756 
78, 36777, 1.0, [1 100 255 127 127 0 385 7 130 128 80 85 128 128], 70.0, TPX, 1569559914, 2019-09-27 04:51:54, I07-W0167, 0, 0, -24.0872119351, 64.6760652802 
79, 36780, 0.002, [1 100 255 127 127 0 385 7 130 128 80 85 128 128], 70.0, TPX, 1569560978, 2019-09-27 05:09:38, I07-W0167, 0, 0, -82.4341882897, -40.2924367955 
80, 36781, 0.002, [1 100 255 127 127 0 385 7 130 128 80 85 128 128], 70.0, TPX, 1569561158, 2019-09-27 05:12:38, I07-W0167, 0, 0, -74.9128727691, -88.6217249599 
81, 36782, 0.002, [1 100 255 127 127 0 385 7 130 128 80 85 128 128], 70.0, TPX, 1569561338, 2019-09-27 05:15:38, I07-W0167, 0, 0, -64.3732625038, -102.356443077 
82, 36783, 0.002, [1 100 255 127 127 0 385 7 130 128 80 85 128 128], 70.0, TPX, 1569561518, 2019-09-27 05:18:38, I07-W0167, 0, 0, -53.3337848441, -108.726386779 
83, 36785, 0.002, [1 100 255 127 127 0 385 7 130 128 80 85 128 128], 70.0, TPX, 1569561878, 2019-09-27 05:24:38, I07-W0167, 0, 0, -30.8823793093, -115.778632228 
84, 36786, 1.0, [1 100 255 127 127 0 385 7 130 128 80 85 128 128], 70.0, TPX, 1569562059, 2019-09-27 05:27:39, I07-W0167, 0, 0, -19.5291893535, -118.33463928 
85, 36787, 1.0, [1 100 255 127 127 0 385 7 130 128 80 85 128 128], 70.0, TPX, 1569562239, 2019-09-27 05:30:39, I07-W0167, 0, 0, -8.22218684443, -120.638666992 
86, 36788, 1.0, [1 100 255 127 127 0 385 7 130 128 80 85 128 128], 70.0, TPX, 1569562419, 2019-09-27 05:33:39, I07-W0167, 0, 0, 3.0918748786, -122.855596132 
87, 36791, 0.002, [1 100 255 127 127 0 385 7 130 128 80 85 128 128], 70.0, TPX, 1569562958, 2019-09-27 05:42:38, I07-W0167, 0, 0, 36.9314953658, -130.265354173 
88, 36793, 0.002, [1 100 255 127 127 0 385 7 130 128 80 85 128 128], 70.0, TPX, 1569564233, 2019-09-27 06:03:53, I07-W0167, 0, 0, 60.9332513891, 63.4011490001 
89, 36794, 1.0, [1 100 255 127 127 0 385 7 130 128 80 85 128 128], 70.0, TPX, 1569564414, 2019-09-27 06:06:54, I07-W0167, 0, 0, 49.7378746616, 57.9896242723 
90, 36795, 1.0, [1 100 255 127 127 0 385 7 130 128 80 85 128 128], 70.0, TPX, 1569564594, 2019-09-27 06:09:54, I07-W0167, 0, 0, 38.4871802321, 54.3661064653 
91, 36796, 1.0, [1 100 255 127 127 0 385 7 130 128 80 85 128 128], 70.0, TPX, 1569564954, 2019-09-27 06:15:54, I07-W0167, 0, 0, 15.8547917598, 49.0798644824 
92, 36797, 1.0, [1 100 255 127 127 0 385 7 130 128 80 85 128 128], 70.0, TPX, 1569565134, 2019-09-27 06:18:54, I07-W0167, 0, 0, 4.51402933319, 46.8141985274 
93, 36798, 1.0, [1 100 255 127 127 0 385 7 130 128 80 85 128 128], 70.0, TPX, 1569565314, 2019-09-27 06:21:54, I07-W0167, 0, 0, -6.8286024308, 44.5959375004 
94, 36799, 1.0, [1 100 255 127 127 0 385 7 130 128 80 85 128 128], 70.0, TPX, 1569565494, 2019-09-27 06:24:54, I07-W0167, 0, 0, -18.1644373028, 42.3057306758 
95, 36800, 0.002, [1 100 255 127 127 0 385 7 130 128 80 85 128 128], 70.0, TPX, 1569565673, 2019-09-27 06:27:53, I07-W0167, 0, 0, -29.4204934309, 39.8142211008 
96, 36803, 0.002, [1 100 255 127 127 0 385 7 130 128 80 85 128 128], 70.0, TPX, 1569566610, 2019-09-27 06:43:30, I07-W0167, 0, 0, -82.6008039243, -43.1766788326 
97, 36804, 0.002, [1 100 255 127 127 0 385 7 130 128 80 85 128 128], 70.0, TPX, 1569566790, 2019-09-27 06:46:30, I07-W0167, 0, 0, -77.1731667803, -106.168822445 
98, 36806, 0.002, [1 100 255 127 127 0 385 7 130 128 80 85 128 128], 70.0, TPX, 1569567150, 2019-09-27 06:52:30, I07-W0167, 0, 0, -55.9380096158, -131.1726082 
99, 36807, 0.002, [1 100 255 127 127 0 385 7 130 128 80 85 128 128], 70.0, TPX, 1569567330, 2019-09-27 06:55:30, I07-W0167, 0, 0, -44.7691886638, -135.569351233 
100, 36808, 0.002, [1 100 255 127 127 0 385 7 130 128 80 85 128 128], 70.0, TPX, 1569567510, 2019-09-27 06:58:30, I07-W0167, 0, 0, -33.5222713288, -138.768488896 
101, 36809, 1.0, [1 100 255 127 127 0 385 7 130 128 80 85 128 128], 70.0, TPX, 1569567691, 2019-09-27 07:01:31, I07-W0167, 0, 0, -22.1749519206, -141.410460708 
102, 36810, 1.0, [1 100 255 127 127 0 385 7 130 128 80 85 128 128], 70.0, TPX, 1569567871, 2019-09-27 07:04:31, I07-W0167, 0, 0, -10.8709051759, -143.754376725 
103, 36811, 1.0, [1 100 255 127 127 0 385 7 130 128 80 85 128 128], 70.0, TPX, 1569568051, 2019-09-27 07:07:31, I07-W0167, 0, 0, 0.442131511811, -145.980581262 
104, 36812, 0.002, [1 100 255 127 127 0 385 7 130 128 80 85 128 128], 70.0, TPX, 1569568912, 2019-09-27 07:21:52, I07-W0167, 0, 0, 54.3699382014, -159.877202184 
105, 36814, 0.002, [1 100 255 127 127 0 385 7 130 128 80 85 128 128], 70.0, TPX, 1569569272, 2019-09-27 07:27:52, I07-W0167, 0, 0, 75.8527341196, 178.21542682 
106, 36816, 0.002, [1 100 255 127 127 0 385 7 130 128 80 85 128 128], 70.0, TPX, 1569569632, 2019-09-27 07:33:52, I07-W0167, 0, 0, 77.0204369203, 61.5113381098 
107, 36817, 1.0, [1 100 255 127 127 0 385 7 130 128 80 85 128 128], 70.0, TPX, 1569569991, 2019-09-27 07:39:51, I07-W0167, 0, 0, 55.7689829244, 36.9191976102 
108, 36818, 1.0, [1 100 255 127 127 0 385 7 130 128 80 85 128 128], 70.0, TPX, 1569570173, 2019-09-27 07:42:53, I07-W0167, 0, 0, 44.4434842631, 32.5010419348 
109, 36819, 1.0, [1 100 255 127 127 0 385 7 130 128 80 85 128 128], 70.0, TPX, 1569570353, 2019-09-27 07:45:53, I07-W0167, 0, 0, 33.1632082842, 29.3188670462 
110, 36820, 1.0, [1 100 255 127 127 0 385 7 130 128 80 85 128 128], 70.0, TPX, 1569570533, 2019-09-27 07:48:53, I07-W0167, 0, 0, 21.8453833404, 26.6981319998 
111, 36821, 1.0, [1 100 255 127 127 0 385 7 130 128 80 85 128 128], 70.0, TPX, 1569570713, 2019-09-27 07:51:53, I07-W0167, 0, 0, 10.509285933, 24.3554249261 
112, 36822, 1.0, [1 100 255 127 127 0 385 7 130 128 80 85 128 128], 70.0, TPX, 1569570893, 2019-09-27 07:54:53, I07-W0167, 0, 0, -0.833518506716, 22.1270415587 
113, 36823, 1.0, [1 100 255 127 127 0 385 7 130 128 80 85 128 128], 70.0, TPX, 1569571073, 2019-09-27 07:57:53, I07-W0167, 0, 0, -12.1741146609, 19.8902297379 
114, 36824, 0.002, [1 100 255 127 127 0 385 7 130 128 80 85 128 128], 70.0, TPX, 1569571920, 2019-09-27 08:12:00, I07-W0167, 0, 0, -65.0065303228, 1.89501976327 
115, 36825, 0.002, [1 100 255 127 127 0 385 7 130 128 80 85 128 128], 70.0, TPX, 1569572234, 2019-09-27 08:17:14, I07-W0167, 0, 0, -81.6171269104, -44.4168089593 
116, 36826, 0.002, [1 100 255 127 127 0 385 7 130 128 80 85 128 128], 70.0, TPX, 1569572414, 2019-09-27 08:20:14, I07-W0167, 0, 0, -79.6107042004, -119.401473847 
117, 36827, 0.002, [1 100 255 127 127 0 385 7 130 128 80 85 128 128], 70.0, TPX, 1569572594, 2019-09-27 08:23:14, I07-W0167, 0, 0, -69.8900062957, -144.229757892 
118, 36829, 0.002, [1 100 255 127 127 0 385 7 130 128 80 85 128 128], 70.0, TPX, 1569572954, 2019-09-27 08:29:14, I07-W0167, 0, 0, -47.8913091141, -158.149888324 
119, 36830, 1.0, [1 100 255 127 127 0 385 7 130 128 80 85 128 128], 70.0, TPX, 1569573135, 2019-09-27 08:32:15, I07-W0167, 0, 0, -36.5979840588, -161.61161944 
120, 36831, 1.0, [1 100 255 127 127 0 385 7 130 128 80 85 128 128], 70.0, TPX, 1569573315, 2019-09-27 08:35:15, I07-W0167, 0, 0, -25.3214339482, -164.35892643 
121, 36832, 1.0, [1 100 255 127 127 0 385 7 130 128 80 85 128 128], 70.0, TPX, 1569573495, 2019-09-27 08:38:15, I07-W0167, 0, 0, -14.0216125292, -166.761732338 
122, 36833, 1.0, [1 100 255 127 127 0 385 7 130 128 80 85 128 128], 70.0, TPX, 1569573675, 2019-09-27 08:41:15, I07-W0167, 0, 0, -2.7103262109, -169.007539518 
123, 36834, 1.0, [1 100 255 127 127 0 385 7 130 128 80 85 128 128], 70.0, TPX, 1569573855, 2019-09-27 08:44:15, I07-W0167, 0, 0, 8.60431031523, -171.225493186 
124, 36835, 1.0, [1 100 255 127 127 0 385 7 130 128 80 85 128 128], 70.0, TPX, 1569574035, 2019-09-27 08:47:15, I07-W0167, 0, 0, 19.9147193812, -173.53532656 
125, 36838, 0.002, [1 100 255 127 127 0 385 7 130 128 80 85 128 128], 70.0, TPX, 1569574574, 2019-09-27 08:56:14, I07-W0167, 0, 0, 53.6174801663, 176.816030342 
126, 36839, 0.002, [1 100 255 127 127 0 385 7 130 128 80 85 128 128], 70.0, TPX, 1569574754, 2019-09-27 08:59:14, I07-W0167, 0, 0, 64.6637367888, 170.340737802 
127, 36840, 0.002, [1 100 255 127 127 0 385 7 130 128 80 85 128 128], 70.0, TPX, 1569574934, 2019-09-27 09:02:14, I07-W0167, 0, 0, 75.190164789, 156.202369165 
128, 36841, 1.0, [1 100 255 127 127 0 385 7 130 128 80 85 128 128], 70.0, TPX, 1569575115, 2019-09-27 09:05:15, I07-W0167, 0, 0, 82.5188006731, 105.507031756 
129, 36843, 1.0, [1 100 255 127 127 0 385 7 130 128 80 85 128 128], 70.0, TPX, 1569575476, 2019-09-27 09:11:16, I07-W0167, 0, 0, 67.3223742625, 21.1155810428 
130, 36844, 1.0, [1 100 255 127 127 0 385 7 130 128 80 85 128 128], 70.0, TPX, 1569575655, 2019-09-27 09:14:15, I07-W0167, 0, 0, 56.3964655732, 13.5835950591 
131, 36845, 1.0, [1 100 255 127 127 0 385 7 130 128 80 85 128 128], 70.0, TPX, 1569575835, 2019-09-27 09:17:15, I07-W0167, 0, 0, 45.2025846571, 9.1051552804 
132, 36846, 1.0, [1 100 255 127 127 0 385 7 130 128 80 85 128 128], 70.0, TPX, 1569576015, 2019-09-27 09:20:15, I07-W0167, 0, 0, 33.9258398861, 5.86886736432 
133, 36847, 1.0, [1 100 255 127 127 0 385 7 130 128 80 85 128 128], 70.0, TPX, 1569576195, 2019-09-27 09:23:15, I07-W0167, 0, 0, 22.609720782, 3.221217744 
134, 36848, 1.0, [1 100 255 127 127 0 385 7 130 128 80 85 128 128], 70.0, TPX, 1569576375, 2019-09-27 09:26:15, I07-W0167, 0, 0, 11.2743618888, 0.865668313856 
135, 36851, 0.002, [1 100 255 127 127 0 385 7 130 128 80 85 128 128], 70.0, TPX, 1569578311, 2019-09-27 09:58:31, I07-W0167, 0, 0, -67.3476732831, -170.674037373 
136, 36852, 0.002, [1 100 255 127 127 0 385 7 130 128 80 85 128 128], 70.0, TPX, 1569578491, 2019-09-27 10:01:31, I07-W0167, 0, 0, -56.3875146103, -178.237133161 
137, 36853, 1.0, [1 100 255 127 127 0 385 7 130 128 80 85 128 128], 70.0, TPX, 1569578672, 2019-09-27 10:04:32, I07-W0167, 0, 0, -45.1612825032, 177.273284186 
138, 36854, 1.0, [1 100 255 127 127 0 385 7 130 128 80 85 128 128], 70.0, TPX, 1569578852, 2019-09-27 10:07:32, I07-W0167, 0, 0, -33.916376659, 174.046033464 
139, 36856, 1.0, [1 100 255 127 127 0 385 7 130 128 80 85 128 128], 70.0, TPX, 1569579212, 2019-09-27 10:13:32, I07-W0167, 0, 0, -11.329584822, 169.05201771 
140, 36857, 1.0, [1 100 255 127 127 0 385 7 130 128 80 85 128 128], 70.0, TPX, 1569579392, 2019-09-27 10:16:32, I07-W0167, 0, 0, -0.0168967324084, 166.82355921 
141, 36859, 1.0, [1 100 255 127 127 0 385 7 130 128 80 85 128 128], 70.0, TPX, 1569579752, 2019-09-27 10:22:32, I07-W0167, 0, 0, 22.6054689892, 162.243234353 
142, 36862, 0.002, [1 100 255 127 127 0 385 7 130 128 80 85 128 128], 70.0, TPX, 1569580291, 2019-09-27 10:31:31, I07-W0167, 0, 0, 56.2670266582, 151.939743728 
143, 36863, 0.002, [1 100 255 127 127 0 385 7 130 128 80 85 128 128], 70.0, TPX, 1569580831, 2019-09-27 10:40:31, I07-W0167, 0, 0, 82.546415128, 61.143204574 
144, 36864, 0.002, [1 100 255 127 127 0 385 7 130 128 80 85 128 128], 70.0, TPX, 1569581011, 2019-09-27 10:43:31, I07-W0167, 0, 0, 75.3767655571, 9.69784579932 
145, 36865, 1.0, [1 100 255 127 127 0 385 7 130 128 80 85 128 128], 70.0, TPX, 1569581195, 2019-09-27 10:46:35, I07-W0167, 0, 0, 64.6186233893, -4.91822242586 
146, 36866, 1.0, [1 100 255 127 127 0 385 7 130 128 80 85 128 128], 70.0, TPX, 1569581372, 2019-09-27 10:49:32, I07-W0167, 0, 0, 53.743261515, -11.3010841502 
147, 36867, 1.0, [1 100 255 127 127 0 385 7 130 128 80 85 128 128], 70.0, TPX, 1569581552, 2019-09-27 10:52:32, I07-W0167, 0, 0, 42.5231048612, -15.3865071602 
148, 36868, 1.0, [1 100 255 127 127 0 385 7 130 128 80 85 128 128], 70.0, TPX, 1569581732, 2019-09-27 10:55:32, I07-W0167, 0, 0, 31.2342501647, -18.4431619549 
149, 36870, 1.0, [1 100 255 127 127 0 385 7 130 128 80 85 128 128], 70.0, TPX, 1569582092, 2019-09-27 11:01:32, I07-W0167, 0, 0, 8.57398000645, -23.3146936344 
150, 36871, 0.002, [1 100 255 127 127 0 385 7 130 128 80 85 128 128], 70.0, TPX, 1569582930, 2019-09-27 11:15:30, I07-W0167, 0, 0, -44.1191424851, -35.104744197 
151, 36872, 0.002, [1 100 255 127 127 0 385 7 130 128 80 85 128 128], 70.0, TPX, 1569583110, 2019-09-27 11:18:30, I07-W0167, 0, 0, -55.3122003633, -39.4094845812 
152, 36873, 0.002, [1 100 255 127 127 0 385 7 130 128 80 85 128 128], 70.0, TPX, 1569583290, 2019-09-27 11:21:30, I07-W0167, 0, 0, -66.3161371337, -46.5190899591 
153, 36875, 0.002, [1 100 255 127 127 0 385 7 130 128 80 85 128 128], 70.0, TPX, 1569583650, 2019-09-27 11:27:30, I07-W0167, 0, 0, -82.647262871, -122.857071453 
154, 36877, 0.002, [1 100 255 127 127 0 385 7 130 128 80 85 128 128], 70.0, TPX, 1569584190, 2019-09-27 11:36:30, I07-W0167, 0, 0, -54.8536317078, 157.384565628 
155, 36878, 1.0, [1 100 255 127 127 0 385 7 130 128 80 85 128 128], 70.0, TPX, 1569584371, 2019-09-27 11:39:31, I07-W0167, 0, 0, -43.611990694, 153.132526983 
156, 36879, 1.0, [1 100 255 127 127 0 385 7 130 128 80 85 128 128], 70.0, TPX, 1569584551, 2019-09-27 11:42:31, I07-W0167, 0, 0, -32.3601590379, 150.012455589 
157, 36880, 1.0, [1 100 255 127 127 0 385 7 130 128 80 85 128 128], 70.0, TPX, 1569584731, 2019-09-27 11:45:31, I07-W0167, 0, 0, -21.0732014265, 147.423568007 
158, 36883, 1.0, [1 100 255 127 127 0 385 7 130 128 80 85 128 128], 70.0, TPX, 1569585271, 2019-09-27 11:54:31, I07-W0167, 0, 0, 12.8590229789, 140.638061936 
159, 36884, 1.0, [1 100 255 127 127 0 385 7 130 128 80 85 128 128], 70.0, TPX, 1569585451, 2019-09-27 11:57:31, I07-W0167, 0, 0, 24.16546712, 138.257754671 
160, 36886, 0.002, [1 100 255 127 127 0 385 7 130 128 80 85 128 128], 70.0, TPX, 1569585990, 2019-09-27 12:06:30, I07-W0167, 0, 0, 57.799041504, 127.512268844 
161, 36887, 0.002, [1 100 255 127 127 0 385 7 130 128 80 85 128 128], 70.0, TPX, 1569586170, 2019-09-27 12:09:30, I07-W0167, 0, 0, 68.726203533, 119.236005684 
162, 36888, 1.0, [1 100 255 127 127 0 385 7 130 128 80 85 128 128], 70.0, TPX, 1569586351, 2019-09-27 12:12:31, I07-W0167, 0, 0, 78.7558445542, 97.381613324 
163, 36889, 1.0, [1 100 255 127 127 0 385 7 130 128 80 85 128 128], 70.0, TPX, 1569586531, 2019-09-27 12:15:31, I07-W0167, 0, 0, 82.1060796624, 25.5293346612 
164, 36890, 1.0, [1 100 255 127 127 0 385 7 130 128 80 85 128 128], 70.0, TPX, 1569586711, 2019-09-27 12:18:31, I07-W0167, 0, 0, 73.9405475296, -17.0596524971 
165, 36891, 1.0, [1 100 255 127 127 0 385 7 130 128 80 85 128 128], 70.0, TPX, 1569586891, 2019-09-27 12:21:31, I07-W0167, 0, 0, 63.2910121997, -29.5733462343 
166, 36892, 1.0, [1 100 255 127 127 0 385 7 130 128 80 85 128 128], 70.0, TPX, 1569587071, 2019-09-27 12:24:31, I07-W0167, 0, 0, 52.2004822911, -35.6044203461 
167, 36893, 1.0, [1 100 255 127 127 0 385 7 130 128 80 85 128 128], 70.0, TPX, 1569587251, 2019-09-27 12:27:31, I07-W0167, 0, 0, 40.9672936364, -39.4957054742 
168, 36894, 1.0, [1 100 255 127 127 0 385 7 130 128 80 85 128 128], 70.0, TPX, 1569587431, 2019-09-27 12:30:31, I07-W0167, 0, 0, 29.6722610338, -42.4613360454 
169, 36895, 1.0, [1 100 255 127 127 0 385 7 130 128 80 85 128 128], 70.0, TPX, 1569587791, 2019-09-27 12:36:31, I07-W0167, 0, 0, 7.00754058043, -47.2668180882 
170, 36898, 0.002, [1 100 255 127 127 0 385 7 130 128 80 85 128 128], 70.0, TPX, 1569588330, 2019-09-27 12:45:30, I07-W0167, 0, 0, -26.9350063752, -54.1780884329 
171, 36899, 0.002, [1 100 255 127 127 0 385 7 130 128 80 85 128 128], 70.0, TPX, 1569588510, 2019-09-27 12:48:30, I07-W0167, 0, 0, -38.2306383269, -57.0021496732 
172, 36900, 0.002, [1 100 255 127 127 0 385 7 130 128 80 85 128 128], 70.0, TPX, 1569588690, 2019-09-27 12:51:30, I07-W0167, 0, 0, -49.4721700577, -60.5972129122 
173, 36901, 0.002, [1 100 255 127 127 0 385 7 130 128 80 85 128 128], 70.0, TPX, 1569588870, 2019-09-27 12:54:30, I07-W0167, 0, 0, -60.5977388368, -65.9006908775 
174, 36902, 0.002, [1 100 255 127 127 0 385 7 130 128 80 85 128 128], 70.0, TPX, 1569589050, 2019-09-27 12:57:30, I07-W0167, 0, 0, -71.4016091211, -75.9560065798 
175, 36905, 1.0, [1 100 255 127 127 0 385 7 130 128 80 85 128 128], 70.0, TPX, 1569590193, 2019-09-27 13:16:33, I07-W0167, 0, 0, -34.3728586917, 126.877252496 
176, 36906, 1.0, [1 100 255 127 127 0 385 7 130 128 80 85 128 128], 70.0, TPX, 1569590373, 2019-09-27 13:19:33, I07-W0167, 0, 0, -23.0906856278, 124.218259853 
177, 36907, 1.0, [1 100 255 127 127 0 385 7 130 128 80 85 128 128], 70.0, TPX, 1569590553, 2019-09-27 13:22:33, I07-W0167, 0, 0, -11.7880766379, 121.858593419 
178, 36909, 1.0, [1 100 255 127 127 0 385 7 130 128 80 85 128 128], 70.0, TPX, 1569590913, 2019-09-27 13:28:33, I07-W0167, 0, 0, 10.8385019047, 117.401457854 
179, 36910, 1.0, [1 100 255 127 127 0 385 7 130 128 80 85 128 128], 70.0, TPX, 1569591093, 2019-09-27 13:31:33, I07-W0167, 0, 0, 22.1469157016, 115.057432554 
180, 36911, 1.0, [1 100 255 127 127 0 385 7 130 128 80 85 128 128], 70.0, TPX, 1569591273, 2019-09-27 13:34:33, I07-W0167, 0, 0, 33.4389669266, 112.4309038 
181, 36912, 1.0, [1 100 255 127 127 0 385 7 130 128 80 85 128 128], 70.0, TPX, 1569591453, 2019-09-27 13:37:33, I07-W0167, 0, 0, 44.6961671114, 109.235085608 
182, 36914, 0.002, [1 100 255 127 127 0 385 7 130 128 80 85 128 128], 70.0, TPX, 1569591812, 2019-09-27 13:43:32, I07-W0167, 0, 0, 66.806578867, 97.5531398646 
183, 36915, 1.0, [1 100 255 127 127 0 385 7 130 128 80 85 128 128], 70.0, TPX, 1569591993, 2019-09-27 13:46:33, I07-W0167, 0, 0, 77.1467885897, 79.8992728626 
184, 36916, 1.0, [1 100 255 127 127 0 385 7 130 128 80 85 128 128], 70.0, TPX, 1569592173, 2019-09-27 13:49:33, I07-W0167, 0, 0, 82.6026685659, 16.9482726024 
185, 36917, 0.002, [1 100 255 127 127 0 385 7 130 128 80 85 128 128], 70.0, TPX, 1569592352, 2019-09-27 13:52:32, I07-W0167, 0, 0, 75.7744055102, -36.6017918893 
186, 36918, 0.002, [1 100 255 127 127 0 385 7 130 128 80 85 128 128], 70.0, TPX, 1569592532, 2019-09-27 13:55:32, I07-W0167, 0, 0, 65.3024824195, -51.6442726663 
187, 36919, 1.0, [1 100 255 127 127 0 385 7 130 128 80 85 128 128], 70.0, TPX, 1569592713, 2019-09-27 13:58:33, I07-W0167, 0, 0, 54.1954746795, -58.384866829 
188, 36920, 1.0, [1 100 255 127 127 0 385 7 130 128 80 85 128 128], 70.0, TPX, 1569592893, 2019-09-27 14:01:33, I07-W0167, 0, 0, 42.9792317241, -62.5316864094 
189, 36922, 0.002, [1 100 255 127 127 0 385 7 130 128 80 85 128 128], 70.0, TPX, 1569594505, 2019-09-27 14:28:25, I07-W0167, 0, 0, -58.1946460606, -88.1532217942 
190, 36923, 0.002, [1 100 255 127 127 0 385 7 130 128 80 85 128 128], 70.0, TPX, 1569594685, 2019-09-27 14:31:25, I07-W0167, 0, 0, -69.1050809564, -96.6445061391 
191, 36924, 0.002, [1 100 255 127 127 0 385 7 130 128 80 85 128 128], 70.0, TPX, 1569594865, 2019-09-27 14:34:25, I07-W0167, 0, 0, -79.0051054777, -119.239693986 
192, 36925, 1.0, [1 100 255 127 127 0 385 7 130 128 80 85 128 128], 70.0, TPX, 1569595046, 2019-09-27 14:37:26, I07-W0167, 0, 0, -81.9593603689, 167.509132618 
193, 36926, 1.0, [1 100 255 127 127 0 385 7 130 128 80 85 128 128], 70.0, TPX, 1569595226, 2019-09-27 14:40:26, I07-W0167, 0, 0, -73.6198223368, 126.869015288 
194, 36928, 0.002, [1 100 255 127 127 0 385 7 130 128 80 85 128 128], 70.0, TPX, 1569595585, 2019-09-27 14:46:25, I07-W0167, 0, 0, -51.9630307646, 108.837691542 
195, 36930, 1.0, [1 100 255 127 127 0 385 7 130 128 80 85 128 128], 70.0, TPX, 1569595946, 2019-09-27 14:52:26, I07-W0167, 0, 0, -29.4338191299, 102.018082336 
196, 36931, 1.0, [1 100 255 127 127 0 385 7 130 128 80 85 128 128], 70.0, TPX, 1569596126, 2019-09-27 14:55:26, I07-W0167, 0, 0, -18.1411019615, 99.5167987602 
197, 36934, 1.0, [1 100 255 127 127 0 385 7 130 128 80 85 128 128], 70.0, TPX, 1569596666, 2019-09-27 15:04:26, I07-W0167, 0, 0, 15.7934430007, 92.7545563129 
198, 36935, 1.0, [1 100 255 127 127 0 385 7 130 128 80 85 128 128], 70.0, TPX, 1569597026, 2019-09-27 15:10:26, I07-W0167, 0, 0, 38.3756432429, 87.4833236707 
199, 36938, 0.002, [1 100 255 127 127 0 385 7 130 128 80 85 128 128], 70.0, TPX, 1569597565, 2019-09-27 15:19:25, I07-W0167, 0, 0, 71.4702252015, 68.4698528731 
200, 36939, 1.0, [1 100 255 127 127 0 385 7 130 128 80 85 128 128], 70.0, TPX, 1569597746, 2019-09-27 15:22:26, I07-W0167, 0, 0, 80.7877302094, 37.6741623247 
201, 36940, 1.0, [1 100 255 127 127 0 385 7 130 128 80 85 128 128], 70.0, TPX, 1569597926, 2019-09-27 15:25:26, I07-W0167, 0, 0, 80.6142434045, -39.1256526552 
202, 36941, 0.002, [1 100 255 127 127 0 385 7 130 128 80 85 128 128], 70.0, TPX, 1569598105, 2019-09-27 15:28:25, I07-W0167, 0, 0, 71.3209923983, -68.7265382122 
203, 36942, 0.002, [1 100 255 127 127 0 385 7 130 128 80 85 128 128], 70.0, TPX, 1569598285, 2019-09-27 15:31:25, I07-W0167, 0, 0, 60.4979429428, -78.7262356841 
204, 36943, 0.002, [1 100 255 127 127 0 385 7 130 128 80 85 128 128], 70.0, TPX, 1569598465, 2019-09-27 15:34:25, I07-W0167, 0, 0, 49.357217974, -84.0103910443 
205, 36944, 1.0, [1 100 255 127 127 0 385 7 130 128 80 85 128 128], 70.0, TPX, 1569598646, 2019-09-27 15:37:26, I07-W0167, 0, 0, 38.0405883133, -87.6139715291 
206, 36945, 1.0, [1 100 255 127 127 0 385 7 130 128 80 85 128 128], 70.0, TPX, 1569599006, 2019-09-27 15:43:26, I07-W0167, 0, 0, 15.4045661803, -92.8689005098 
207, 36946, 1.0, [1 100 255 127 127 0 385 7 130 128 80 85 128 128], 70.0, TPX, 1569599186, 2019-09-27 15:46:26, I07-W0167, 0, 0, 4.06282660979, -95.1304171248 
208, 36947, 1.0, [1 100 255 127 127 0 385 7 130 128 80 85 128 128], 70.0, TPX, 1569599366, 2019-09-27 15:49:26, I07-W0167, 0, 0, -7.28037291367, -97.3492996991 
209, 36950, 0.002, [1 100 255 127 127 0 385 7 130 128 80 85 128 128], 70.0, TPX, 1569600394, 2019-09-27 16:06:34, I07-W0167, 0, 0, -71.1547251034, -122.88910504 
210, 36952, 1.0, [1 100 255 127 127 0 385 7 130 128 80 85 128 128], 70.0, TPX, 1569600755, 2019-09-27 16:12:35, I07-W0167, 0, 0, -80.8398718735, 130.915082748 
211, 36953, 1.0, [1 100 255 127 127 0 385 7 130 128 80 85 128 128], 70.0, TPX, 1569600935, 2019-09-27 16:15:35, I07-W0167, 0, 0, -71.6228526086, 99.8992961839 
212, 36955, 0.002, [1 100 255 127 127 0 385 7 130 128 80 85 128 128], 70.0, TPX, 1569601294, 2019-09-27 16:21:34, I07-W0167, 0, 0, -49.7989194773, 84.3389572943 
213, 36957, 1.0, [1 100 255 127 127 0 385 7 130 128 80 85 128 128], 70.0, TPX, 1569601655, 2019-09-27 16:27:35, I07-W0167, 0, 0, -27.2476804826, 77.8650786035 
214, 36958, 1.0, [1 100 255 127 127 0 385 7 130 128 80 85 128 128], 70.0, TPX, 1569601835, 2019-09-27 16:30:35, I07-W0167, 0, 0, -15.9514696724, 75.4195157111 
215, 36959, 1.0, [1 100 255 127 127 0 385 7 130 128 80 85 128 128], 70.0, TPX, 1569602015, 2019-09-27 16:33:35, I07-W0167, 0, 0, -4.64213337304, 73.1570087187 
216, 36961, 1.0, [1 100 255 127 127 0 385 7 130 128 80 85 128 128], 70.0, TPX, 1569602375, 2019-09-27 16:39:35, I07-W0167, 0, 0, 17.9831060256, 68.6578538299 
217, 36962, 1.0, [1 100 255 127 127 0 385 7 130 128 80 85 128 128], 70.0, TPX, 1569602555, 2019-09-27 16:42:35, I07-W0167, 0, 0, 29.2824553077, 66.1598009338 
218, 36963, 1.0, [1 100 255 127 127 0 385 7 130 128 80 85 128 128], 70.0, TPX, 1569602735, 2019-09-27 16:45:35, I07-W0167, 0, 0, 40.5553102861, 63.2208729872 
219, 36964, 1.0, [1 100 255 127 127 0 385 7 130 128 80 85 128 128], 70.0, TPX, 1569602915, 2019-09-27 16:48:35, I07-W0167, 0, 0, 51.7720450151, 59.3841576554 
220, 36965, 1.0, [1 100 255 127 127 0 385 7 130 128 80 85 128 128], 70.0, TPX, 1569603095, 2019-09-27 16:51:35, I07-W0167, 0, 0, 62.8561818667, 53.4881949306 
221, 36967, 1.0, [1 100 255 127 127 0 385 7 130 128 80 85 128 128], 70.0, TPX, 1569603455, 2019-09-27 16:57:35, I07-W0167, 0, 0, 81.9241575739, 1.2046018305 
222, 36968, 1.0, [1 100 255 127 127 0 385 7 130 128 80 85 128 128], 70.0, TPX, 1569603635, 2019-09-27 17:00:35, I07-W0167, 0, 0, 79.1035148433, -72.1324393622 
223, 36970, 0.002, [1 100 255 127 127 0 385 7 130 128 80 85 128 128], 70.0, TPX, 1569603994, 2019-09-27 17:06:34, I07-W0167, 0, 0, 58.3549506004, -103.610110639 
224, 36971, 0.002, [1 100 255 127 127 0 385 7 130 128 80 85 128 128], 70.0, TPX, 1569604174, 2019-09-27 17:09:34, I07-W0167, 0, 0, 47.183732252, -108.438111815 
225, 36972, 0.002, [1 100 255 127 127 0 385 7 130 128 80 85 128 128], 70.0, TPX, 1569604354, 2019-09-27 17:12:34, I07-W0167, 0, 0, 35.9166590288, -111.829136813 
226, 36973, 1.0, [1 100 255 127 127 0 385 7 130 128 80 85 128 128], 70.0, TPX, 1569604535, 2019-09-27 17:15:35, I07-W0167, 0, 0, 24.5420393545, -114.567291349 
227, 36974, 1.0, [1 100 255 127 127 0 385 7 130 128 80 85 128 128], 70.0, TPX, 1569604715, 2019-09-27 17:18:35, I07-W0167, 0, 0, 13.2083077539, -116.958711332 
228, 36975, 1.0, [1 100 255 127 127 0 385 7 130 128 80 85 128 128], 70.0, TPX, 1569604895, 2019-09-27 17:21:35, I07-W0167, 0, 0, 1.86552103003, -119.202537757 
229, 36976, 1.0, [1 100 255 127 127 0 385 7 130 128 80 85 128 128], 70.0, TPX, 1569605075, 2019-09-27 17:24:35, I07-W0167, 0, 0, -9.47702919858, -121.4267752 
230, 36979, 0.002, [1 100 255 127 127 0 385 7 130 128 80 85 128 128], 70.0, TPX, 1569606841, 2019-09-27 17:54:01, I07-W0167, 0, 0, -57.6610853431, 64.2013124914 
231, 36985, 0.002, [1 100 255 127 127 0 385 7 130 128 80 85 128 128], 70.0, TPX, 1569608653, 2019-09-27 18:24:13, I07-W0167, 0, 0, 55.7262156949, 33.9898046076 
232, 36986, 0.002, [1 100 255 127 127 0 385 7 130 128 80 85 128 128], 70.0, TPX, 1569608833, 2019-09-27 18:27:13, I07-W0167, 0, 0, 66.7193163702, 26.7069412362 
233, 36987, 1.0, [1 100 255 127 127 0 385 7 130 128 80 85 128 128], 70.0, TPX, 1569609014, 2019-09-27 18:30:14, I07-W0167, 0, 0, 77.0712808485, 9.21440757125 
234, 36988, 1.0, [1 100 255 127 127 0 385 7 130 128 80 85 128 128], 70.0, TPX, 1569609194, 2019-09-27 18:33:14, I07-W0167, 0, 0, 82.6127294346, -53.2625323107 
235, 36989, 1.0, [1 100 255 127 127 0 385 7 130 128 80 85 128 128], 70.0, TPX, 1569609374, 2019-09-27 18:36:14, I07-W0167, 0, 0, 75.7986595119, -107.468395708 
236, 36990, 0.002, [1 100 255 127 127 0 385 7 130 128 80 85 128 128], 70.0, TPX, 1569609553, 2019-09-27 18:39:13, I07-W0167, 0, 0, 65.3896356333, -122.499456409 
237, 36996, 0.002, [1 100 255 127 127 0 385 7 130 128 80 85 128 128], 70.0, TPX, 1569611594, 2019-09-27 19:13:14, I07-W0167, 0, 0, -62.2780063535, -161.562278154 
238, 36998, 0.002, [1 100 255 127 127 0 385 7 130 128 80 85 128 128], 70.0, TPX, 1569612432, 2019-09-27 19:27:12, I07-W0167, 0, 0, -62.7495148024, 43.6527498478 
239, 36999, 0.002, [1 100 255 127 127 0 385 7 130 128 80 85 128 128], 70.0, TPX, 1569612612, 2019-09-27 19:30:12, I07-W0167, 0, 0, -51.6773376121, 37.7925499936 
240, 37001, 1.0, [1 100 255 127 127 0 385 7 130 128 80 85 128 128], 70.0, TPX, 1569612973, 2019-09-27 19:36:13, I07-W0167, 0, 0, -29.1458549395, 31.0218244514 
241, 37002, 1.0, [1 100 255 127 127 0 385 7 130 128 80 85 128 128], 70.0, TPX, 1569613153, 2019-09-27 19:39:13, I07-W0167, 0, 0, -17.8530899597, 28.5284126688 
242, 37003, 1.0, [1 100 255 127 127 0 385 7 130 128 80 85 128 128], 70.0, TPX, 1569613333, 2019-09-27 19:42:13, I07-W0167, 0, 0, -6.54545224304, 26.2456422126 
243, 37004, 1.0, [1 100 255 127 127 0 385 7 130 128 80 85 128 128], 70.0, TPX, 1569613513, 2019-09-27 19:45:13, I07-W0167, 0, 0, 4.76816445047, 24.0314314877 
244, 37005, 1.0, [1 100 255 127 127 0 385 7 130 128 80 85 128 128], 70.0, TPX, 1569613693, 2019-09-27 19:48:13, I07-W0167, 0, 0, 16.0803126533, 21.7672920801 
245, 37006, 1.0, [1 100 255 127 127 0 385 7 130 128 80 85 128 128], 70.0, TPX, 1569614055, 2019-09-27 19:54:15, I07-W0167, 0, 0, 38.7862434799, 16.4407058773 
246, 37007, 1.0, [1 100 255 127 127 0 385 7 130 128 80 85 128 128], 70.0, TPX, 1569614233, 2019-09-27 19:57:13, I07-W0167, 0, 0, 49.8906455028, 12.8412328974 
247, 37010, 1.0, [1 100 255 127 127 0 385 7 130 128 80 85 128 128], 70.0, TPX, 1569614773, 2019-09-27 20:06:13, I07-W0167, 0, 0, 80.9591542971, -34.7471974544 
248, 37011, 1.0, [1 100 255 127 127 0 385 7 130 128 80 85 128 128], 70.0, TPX, 1569614953, 2019-09-27 20:09:13, I07-W0167, 0, 0, 80.4315358442, -111.442104144 
249, 37012, 0.002, [1 100 255 127 127 0 385 7 130 128 80 85 128 128], 70.0, TPX, 1569615132, 2019-09-27 20:12:12, I07-W0167, 0, 0, 71.0543418131, -140.031022043 
250, 37013, 0.002, [1 100 255 127 127 0 385 7 130 128 80 85 128 128], 70.0, TPX, 1569615312, 2019-09-27 20:15:12, I07-W0167, 0, 0, 60.2170309227, -149.82545867 
251, 37014, 0.002, [1 100 255 127 127 0 385 7 130 128 80 85 128 128], 70.0, TPX, 1569615492, 2019-09-27 20:18:12, I07-W0167, 0, 0, 49.0717228969, -155.044829686 
252, 37015, 0.002, [1 100 255 127 127 0 385 7 130 128 80 85 128 128], 70.0, TPX, 1569617042, 2019-09-27 20:44:02, I07-W0167, 0, 0, -48.311761899, -178.382643511 
253, 37016, 0.002, [1 100 255 127 127 0 385 7 130 128 80 85 128 128], 70.0, TPX, 1569617222, 2019-09-27 20:47:02, I07-W0167, 0, 0, -59.4547066793, 176.569993268 
254, 37017, 1.0, [1 100 255 127 127 0 385 7 130 128 80 85 128 128], 70.0, TPX, 1569617403, 2019-09-27 20:50:03, I07-W0167, 0, 0, -70.3719307831, 167.240050485 
255, 37018, 1.0, [1 100 255 127 127 0 385 7 130 128 80 85 128 128], 70.0, TPX, 1569617583, 2019-09-27 20:53:03, I07-W0167, 0, 0, -79.974821585, 140.843691611 
256, 37019, 1.0, [1 100 255 127 127 0 385 7 130 128 80 85 128 128], 70.0, TPX, 1569617763, 2019-09-27 20:56:03, I07-W0167, 0, 0, -81.3523546272, 64.9294994493 
257, 37020, 0.002, [1 100 255 127 127 0 385 7 130 128 80 85 128 128], 70.0, TPX, 1569617942, 2019-09-27 20:59:02, I07-W0167, 0, 0, -72.5106269365, 30.3530908751 
258, 37021, 0.002, [1 100 255 127 127 0 385 7 130 128 80 85 128 128], 70.0, TPX, 1569618122, 2019-09-27 21:02:02, I07-W0167, 0, 0, -61.7830635256, 19.3501308218 
259, 37022, 0.002, [1 100 255 127 127 0 385 7 130 128 80 85 128 128], 70.0, TPX, 1569618302, 2019-09-27 21:05:02, I07-W0167, 0, 0, -50.6934591075, 13.7565328876 
260, 37023, 0.002, [1 100 255 127 127 0 385 7 130 128 80 85 128 128], 70.0, TPX, 1569618482, 2019-09-27 21:08:02, I07-W0167, 0, 0, -39.4811605864, 10.0417108193 
261, 37024, 0.002, [1 100 255 127 127 0 385 7 130 128 80 85 128 128], 70.0, TPX, 1569618662, 2019-09-27 21:11:02, I07-W0167, 0, 0, -28.2143588632, 7.16073574707 
262, 37025, 1.0, [1 100 255 127 127 0 385 7 130 128 80 85 128 128], 70.0, TPX, 1569618843, 2019-09-27 21:14:03, I07-W0167, 0, 0, -16.8572227656, 4.67853956197 
263, 37026, 1.0, [1 100 255 127 127 0 385 7 130 128 80 85 128 128], 70.0, TPX, 1569619023, 2019-09-27 21:17:03, I07-W0167, 0, 0, -5.54881579892, 2.40687456649 
264, 37030, 1.0, [1 100 255 127 127 0 385 7 130 128 80 85 128 128], 70.0, TPX, 1569619744, 2019-09-27 21:29:04, I07-W0167, 0, 0, 39.7153780183, -7.46485632313 
265, 37031, 1.0, [1 100 255 127 127 0 385 7 130 128 80 85 128 128], 70.0, TPX, 1569619924, 2019-09-27 21:32:04, I07-W0167, 0, 0, 50.9380003704, -11.2085214265 
266, 37033, 1.0, [1 100 255 127 127 0 385 7 130 128 80 85 128 128], 70.0, TPX, 1569620463, 2019-09-27 21:41:03, I07-W0167, 0, 0, 81.5045927136, -64.0099715721 
