# ordinar image ID, original image ID, exposure [s], dacs, bias [V], detector type, UTC time, human readable time, chip-board id, adrenalin mode, anomaly mode, latitude [deg], longitude [deg], 
1, 39963, 0.002, [1 100 255 127 127 0 385 7 130 128 80 85 128 128], 70.0, TPX, 1578425481, 2020-01-07 19:31:21, I07-W0167, 0, 0, 69.456958642, 7.24851435007 
2, 39966, 0.002, [1 100 255 127 127 0 385 7 130 128 80 85 128 128], 70.0, TPX, 1578426021, 2020-01-07 19:40:21, I07-W0167, 0, 0, 73.303468465, -129.508159402 
3, 39967, 0.002, [1 100 255 127 127 0 385 7 130 128 80 85 128 128], 70.0, TPX, 1578426201, 2020-01-07 19:43:21, I07-W0167, 0, 0, 62.5989296218, -141.290959719 
4, 39970, 1.5, [1 100 255 127 127 0 385 7 130 128 80 85 128 128], 70.0, TPX, 1578426743, 2020-01-07 19:52:23, I07-W0167, 0, 0, 28.8215848785, -153.86357579 
5, 39971, 1.5, [1 100 255 127 127 0 385 7 130 128 80 85 128 128], 70.0, TPX, 1578427103, 2020-01-07 19:58:23, I07-W0167, 0, 0, 6.14827716974, -158.630023302 
6, 39972, 1.5, [1 100 255 127 127 0 385 7 130 128 80 85 128 128], 70.0, TPX, 1578427283, 2020-01-07 20:01:23, I07-W0167, 0, 0, -5.19804246951, -160.845190253 
7, 39973, 1.5, [1 100 255 127 127 0 385 7 130 128 80 85 128 128], 70.0, TPX, 1578427463, 2020-01-07 20:04:23, I07-W0167, 0, 0, -16.5387617805, -163.114534265 
8, 39974, 0.002, [1 100 255 127 127 0 385 7 130 128 80 85 128 128], 70.0, TPX, 1578428239, 2020-01-07 20:17:19, I07-W0167, 0, 0, -64.9191039014, 179.881788071 
9, 39975, 0.002, [1 100 255 127 127 0 385 7 130 128 80 85 128 128], 70.0, TPX, 1578428419, 2020-01-07 20:20:19, I07-W0167, 0, 0, -75.4218243151, 165.432946356 
10, 39977, 0.002, [1 100 255 127 127 0 385 7 130 128 80 85 128 128], 70.0, TPX, 1578428779, 2020-01-07 20:26:19, I07-W0167, 0, 0, -77.4680055562, 48.9707078142 
11, 39978, 0.002, [1 100 255 127 127 0 385 7 130 128 80 85 128 128], 70.0, TPX, 1578428959, 2020-01-07 20:29:19, I07-W0167, 0, 0, -67.2468392004, 30.7119729197 
12, 39980, 0.002, [1 100 255 127 127 0 385 7 130 128 80 85 128 128], 70.0, TPX, 1578429319, 2020-01-07 20:35:19, I07-W0167, 0, 0, -45.1116236129, 18.76532661 
13, 39981, 0.002, [1 100 255 127 127 0 385 7 130 128 80 85 128 128], 70.0, TPX, 1578429499, 2020-01-07 20:38:19, I07-W0167, 0, 0, -33.8638593344, 15.5464206716 
14, 39982, 0.002, [1 100 255 127 127 0 385 7 130 128 80 85 128 128], 70.0, TPX, 1578429679, 2020-01-07 20:41:19, I07-W0167, 0, 0, -22.5778101382, 12.9095535721 
15, 39983, 1.5, [1 100 255 127 127 0 385 7 130 128 80 85 128 128], 70.0, TPX, 1578429861, 2020-01-07 20:44:21, I07-W0167, 0, 0, -11.1463060872, 10.5367236567 
16, 39984, 1.5, [1 100 255 127 127 0 385 7 130 128 80 85 128 128], 70.0, TPX, 1578430041, 2020-01-07 20:47:21, I07-W0167, 0, 0, 0.168886699171, 8.31196626596 
17, 39986, 1.5, [1 100 255 127 127 0 385 7 130 128 80 85 128 128], 70.0, TPX, 1578430401, 2020-01-07 20:53:21, I07-W0167, 0, 0, 22.7960927388, 3.7331333786 
18, 39987, 1.5, [1 100 255 127 127 0 385 7 130 128 80 85 128 128], 70.0, TPX, 1578430581, 2020-01-07 20:56:21, I07-W0167, 0, 0, 34.0895526903, 1.086918098 
19, 39988, 1.5, [1 100 255 127 127 0 385 7 130 128 80 85 128 128], 70.0, TPX, 1578430761, 2020-01-07 20:59:21, I07-W0167, 0, 0, 45.3468416675, -2.15114310594 
20, 39992, 0.002, [1 100 255 127 127 0 385 7 130 128 80 85 128 128], 70.0, TPX, 1578431659, 2020-01-07 21:14:19, I07-W0167, 0, 0, 75.2579066052, -149.127181111 
21, 39993, 0.002, [1 100 255 127 127 0 385 7 130 128 80 85 128 128], 70.0, TPX, 1578431839, 2020-01-07 21:17:19, I07-W0167, 0, 0, 64.7227974345, -163.342840168 
22, 39994, 0.002, [1 100 255 127 127 0 385 7 130 128 80 85 128 128], 70.0, TPX, 1578432019, 2020-01-07 21:20:19, I07-W0167, 0, 0, 53.6593287354, -169.833172785 
23, 39995, 0.002, [1 100 255 127 127 0 385 7 130 128 80 85 128 128], 70.0, TPX, 1578432199, 2020-01-07 21:23:19, I07-W0167, 0, 0, 42.4345856095, -173.901247114 
24, 39998, 1.5, [1 100 255 127 127 0 385 7 130 128 80 85 128 128], 70.0, TPX, 1578432741, 2020-01-07 21:32:21, I07-W0167, 0, 0, 8.34835751386, 178.165566439 
25, 39999, 1.5, [1 100 255 127 127 0 385 7 130 128 80 85 128 128], 70.0, TPX, 1578432921, 2020-01-07 21:35:21, I07-W0167, 0, 0, -2.99812327517, 175.94723028 
26, 40000, 1.5, [1 100 255 127 127 0 385 7 130 128 80 85 128 128], 70.0, TPX, 1578433101, 2020-01-07 21:38:21, I07-W0167, 0, 0, -14.3406771323, 173.697967024 
27, 40001, 1.5, [1 100 255 127 127 0 385 7 130 128 80 85 128 128], 70.0, TPX, 1578433461, 2020-01-07 21:44:21, I07-W0167, 0, 0, -36.9728931423, 168.523647936 
28, 40003, 0.002, [1 100 255 127 127 0 385 7 130 128 80 85 128 128], 70.0, TPX, 1578433819, 2020-01-07 21:50:19, I07-W0167, 0, 0, -59.2505045137, 160.098609596 
29, 40007, 0.002, [1 100 255 127 127 0 385 7 130 128 80 85 128 128], 70.0, TPX, 1578434539, 2020-01-07 22:02:19, I07-W0167, 0, 0, -72.7012370256, 13.9991224239 
30, 40008, 0.002, [1 100 255 127 127 0 385 7 130 128 80 85 128 128], 70.0, TPX, 1578434899, 2020-01-07 22:08:19, I07-W0167, 0, 0, -50.8903700462, -2.7999107586 
31, 40009, 0.002, [1 100 255 127 127 0 385 7 130 128 80 85 128 128], 70.0, TPX, 1578435079, 2020-01-07 22:11:19, I07-W0167, 0, 0, -39.6759814872, -6.53023927732 
32, 40010, 0.002, [1 100 255 127 127 0 385 7 130 128 80 85 128 128], 70.0, TPX, 1578435259, 2020-01-07 22:14:19, I07-W0167, 0, 0, -28.4065757544, -9.41720869429 
33, 40011, 1.5, [1 100 255 127 127 0 385 7 130 128 80 85 128 128], 70.0, TPX, 1578435441, 2020-01-07 22:17:21, I07-W0167, 0, 0, -16.9837878785, -11.9141568073 
34, 40012, 1.5, [1 100 255 127 127 0 385 7 130 128 80 85 128 128], 70.0, TPX, 1578435621, 2020-01-07 22:20:21, I07-W0167, 0, 0, -5.67237861674, -14.1844126494 
35, 40013, 1.5, [1 100 255 127 127 0 385 7 130 128 80 85 128 128], 70.0, TPX, 1578435801, 2020-01-07 22:23:21, I07-W0167, 0, 0, 5.64440472322, -16.3956385816 
36, 40015, 0.002, [1 100 255 127 127 0 385 7 130 128 80 85 128 128], 70.0, TPX, 1578439506, 2020-01-07 23:25:06, I07-W0167, 0, 0, -60.1161080475, 135.953959185 
37, 40018, 0.002, [1 100 255 127 127 0 385 7 130 128 80 85 128 128], 70.0, TPX, 1578440046, 2020-01-07 23:34:06, I07-W0167, 0, 0, -81.0212202261, 21.1833433495 
38, 40019, 0.002, [1 100 255 127 127 0 385 7 130 128 80 85 128 128], 70.0, TPX, 1578440226, 2020-01-07 23:37:06, I07-W0167, 0, 0, -71.8903501373, -10.9311551283 
39, 40020, 0.002, [1 100 255 127 127 0 385 7 130 128 80 85 128 128], 70.0, TPX, 1578440406, 2020-01-07 23:40:06, I07-W0167, 0, 0, -61.1198726478, -21.3620603718 
40, 40021, 0.002, [1 100 255 127 127 0 385 7 130 128 80 85 128 128], 70.0, TPX, 1578440586, 2020-01-07 23:43:06, I07-W0167, 0, 0, -50.015364757, -26.7775278262 
41, 40022, 0.002, [1 100 255 127 127 0 385 7 130 128 80 85 128 128], 70.0, TPX, 1578440766, 2020-01-07 23:46:06, I07-W0167, 0, 0, -38.7951329711, -30.4166389551 
42, 40023, 0.002, [1 100 255 127 127 0 385 7 130 128 80 85 128 128], 70.0, TPX, 1578440946, 2020-01-07 23:49:06, I07-W0167, 0, 0, -27.5229251532, -33.259712027 
43, 40024, 1.5, [1 100 255 127 127 0 385 7 130 128 80 85 128 128], 70.0, TPX, 1578441308, 2020-01-07 23:55:08, I07-W0167, 0, 0, -4.78666914048, -37.9957447063 
44, 40025, 1.5, [1 100 255 127 127 0 385 7 130 128 80 85 128 128], 70.0, TPX, 1578441488, 2020-01-07 23:58:08, I07-W0167, 0, 0, 6.53016115704, -40.2073189781 
45, 40027, 1.5, [1 100 255 127 127 0 385 7 130 128 80 85 128 128], 70.0, TPX, 1578441848, 2020-01-08 00:04:08, I07-W0167, 0, 0, 29.1468692226, -44.9788481505 
46, 40028, 1.5, [1 100 255 127 127 0 385 7 130 128 80 85 128 128], 70.0, TPX, 1578442028, 2020-01-08 00:07:08, I07-W0167, 0, 0, 40.4232690691, -47.9065950775 
47, 40030, 0.002, [1 100 255 127 127 0 385 7 130 128 80 85 128 128], 70.0, TPX, 1578442386, 2020-01-08 00:13:06, I07-W0167, 0, 0, 62.6127539247, -57.4886298968 
48, 40033, 0.002, [1 100 255 127 127 0 385 7 130 128 80 85 128 128], 70.0, TPX, 1578443106, 2020-01-08 00:25:06, I07-W0167, 0, 0, 69.4497118113, 153.972503647 
49, 40034, 0.002, [1 100 255 127 127 0 385 7 130 128 80 85 128 128], 70.0, TPX, 1578443286, 2020-01-08 00:28:06, I07-W0167, 0, 0, 58.5336829906, 145.284202496 
50, 40035, 0.002, [1 100 255 127 127 0 385 7 130 128 80 85 128 128], 70.0, TPX, 1578443466, 2020-01-08 00:31:06, I07-W0167, 0, 0, 47.3611020195, 140.429126449 
51, 40036, 1.5, [1 100 255 127 127 0 385 7 130 128 80 85 128 128], 70.0, TPX, 1578443648, 2020-01-08 00:34:08, I07-W0167, 0, 0, 35.9662188815, 136.995030278 
52, 40037, 1.5, [1 100 255 127 127 0 385 7 130 128 80 85 128 128], 70.0, TPX, 1578443828, 2020-01-08 00:37:08, I07-W0167, 0, 0, 24.6515716832, 134.272475894 
53, 40038, 1.5, [1 100 255 127 127 0 385 7 130 128 80 85 128 128], 70.0, TPX, 1578444008, 2020-01-08 00:40:08, I07-W0167, 0, 0, 13.3150115305, 131.881896025 
54, 40039, 1.5, [1 100 255 127 127 0 385 7 130 128 80 85 128 128], 70.0, TPX, 1578444188, 2020-01-08 00:43:08, I07-W0167, 0, 0, 1.96936317073, 129.640064015 
55, 40041, 0.002, [1 100 255 127 127 0 385 7 130 128 80 85 128 128], 70.0, TPX, 1578445199, 2020-01-08 00:59:59, I07-W0167, 0, 0, -61.3472496452, 111.551202755 
56, 40044, 0.002, [1 100 255 127 127 0 385 7 130 128 80 85 128 128], 70.0, TPX, 1578445739, 2020-01-08 01:08:59, I07-W0167, 0, 0, -80.2328251507, -8.69161976961 
57, 40045, 0.002, [1 100 255 127 127 0 385 7 130 128 80 85 128 128], 70.0, TPX, 1578446099, 2020-01-08 01:14:59, I07-W0167, 0, 0, -59.889919503, -45.7543034325 
58, 40046, 0.002, [1 100 255 127 127 0 385 7 130 128 80 85 128 128], 70.0, TPX, 1578446279, 2020-01-08 01:17:59, I07-W0167, 0, 0, -48.7667242146, -50.8826314419 
59, 40047, 0.002, [1 100 255 127 127 0 385 7 130 128 80 85 128 128], 70.0, TPX, 1578446459, 2020-01-08 01:20:59, I07-W0167, 0, 0, -37.5387265037, -54.4009814112 
60, 40048, 0.002, [1 100 255 127 127 0 385 7 130 128 80 85 128 128], 70.0, TPX, 1578446639, 2020-01-08 01:23:59, I07-W0167, 0, 0, -26.2627330534, -57.1854412147 
61, 40049, 0.002, [1 100 255 127 127 0 385 7 130 128 80 85 128 128], 70.0, TPX, 1578446819, 2020-01-08 01:26:59, I07-W0167, 0, 0, -14.9622175165, -59.6052918599 
62, 40050, 1.5, [1 100 255 127 127 0 385 7 130 128 80 85 128 128], 70.0, TPX, 1578447001, 2020-01-08 01:30:01, I07-W0167, 0, 0, -3.52369224447, -61.8805371552 
63, 40051, 1.5, [1 100 255 127 127 0 385 7 130 128 80 85 128 128], 70.0, TPX, 1578447181, 2020-01-08 01:33:01, I07-W0167, 0, 0, 7.79315704951, -64.0938326347 
64, 40052, 1.5, [1 100 255 127 127 0 385 7 130 128 80 85 128 128], 70.0, TPX, 1578447361, 2020-01-08 01:36:01, I07-W0167, 0, 0, 19.1064979741, -66.3897802333 
65, 40053, 1.5, [1 100 255 127 127 0 385 7 130 128 80 85 128 128], 70.0, TPX, 1578447541, 2020-01-08 01:39:01, I07-W0167, 0, 0, 30.4069469167, -68.9160896221 
66, 40056, 0.002, [1 100 255 127 127 0 385 7 130 128 80 85 128 128], 70.0, TPX, 1578448079, 2020-01-08 01:47:59, I07-W0167, 0, 0, 63.8352006916, -82.01211675 
67, 40060, 0.002, [1 100 255 127 127 0 385 7 130 128 80 85 128 128], 70.0, TPX, 1578448799, 2020-01-08 01:59:59, I07-W0167, 0, 0, 68.2560952728, 128.998436044 
68, 40062, 1.5, [1 100 255 127 127 0 385 7 130 128 80 85 128 128], 70.0, TPX, 1578449341, 2020-01-08 02:09:01, I07-W0167, 0, 0, 34.7046761117, 113.028640975 
69, 40063, 1.5, [1 100 255 127 127 0 385 7 130 128 80 85 128 128], 70.0, TPX, 1578449521, 2020-01-08 02:12:01, I07-W0167, 0, 0, 23.3866394321, 110.355646443 
70, 40064, 1.5, [1 100 255 127 127 0 385 7 130 128 80 85 128 128], 70.0, TPX, 1578449701, 2020-01-08 02:15:01, I07-W0167, 0, 0, 12.0484468641, 107.989190802 
71, 40065, 1.5, [1 100 255 127 127 0 385 7 130 128 80 85 128 128], 70.0, TPX, 1578449881, 2020-01-08 02:18:01, I07-W0167, 0, 0, 0.702318843709, 105.755520868 
72, 40066, 0.002, [1 100 255 127 127 0 385 7 130 128 80 85 128 128], 70.0, TPX, 1578450831, 2020-01-08 02:33:51, I07-W0167, 0, 0, -58.8388421823, 89.418664602 
73, 40069, 0.002, [1 100 255 127 127 0 385 7 130 128 80 85 128 128], 70.0, TPX, 1578451371, 2020-01-08 02:42:51, I07-W0167, 0, 0, -81.7101131057, -18.5046985442 
74, 40070, 0.002, [1 100 255 127 127 0 385 7 130 128 80 85 128 128], 70.0, TPX, 1578451551, 2020-01-08 02:45:51, I07-W0167, 0, 0, -73.0841715814, -56.2587826199 
75, 40071, 0.002, [1 100 255 127 127 0 385 7 130 128 80 85 128 128], 70.0, TPX, 1578451731, 2020-01-08 02:48:51, I07-W0167, 0, 0, -62.3894750407, -67.7988414287 
76, 40072, 0.002, [1 100 255 127 127 0 385 7 130 128 80 85 128 128], 70.0, TPX, 1578452091, 2020-01-08 02:54:51, I07-W0167, 0, 0, -40.0957580833, -77.3229186778 
77, 40073, 0.002, [1 100 255 127 127 0 385 7 130 128 80 85 128 128], 70.0, TPX, 1578452271, 2020-01-08 02:57:51, I07-W0167, 0, 0, -28.8280428223, -80.2316162072 
78, 40074, 1.5, [1 100 255 127 127 0 385 7 130 128 80 85 128 128], 70.0, TPX, 1578452453, 2020-01-08 03:00:53, I07-W0167, 0, 0, -17.4062504465, -82.7394977456 
79, 40076, 1.5, [1 100 255 127 127 0 385 7 130 128 80 85 128 128], 70.0, TPX, 1578452813, 2020-01-08 03:06:53, I07-W0167, 0, 0, 5.22111228721, -87.2256342937 
80, 40077, 1.5, [1 100 255 127 127 0 385 7 130 128 80 85 128 128], 70.0, TPX, 1578452993, 2020-01-08 03:09:53, I07-W0167, 0, 0, 16.5359101766, -89.4915837015 
81, 40078, 1.5, [1 100 255 127 127 0 385 7 130 128 80 85 128 128], 70.0, TPX, 1578453173, 2020-01-08 03:12:53, I07-W0167, 0, 0, 27.8402984307, -91.9491950476 
82, 40080, 0.002, [1 100 255 127 127 0 385 7 130 128 80 85 128 128], 70.0, TPX, 1578454275, 2020-01-08 03:31:15, I07-W0167, 0, 0, 79.1487306956, 129.529961366 
83, 40081, 0.002, [1 100 255 127 127 0 385 7 130 128 80 85 128 128], 70.0, TPX, 1578454455, 2020-01-08 03:34:15, I07-W0167, 0, 0, 69.2612054204, 106.47625609 
84, 40082, 0.002, [1 100 255 127 127 0 385 7 130 128 80 85 128 128], 70.0, TPX, 1578454635, 2020-01-08 03:37:15, I07-W0167, 0, 0, 58.3373492029, 97.9013087575 
85, 40084, 1.5, [1 100 255 127 127 0 385 7 130 128 80 85 128 128], 70.0, TPX, 1578454997, 2020-01-08 03:43:17, I07-W0167, 0, 0, 35.7658757728, 89.66700345 
86, 40085, 1.5, [1 100 255 127 127 0 385 7 130 128 80 85 128 128], 70.0, TPX, 1578455177, 2020-01-08 03:46:17, I07-W0167, 0, 0, 24.4505114046, 86.9525633308 
87, 40086, 1.5, [1 100 255 127 127 0 385 7 130 128 80 85 128 128], 70.0, TPX, 1578455357, 2020-01-08 03:49:17, I07-W0167, 0, 0, 13.1135303415, 84.5659381407 
88, 40087, 1.5, [1 100 255 127 127 0 385 7 130 128 80 85 128 128], 70.0, TPX, 1578455537, 2020-01-08 03:52:17, I07-W0167, 0, 0, 1.76766320225, 82.3254789989 
89, 40088, 0.002, [1 100 255 127 127 0 385 7 130 128 80 85 128 128], 70.0, TPX, 1578456649, 2020-01-08 04:10:49, I07-W0167, 0, 0, -67.6559538713, 59.2180133038 
90, 40089, 0.002, [1 100 255 127 127 0 385 7 130 128 80 85 128 128], 70.0, TPX, 1578456829, 2020-01-08 04:13:49, I07-W0167, 0, 0, -77.822417242, 40.1042514235 
91, 40090, 0.002, [1 100 255 127 127 0 385 7 130 128 80 85 128 128], 70.0, TPX, 1578457009, 2020-01-08 04:16:49, I07-W0167, 0, 0, -82.4812209723, -26.8569356055 
92, 40091, 0.002, [1 100 255 127 127 0 385 7 130 128 80 85 128 128], 70.0, TPX, 1578457189, 2020-01-08 04:19:49, I07-W0167, 0, 0, -75.0413622878, -75.9899116388 
93, 40092, 0.002, [1 100 255 127 127 0 385 7 130 128 80 85 128 128], 70.0, TPX, 1578457369, 2020-01-08 04:22:49, I07-W0167, 0, 0, -64.5089715324, -89.8758638046 
94, 40093, 0.002, [1 100 255 127 127 0 385 7 130 128 80 85 128 128], 70.0, TPX, 1578457549, 2020-01-08 04:25:49, I07-W0167, 0, 0, -53.4696680425, -96.2809010187 
95, 40094, 0.002, [1 100 255 127 127 0 385 7 130 128 80 85 128 128], 70.0, TPX, 1578457729, 2020-01-08 04:28:49, I07-W0167, 0, 0, -42.2754695227, -100.316463648 
96, 40095, 0.002, [1 100 255 127 127 0 385 7 130 128 80 85 128 128], 70.0, TPX, 1578457909, 2020-01-08 04:31:49, I07-W0167, 0, 0, -31.015889017, -103.347865526 
97, 40096, 1.5, [1 100 255 127 127 0 385 7 130 128 80 85 128 128], 70.0, TPX, 1578458091, 2020-01-08 04:34:51, I07-W0167, 0, 0, -19.5983842924, -105.917655899 
98, 40097, 1.5, [1 100 255 127 127 0 385 7 130 128 80 85 128 128], 70.0, TPX, 1578458271, 2020-01-08 04:37:51, I07-W0167, 0, 0, -8.28964947663, -108.219600403 
99, 40098, 1.5, [1 100 255 127 127 0 385 7 130 128 80 85 128 128], 70.0, TPX, 1578458451, 2020-01-08 04:40:51, I07-W0167, 0, 0, 3.02629225597, -110.433858939 
100, 40101, 0.002, [1 100 255 127 127 0 385 7 130 128 80 85 128 128], 70.0, TPX, 1578458989, 2020-01-08 04:49:49, I07-W0167, 0, 0, 36.8105190552, -117.812648903 
101, 40102, 0.002, [1 100 255 127 127 0 385 7 130 128 80 85 128 128], 70.0, TPX, 1578459169, 2020-01-08 04:52:49, I07-W0167, 0, 0, 48.0541715598, -121.268956849 
102, 40103, 0.002, [1 100 255 127 127 0 385 7 130 128 80 85 128 128], 70.0, TPX, 1578459349, 2020-01-08 04:55:49, I07-W0167, 0, 0, 59.2006441328, -126.253738187 
103, 40104, 0.002, [1 100 255 127 127 0 385 7 130 128 80 85 128 128], 70.0, TPX, 1578459529, 2020-01-08 04:58:49, I07-W0167, 0, 0, 70.077843328, -135.334583971 
104, 40106, 0.002, [1 100 255 127 127 0 385 7 130 128 80 85 128 128], 70.0, TPX, 1578459889, 2020-01-08 05:04:49, I07-W0167, 0, 0, 81.515220488, 123.583803581 
105, 40107, 0.002, [1 100 255 127 127 0 385 7 130 128 80 85 128 128], 70.0, TPX, 1578460069, 2020-01-08 05:07:49, I07-W0167, 0, 0, 72.7010457803, 87.621368624 
106, 40109, 1.5, [1 100 255 127 127 0 385 7 130 128 80 85 128 128], 70.0, TPX, 1578460431, 2020-01-08 05:13:51, I07-W0167, 0, 0, 50.7092334294, 70.7552068483 
107, 40110, 1.5, [1 100 255 127 127 0 385 7 130 128 80 85 128 128], 70.0, TPX, 1578460611, 2020-01-08 05:16:51, I07-W0167, 0, 0, 39.460745151, 67.0370977514 
108, 40111, 1.5, [1 100 255 127 127 0 385 7 130 128 80 85 128 128], 70.0, TPX, 1578460791, 2020-01-08 05:19:51, I07-W0167, 0, 0, 28.1564508119, 64.1553999599 
109, 40112, 1.5, [1 100 255 127 127 0 385 7 130 128 80 85 128 128], 70.0, TPX, 1578460971, 2020-01-08 05:22:51, I07-W0167, 0, 0, 16.8247674143, 61.6860201978 
110, 40113, 1.5, [1 100 255 127 127 0 385 7 130 128 80 85 128 128], 70.0, TPX, 1578461151, 2020-01-08 05:25:51, I07-W0167, 0, 0, 5.48061892138, 59.4132201103 
111, 40114, 1.5, [1 100 255 127 127 0 385 7 130 128 80 85 128 128], 70.0, TPX, 1578461331, 2020-01-08 05:28:51, I07-W0167, 0, 0, -5.86600551506, 57.1981009703 
112, 40115, 1.5, [1 100 255 127 127 0 385 7 130 128 80 85 128 128], 70.0, TPX, 1578461511, 2020-01-08 05:31:51, I07-W0167, 0, 0, -17.2064315548, 54.9216296561 
113, 40117, 0.002, [1 100 255 127 127 0 385 7 130 128 80 85 128 128], 70.0, TPX, 1578462461, 2020-01-08 05:47:41, I07-W0167, 0, 0, -75.6727039934, 22.9896978659 
114, 40118, 0.002, [1 100 255 127 127 0 385 7 130 128 80 85 128 128], 70.0, TPX, 1578462641, 2020-01-08 05:50:41, I07-W0167, 0, 0, -82.6083512833, -30.2639842272 
115, 40119, 0.002, [1 100 255 127 127 0 385 7 130 128 80 85 128 128], 70.0, TPX, 1578462821, 2020-01-08 05:53:41, I07-W0167, 0, 0, -77.2314624449, -93.6490788677 
116, 40120, 0.002, [1 100 255 127 127 0 385 7 130 128 80 85 128 128], 70.0, TPX, 1578463001, 2020-01-08 05:56:41, I07-W0167, 0, 0, -66.9723202374, -111.378153083 
117, 40121, 0.002, [1 100 255 127 127 0 385 7 130 128 80 85 128 128], 70.0, TPX, 1578463181, 2020-01-08 05:59:41, I07-W0167, 0, 0, -55.9972854125, -118.75457297 
118, 40122, 0.002, [1 100 255 127 127 0 385 7 130 128 80 85 128 128], 70.0, TPX, 1578463361, 2020-01-08 06:02:41, I07-W0167, 0, 0, -44.8267978943, -123.153460682 
119, 40124, 0.002, [1 100 255 127 127 0 385 7 130 128 80 85 128 128], 70.0, TPX, 1578463721, 2020-01-08 06:08:41, I07-W0167, 0, 0, -22.2919906271, -128.978491892 
120, 40125, 1.5, [1 100 255 127 127 0 385 7 130 128 80 85 128 128], 70.0, TPX, 1578463903, 2020-01-08 06:11:43, I07-W0167, 0, 0, -10.860607812, -131.346381873 
121, 40126, 1.5, [1 100 255 127 127 0 385 7 130 128 80 85 128 128], 70.0, TPX, 1578464083, 2020-01-08 06:14:43, I07-W0167, 0, 0, 0.454306884294, -133.56970407 
122, 40127, 1.5, [1 100 255 127 127 0 385 7 130 128 80 85 128 128], 70.0, TPX, 1578464263, 2020-01-08 06:17:43, I07-W0167, 0, 0, 11.7706468489, -135.797930343 
123, 40129, 0.002, [1 100 255 127 127 0 385 7 130 128 80 85 128 128], 70.0, TPX, 1578464621, 2020-01-08 06:23:41, I07-W0167, 0, 0, 34.2479618526, -140.779583456 
124, 40132, 0.002, [1 100 255 127 127 0 385 7 130 128 80 85 128 128], 70.0, TPX, 1578465161, 2020-01-08 06:32:41, I07-W0167, 0, 0, 67.6502506633, -156.244128942 
125, 40133, 0.002, [1 100 255 127 127 0 385 7 130 128 80 85 128 128], 70.0, TPX, 1578465341, 2020-01-08 06:35:41, I07-W0167, 0, 0, 77.8245072799, -175.370775974 
126, 40135, 1.5, [1 100 255 127 127 0 385 7 130 128 80 85 128 128], 70.0, TPX, 1578466298, 2020-01-08 06:51:38, I07-W0167, 0, 0, 38.5768947668, 43.1512329628 
127, 40136, 1.5, [1 100 255 127 127 0 385 7 130 128 80 85 128 128], 70.0, TPX, 1578466481, 2020-01-08 06:54:41, I07-W0167, 0, 0, 27.0808821404, 40.2697947184 
128, 40137, 1.5, [1 100 255 127 127 0 385 7 130 128 80 85 128 128], 70.0, TPX, 1578466661, 2020-01-08 06:57:41, I07-W0167, 0, 0, 15.7474058181, 37.82654043 
129, 40138, 1.5, [1 100 255 127 127 0 385 7 130 128 80 85 128 128], 70.0, TPX, 1578466841, 2020-01-08 07:00:41, I07-W0167, 0, 0, 4.40255851152, 35.5645491168 
130, 40139, 1.5, [1 100 255 127 127 0 385 7 130 128 80 85 128 128], 70.0, TPX, 1578467021, 2020-01-08 07:03:41, I07-W0167, 0, 0, -6.94391395322, 33.3487298824 
131, 40141, 0.002, [1 100 255 127 127 0 385 7 130 128 80 85 128 128], 70.0, TPX, 1578467379, 2020-01-08 07:09:39, I07-W0167, 0, 0, -29.4798170389, 28.5830268614 
132, 40142, 0.002, [1 100 255 127 127 0 385 7 130 128 80 85 128 128], 70.0, TPX, 1578467559, 2020-01-08 07:12:39, I07-W0167, 0, 0, -40.7695323392, 25.6340209706 
133, 40143, 0.002, [1 100 255 127 127 0 385 7 130 128 80 85 128 128], 70.0, TPX, 1578467739, 2020-01-08 07:15:39, I07-W0167, 0, 0, -51.9959488613, 21.7753773165 
134, 40144, 0.002, [1 100 255 127 127 0 385 7 130 128 80 85 128 128], 70.0, TPX, 1578467919, 2020-01-08 07:18:39, I07-W0167, 0, 0, -63.08088143, 15.8225771726 
135, 40145, 0.002, [1 100 255 127 127 0 385 7 130 128 80 85 128 128], 70.0, TPX, 1578468099, 2020-01-08 07:21:39, I07-W0167, 0, 0, -73.7374518546, 3.57628427419 
136, 40146, 0.002, [1 100 255 127 127 0 385 7 130 128 80 85 128 128], 70.0, TPX, 1578468279, 2020-01-08 07:24:39, I07-W0167, 0, 0, -82.0255175812, -37.7291111966 
137, 40147, 0.002, [1 100 255 127 127 0 385 7 130 128 80 85 128 128], 70.0, TPX, 1578468459, 2020-01-08 07:27:39, I07-W0167, 0, 0, -78.9643087578, -110.453953356 
138, 40148, 0.002, [1 100 255 127 127 0 385 7 130 128 80 85 128 128], 70.0, TPX, 1578468639, 2020-01-08 07:30:39, I07-W0167, 0, 0, -69.051197594, -132.851933151 
139, 40151, 1.5, [1 100 255 127 127 0 385 7 130 128 80 85 128 128], 70.0, TPX, 1578469361, 2020-01-08 07:42:41, I07-W0167, 0, 0, -24.3570061149, -152.1633368 
140, 40152, 1.5, [1 100 255 127 127 0 385 7 130 128 80 85 128 128], 70.0, TPX, 1578469541, 2020-01-08 07:45:41, I07-W0167, 0, 0, -13.05403854, -154.543493801 
141, 40153, 1.5, [1 100 255 127 127 0 385 7 130 128 80 85 128 128], 70.0, TPX, 1578469721, 2020-01-08 07:48:41, I07-W0167, 0, 0, -1.74031811303, -156.779397207 
142, 40154, 1.5, [1 100 255 127 127 0 385 7 130 128 80 85 128 128], 70.0, TPX, 1578469901, 2020-01-08 07:51:41, I07-W0167, 0, 0, 9.5762590406, -158.997583102 
143, 40155, 1.5, [1 100 255 127 127 0 385 7 130 128 80 85 128 128], 70.0, TPX, 1578470081, 2020-01-08 07:54:41, I07-W0167, 0, 0, 20.8881084227, -161.318590664 
144, 40158, 0.002, [1 100 255 127 127 0 385 7 130 128 80 85 128 128], 70.0, TPX, 1578470619, 2020-01-08 08:03:39, I07-W0167, 0, 0, 54.5235935521, -171.148803822 
145, 40159, 0.002, [1 100 255 127 127 0 385 7 130 128 80 85 128 128], 70.0, TPX, 1578470799, 2020-01-08 08:06:39, I07-W0167, 0, 0, 65.5526654186, -177.939623781 
146, 40162, 0.002, [1 100 255 127 127 0 385 7 130 128 80 85 128 128], 70.0, TPX, 1578471339, 2020-01-08 08:15:39, I07-W0167, 0, 0, 76.8910458167, 49.8032668928 
147, 40163, 0.002, [1 100 255 127 127 0 385 7 130 128 80 85 128 128], 70.0, TPX, 1578471519, 2020-01-08 08:18:39, I07-W0167, 0, 0, 66.5561499811, 32.7686350861 
148, 40165, 1.5, [1 100 255 127 127 0 385 7 130 128 80 85 128 128], 70.0, TPX, 1578471881, 2020-01-08 08:24:41, I07-W0167, 0, 0, 44.2072724159, 21.1876327083 
149, 40167, 1.5, [1 100 255 127 127 0 385 7 130 128 80 85 128 128], 70.0, TPX, 1578472241, 2020-01-08 08:30:41, I07-W0167, 0, 0, 21.5988613227, 15.4168588133 
150, 40168, 1.5, [1 100 255 127 127 0 385 7 130 128 80 85 128 128], 70.0, TPX, 1578472601, 2020-01-08 08:36:41, I07-W0167, 0, 0, -1.08838541474, 10.8561938022 
151, 40170, 0.002, [1 100 255 127 127 0 385 7 130 128 80 85 128 128], 70.0, TPX, 1578473609, 2020-01-08 08:53:29, I07-W0167, 0, 0, -64.1203542592, -8.58722459703 
152, 40171, 0.002, [1 100 255 127 127 0 385 7 130 128 80 85 128 128], 70.0, TPX, 1578473789, 2020-01-08 08:56:29, I07-W0167, 0, 0, -74.6951878101, -22.0059781632 
153, 40173, 0.002, [1 100 255 127 127 0 385 7 130 128 80 85 128 128], 70.0, TPX, 1578474149, 2020-01-08 09:02:29, I07-W0167, 0, 0, -78.1347071512, -137.680412441 
154, 40174, 0.002, [1 100 255 127 127 0 385 7 130 128 80 85 128 128], 70.0, TPX, 1578474329, 2020-01-08 09:05:29, I07-W0167, 0, 0, -68.0356031061, -157.595235982 
155, 40179, 1.5, [1 100 255 127 127 0 385 7 130 128 80 85 128 128], 70.0, TPX, 1578475231, 2020-01-08 09:20:31, I07-W0167, 0, 0, -11.979901647, -178.397492342 
156, 40180, 1.5, [1 100 255 127 127 0 385 7 130 128 80 85 128 128], 70.0, TPX, 1578475411, 2020-01-08 09:23:31, I07-W0167, 0, 0, -0.665662178934, 179.37334879 
157, 40185, 0.002, [1 100 255 127 127 0 385 7 130 128 80 85 128 128], 70.0, TPX, 1578476309, 2020-01-08 09:38:29, I07-W0167, 0, 0, 55.5807292505, 164.720393701 
158, 40187, 0.002, [1 100 255 127 127 0 385 7 130 128 80 85 128 128], 70.0, TPX, 1578476669, 2020-01-08 09:44:29, I07-W0167, 0, 0, 76.9065981574, 140.450614224 
159, 40188, 0.002, [1 100 255 127 127 0 385 7 130 128 80 85 128 128], 70.0, TPX, 1578477029, 2020-01-08 09:50:29, I07-W0167, 0, 0, 75.9805201287, 23.5714694736 
160, 40189, 0.002, [1 100 255 127 127 0 385 7 130 128 80 85 128 128], 70.0, TPX, 1578477211, 2020-01-08 09:53:31, I07-W0167, 0, 0, 65.4042522381, 8.11633428023 
161, 40192, 1.5, [1 100 255 127 127 0 385 7 130 128 80 85 128 128], 70.0, TPX, 1578477751, 2020-01-08 10:02:31, I07-W0167, 0, 0, 31.8470240011, -5.87739314795 
162, 40193, 1.5, [1 100 255 127 127 0 385 7 130 128 80 85 128 128], 70.0, TPX, 1578477931, 2020-01-08 10:05:31, I07-W0167, 0, 0, 20.5219778398, -8.45136359672 
163, 40194, 1.5, [1 100 255 127 127 0 385 7 130 128 80 85 128 128], 70.0, TPX, 1578478111, 2020-01-08 10:08:31, I07-W0167, 0, 0, 9.18041628108, -10.7708053385 
164, 40196, 0.002, [1 100 255 127 127 0 385 7 130 128 80 85 128 128], 70.0, TPX, 1578479433, 2020-01-08 10:30:33, I07-W0167, 0, 0, -73.068523618, -42.4793916505 
165, 40197, 0.002, [1 100 255 127 127 0 385 7 130 128 80 85 128 128], 70.0, TPX, 1578479613, 2020-01-08 10:33:33, I07-W0167, 0, 0, -81.7042323128, -80.182213449 
166, 40198, 0.002, [1 100 255 127 127 0 385 7 130 128 80 85 128 128], 70.0, TPX, 1578479793, 2020-01-08 10:36:33, I07-W0167, 0, 0, -79.5097198535, -154.941092773 
167, 40199, 0.002, [1 100 255 127 127 0 385 7 130 128 80 85 128 128], 70.0, TPX, 1578479973, 2020-01-08 10:39:33, I07-W0167, 0, 0, -69.7478427383, -179.306973011 
168, 40200, 0.002, [1 100 255 127 127 0 385 7 130 128 80 85 128 128], 70.0, TPX, 1578480153, 2020-01-08 10:42:33, I07-W0167, 0, 0, -58.8719549394, 171.833229758 
169, 40202, 1.5, [1 100 255 127 127 0 385 7 130 128 80 85 128 128], 70.0, TPX, 1578480695, 2020-01-08 10:51:35, I07-W0167, 0, 0, -25.097820385, 160.726344962 
170, 40203, 1.5, [1 100 255 127 127 0 385 7 130 128 80 85 128 128], 70.0, TPX, 1578480875, 2020-01-08 10:54:35, I07-W0167, 0, 0, -13.7960480933, 158.331393771 
171, 40204, 1.5, [1 100 255 127 127 0 385 7 130 128 80 85 128 128], 70.0, TPX, 1578481055, 2020-01-08 10:57:35, I07-W0167, 0, 0, -2.48291271464, 156.090203799 
172, 40205, 1.5, [1 100 255 127 127 0 385 7 130 128 80 85 128 128], 70.0, TPX, 1578481235, 2020-01-08 11:00:35, I07-W0167, 0, 0, 8.83358439771, 153.874435791 
173, 40206, 1.5, [1 100 255 127 127 0 385 7 130 128 80 85 128 128], 70.0, TPX, 1578481415, 2020-01-08 11:03:35, I07-W0167, 0, 0, 20.145919577, 151.564342871 
174, 40207, 1.5, [1 100 255 127 127 0 385 7 130 128 80 85 128 128], 70.0, TPX, 1578481595, 2020-01-08 11:06:35, I07-W0167, 0, 0, 31.4443775194, 149.006997102 
175, 40208, 0.002, [1 100 255 127 127 0 385 7 130 128 80 85 128 128], 70.0, TPX, 1578481953, 2020-01-08 11:12:33, I07-W0167, 0, 0, 53.7919368581, 141.904215083 
176, 40210, 0.002, [1 100 255 127 127 0 385 7 130 128 80 85 128 128], 70.0, TPX, 1578482313, 2020-01-08 11:18:33, I07-W0167, 0, 0, 75.3547791782, 121.025337661 
177, 40212, 0.002, [1 100 255 127 127 0 385 7 130 128 80 85 128 128], 70.0, TPX, 1578482673, 2020-01-08 11:24:33, I07-W0167, 0, 0, 77.5040484644, 4.52846109602 
178, 40213, 0.002, [1 100 255 127 127 0 385 7 130 128 80 85 128 128], 70.0, TPX, 1578482853, 2020-01-08 11:27:33, I07-W0167, 0, 0, 67.2654036546, -13.8347411149 
179, 40215, 1.5, [1 100 255 127 127 0 385 7 130 128 80 85 128 128], 70.0, TPX, 1578483215, 2020-01-08 11:33:35, I07-W0167, 0, 0, 44.945216299, -25.8497490804 
180, 40216, 1.5, [1 100 255 127 127 0 385 7 130 128 80 85 128 128], 70.0, TPX, 1578483395, 2020-01-08 11:36:35, I07-W0167, 0, 0, 33.6627034332, -29.0630184052 
181, 40217, 1.5, [1 100 255 127 127 0 385 7 130 128 80 85 128 128], 70.0, TPX, 1578483755, 2020-01-08 11:42:35, I07-W0167, 0, 0, 11.0017690391, -34.046105857 
182, 40220, 0.002, [1 100 255 127 127 0 385 7 130 128 80 85 128 128], 70.0, TPX, 1578484293, 2020-01-08 11:51:33, I07-W0167, 0, 0, -22.8977327838, -40.8374654006 
183, 40221, 0.002, [1 100 255 127 127 0 385 7 130 128 80 85 128 128], 70.0, TPX, 1578484473, 2020-01-08 11:54:33, I07-W0167, 0, 0, -34.2089717177, -43.490782157 
184, 40222, 0.002, [1 100 255 127 127 0 385 7 130 128 80 85 128 128], 70.0, TPX, 1578484653, 2020-01-08 11:57:33, I07-W0167, 0, 0, -45.4774656202, -46.7407261825 
185, 40223, 0.002, [1 100 255 127 127 0 385 7 130 128 80 85 128 128], 70.0, TPX, 1578484833, 2020-01-08 12:00:33, I07-W0167, 0, 0, -56.6594620071, -51.2523769023 
186, 40224, 0.002, [1 100 255 127 127 0 385 7 130 128 80 85 128 128], 70.0, TPX, 1578485013, 2020-01-08 12:03:33, I07-W0167, 0, 0, -67.6274310013, -58.9413428312 
187, 40225, 0.002, [1 100 255 127 127 0 385 7 130 128 80 85 128 128], 70.0, TPX, 1578485193, 2020-01-08 12:06:33, I07-W0167, 0, 0, -77.7981427497, -77.9945789902 
188, 40226, 0.002, [1 100 255 127 127 0 385 7 130 128 80 85 128 128], 70.0, TPX, 1578485373, 2020-01-08 12:09:33, I07-W0167, 0, 0, -82.4879213879, -144.813670764 
189, 40227, 0.002, [1 100 255 127 127 0 385 7 130 128 80 85 128 128], 70.0, TPX, 1578485553, 2020-01-08 12:12:33, I07-W0167, 0, 0, -75.0683551954, 165.883656879 
190, 40229, 0.002, [1 100 255 127 127 0 385 7 130 128 80 85 128 128], 70.0, TPX, 1578485913, 2020-01-08 12:18:33, I07-W0167, 0, 0, -53.5007932145, 145.544528326 
191, 40231, 0.002, [1 100 255 127 127 0 385 7 130 128 80 85 128 128], 70.0, TPX, 1578486273, 2020-01-08 12:24:33, I07-W0167, 0, 0, -31.0482538684, 138.471771818 
192, 40232, 1.5, [1 100 255 127 127 0 385 7 130 128 80 85 128 128], 70.0, TPX, 1578486455, 2020-01-08 12:27:35, I07-W0167, 0, 0, -19.6312306721, 135.90105254 
193, 40234, 0.002, [1 100 255 127 127 0 385 7 130 128 80 85 128 128], 70.0, TPX, 1578487621, 2020-01-08 12:47:01, I07-W0167, 0, 0, 53.4879148929, 118.400072492 
194, 40235, 0.002, [1 100 255 127 127 0 385 7 130 128 80 85 128 128], 70.0, TPX, 1578487801, 2020-01-08 12:50:01, I07-W0167, 0, 0, 64.541237346, 111.978451579 
195, 40236, 0.002, [1 100 255 127 127 0 385 7 130 128 80 85 128 128], 70.0, TPX, 1578487981, 2020-01-08 12:53:01, I07-W0167, 0, 0, 75.0851574607, 98.0189519358 
196, 40237, 0.002, [1 100 255 127 127 0 385 7 130 128 80 85 128 128], 70.0, TPX, 1578488161, 2020-01-08 12:56:01, I07-W0167, 0, 0, 82.4958717281, 48.4756147221 
197, 40239, 0.002, [1 100 255 127 127 0 385 7 130 128 80 85 128 128], 70.0, TPX, 1578488521, 2020-01-08 13:02:01, I07-W0167, 0, 0, 67.5591564304, -37.1824740819 
198, 40241, 1.5, [1 100 255 127 127 0 385 7 130 128 80 85 128 128], 70.0, TPX, 1578488883, 2020-01-08 13:08:03, I07-W0167, 0, 0, 45.2514990569, -49.3871854289 
199, 40242, 1.5, [1 100 255 127 127 0 385 7 130 128 80 85 128 128], 70.0, TPX, 1578489063, 2020-01-08 13:11:03, I07-W0167, 0, 0, 33.9703761345, -52.6226494535 
200, 40243, 1.5, [1 100 255 127 127 0 385 7 130 128 80 85 128 128], 70.0, TPX, 1578489423, 2020-01-08 13:17:03, I07-W0167, 0, 0, 11.3103416178, -57.6220439818 
201, 40244, 0.002, [1 100 255 127 127 0 385 7 130 128 80 85 128 128], 70.0, TPX, 1578489601, 2020-01-08 13:20:01, I07-W0167, 0, 0, 0.0896130023736, -59.8271500645 
202, 40246, 0.002, [1 100 255 127 127 0 385 7 130 128 80 85 128 128], 70.0, TPX, 1578489961, 2020-01-08 13:26:01, I07-W0167, 0, 0, -22.5898637145, -64.4080281666 
203, 40247, 0.002, [1 100 255 127 127 0 385 7 130 128 80 85 128 128], 70.0, TPX, 1578490141, 2020-01-08 13:29:01, I07-W0167, 0, 0, -33.9019547145, -67.0502117146 
204, 40248, 0.002, [1 100 255 127 127 0 385 7 130 128 80 85 128 128], 70.0, TPX, 1578490321, 2020-01-08 13:32:01, I07-W0167, 0, 0, -45.1720298059, -70.2777356442 
205, 40249, 0.002, [1 100 255 127 127 0 385 7 130 128 80 85 128 128], 70.0, TPX, 1578490501, 2020-01-08 13:35:01, I07-W0167, 0, 0, -56.3574003062, -74.7394337756 
206, 40250, 0.002, [1 100 255 127 127 0 385 7 130 128 80 85 128 128], 70.0, TPX, 1578490681, 2020-01-08 13:38:01, I07-W0167, 0, 0, -67.3347915464, -82.288438883 
207, 40251, 0.002, [1 100 255 127 127 0 385 7 130 128 80 85 128 128], 70.0, TPX, 1578490861, 2020-01-08 13:41:01, I07-W0167, 0, 0, -77.5494145809, -100.742510358 
208, 40252, 0.002, [1 100 255 127 127 0 385 7 130 128 80 85 128 128], 70.0, TPX, 1578491986, 2020-01-08 13:59:46, I07-W0167, 0, 0, -28.5349491598, 114.236273061 
209, 40253, 1.5, [1 100 255 127 127 0 385 7 130 128 80 85 128 128], 70.0, TPX, 1578492168, 2020-01-08 14:02:48, I07-W0167, 0, 0, -17.1132011802, 111.736130127 
210, 40254, 0.002, [1 100 255 127 127 0 385 7 130 128 80 85 128 128], 70.0, TPX, 1578493258, 2020-01-08 14:20:58, I07-W0167, 0, 0, 51.2602794312, 95.6927875803 
211, 40255, 0.002, [1 100 255 127 127 0 385 7 130 128 80 85 128 128], 70.0, TPX, 1578493618, 2020-01-08 14:26:58, I07-W0167, 0, 0, 73.0691861463, 78.4139594353 
212, 40258, 0.002, [1 100 255 127 127 0 385 7 130 128 80 85 128 128], 70.0, TPX, 1578494158, 2020-01-08 14:35:58, I07-W0167, 0, 0, 69.6949839043, -58.4729216278 
213, 40259, 0.002, [1 100 255 127 127 0 385 7 130 128 80 85 128 128], 70.0, TPX, 1578494338, 2020-01-08 14:38:58, I07-W0167, 0, 0, 58.7884831976, -67.3133379222 
214, 40260, 1.5, [1 100 255 127 127 0 385 7 130 128 80 85 128 128], 70.0, TPX, 1578494520, 2020-01-08 14:42:00, I07-W0167, 0, 0, 47.4936589158, -72.2631350319 
215, 40261, 1.5, [1 100 255 127 127 0 385 7 130 128 80 85 128 128], 70.0, TPX, 1578494700, 2020-01-08 14:45:00, I07-W0167, 0, 0, 36.2242429377, -75.6754565597 
216, 40262, 1.5, [1 100 255 127 127 0 385 7 130 128 80 85 128 128], 70.0, TPX, 1578494880, 2020-01-08 14:48:00, I07-W0167, 0, 0, 24.9095188998, -78.4087411708 
217, 40263, 1.5, [1 100 255 127 127 0 385 7 130 128 80 85 128 128], 70.0, TPX, 1578495060, 2020-01-08 14:51:00, I07-W0167, 0, 0, 13.5725574735, -80.804614437 
218, 40264, 1.5, [1 100 255 127 127 0 385 7 130 128 80 85 128 128], 70.0, TPX, 1578495240, 2020-01-08 14:54:00, I07-W0167, 0, 0, 2.22634989199, -83.0483930507 
219, 40265, 1.5, [1 100 255 127 127 0 385 7 130 128 80 85 128 128], 70.0, TPX, 1578495420, 2020-01-08 14:57:00, I07-W0167, 0, 0, -9.11975480975, -85.2688397383 
220, 40266, 1.5, [1 100 255 127 127 0 385 7 130 128 80 85 128 128], 70.0, TPX, 1578495600, 2020-01-08 15:00:00, I07-W0167, 0, 0, -20.456976637, -87.5867532253 
221, 40267, 0.002, [1 100 255 127 127 0 385 7 130 128 80 85 128 128], 70.0, TPX, 1578495778, 2020-01-08 15:02:58, I07-W0167, 0, 0, -31.6488597228, -90.1265522377 
222, 40268, 0.002, [1 100 255 127 127 0 385 7 130 128 80 85 128 128], 70.0, TPX, 1578496586, 2020-01-08 15:16:26, I07-W0167, 0, 0, -80.0213351733, -135.950598732 
223, 40272, 0.002, [1 100 255 127 127 0 385 7 130 128 80 85 128 128], 70.0, TPX, 1578497306, 2020-01-08 15:28:26, I07-W0167, 0, 0, -50.5760003444, 97.0624112634 
224, 40273, 0.002, [1 100 255 127 127 0 385 7 130 128 80 85 128 128], 70.0, TPX, 1578497486, 2020-01-08 15:31:26, I07-W0167, 0, 0, -39.360553106, 93.3658309228 
225, 40274, 1.5, [1 100 255 127 127 0 385 7 130 128 80 85 128 128], 70.0, TPX, 1578497668, 2020-01-08 15:34:28, I07-W0167, 0, 0, -27.9658253548, 90.4660058092 
226, 40275, 1.5, [1 100 255 127 127 0 385 7 130 128 80 85 128 128], 70.0, TPX, 1578497848, 2020-01-08 15:37:28, I07-W0167, 0, 0, -16.6689998276, 88.0063795573 
227, 40277, 0.002, [1 100 255 127 127 0 385 7 130 128 80 85 128 128], 70.0, TPX, 1578499134, 2020-01-08 15:58:54, I07-W0167, 0, 0, 63.7611341203, 65.304920797 
228, 40278, 0.002, [1 100 255 127 127 0 385 7 130 128 80 85 128 128], 70.0, TPX, 1578499314, 2020-01-08 16:01:54, I07-W0167, 0, 0, 74.3714641643, 52.3001074303 
229, 40281, 0.002, [1 100 255 127 127 0 385 7 130 128 80 85 128 128], 70.0, TPX, 1578499854, 2020-01-08 16:10:54, I07-W0167, 0, 0, 68.3268423722, -83.665855812 
230, 40282, 0.002, [1 100 255 127 127 0 385 7 130 128 80 85 128 128], 70.0, TPX, 1578500034, 2020-01-08 16:13:54, I07-W0167, 0, 0, 57.3668271333, -91.7166612574 
231, 40284, 0.002, [1 100 255 127 127 0 385 7 130 128 80 85 128 128], 70.0, TPX, 1578500394, 2020-01-08 16:19:54, I07-W0167, 0, 0, 34.9018773334, -99.659447261 
232, 40285, 1.5, [1 100 255 127 127 0 385 7 130 128 80 85 128 128], 70.0, TPX, 1578500576, 2020-01-08 16:22:56, I07-W0167, 0, 0, 23.4574377579, -102.367665078 
233, 40286, 1.5, [1 100 255 127 127 0 385 7 130 128 80 85 128 128], 70.0, TPX, 1578500756, 2020-01-08 16:25:56, I07-W0167, 0, 0, 12.1183717795, -104.735507248 
234, 40287, 1.5, [1 100 255 127 127 0 385 7 130 128 80 85 128 128], 70.0, TPX, 1578500936, 2020-01-08 16:28:56, I07-W0167, 0, 0, 0.771386036752, -106.969655295 
235, 40288, 1.5, [1 100 255 127 127 0 385 7 130 128 80 85 128 128], 70.0, TPX, 1578501116, 2020-01-08 16:31:56, I07-W0167, 0, 0, -10.5743733669, -109.195579794 
236, 40291, 0.002, [1 100 255 127 127 0 385 7 130 128 80 85 128 128], 70.0, TPX, 1578501654, 2020-01-08 16:40:54, I07-W0167, 0, 0, -44.3728259561, -117.293663809 
237, 40294, 0.002, [1 100 255 127 127 0 385 7 130 128 80 85 128 128], 70.0, TPX, 1578502841, 2020-01-08 17:00:41, I07-W0167, 0, 0, -59.0932462383, 77.4071622311 
238, 40297, 1.5, [1 100 255 127 127 0 385 7 130 128 80 85 128 128], 70.0, TPX, 1578503383, 2020-01-08 17:09:43, I07-W0167, 0, 0, -25.325508156, 66.2266001839 
239, 40298, 1.5, [1 100 255 127 127 0 385 7 130 128 80 85 128 128], 70.0, TPX, 1578503563, 2020-01-08 17:12:43, I07-W0167, 0, 0, -14.0245956144, 63.8270727665 
240, 40299, 1.5, [1 100 255 127 127 0 385 7 130 128 80 85 128 128], 70.0, TPX, 1578503743, 2020-01-08 17:15:43, I07-W0167, 0, 0, -2.71210696928, 61.5842503792 
241, 40300, 1.5, [1 100 255 127 127 0 385 7 130 128 80 85 128 128], 70.0, TPX, 1578503923, 2020-01-08 17:18:43, I07-W0167, 0, 0, 8.60394148502, 59.3692200317 
242, 40301, 1.5, [1 100 255 127 127 0 385 7 130 128 80 85 128 128], 70.0, TPX, 1578504103, 2020-01-08 17:21:43, I07-W0167, 0, 0, 19.9160615133, 57.0624602436 
243, 40302, 1.5, [1 100 255 127 127 0 385 7 130 128 80 85 128 128], 70.0, TPX, 1578504283, 2020-01-08 17:24:43, I07-W0167, 0, 0, 31.2146338614, 54.5122588531 
244, 40303, 1.5, [1 100 255 127 127 0 385 7 130 128 80 85 128 128], 70.0, TPX, 1578504642, 2020-01-08 17:30:42, I07-W0167, 0, 0, 53.6266223745, 47.4265181562 
245, 40308, 0.002, [1 100 255 127 127 0 385 7 130 128 80 85 128 128], 70.0, TPX, 1578505541, 2020-01-08 17:45:41, I07-W0167, 0, 0, 67.4843385382, -108.170607456 
246, 40309, 0.002, [1 100 255 127 127 0 385 7 130 128 80 85 128 128], 70.0, TPX, 1578505721, 2020-01-08 17:48:41, I07-W0167, 0, 0, 56.4957116369, -115.797224003 
247, 40310, 0.002, [1 100 255 127 127 0 385 7 130 128 80 85 128 128], 70.0, TPX, 1578505901, 2020-01-08 17:51:41, I07-W0167, 0, 0, 45.2975652677, -120.285286665 
248, 40312, 0.002, [1 100 255 127 127 0 385 7 130 128 80 85 128 128], 70.0, TPX, 1578507850, 2020-01-08 18:24:10, I07-W0167, 0, 0, -75.9885865821, -166.923238991 
249, 40315, 0.002, [1 100 255 127 127 0 385 7 130 128 80 85 128 128], 70.0, TPX, 1578508390, 2020-01-08 18:33:10, I07-W0167, 0, 0, -66.6241240237, 59.193465604 
250, 40316, 0.002, [1 100 255 127 127 0 385 7 130 128 80 85 128 128], 70.0, TPX, 1578508570, 2020-01-08 18:36:10, I07-W0167, 0, 0, -55.6396464623, 51.9714114067 
251, 40319, 1.5, [1 100 255 127 127 0 385 7 130 128 80 85 128 128], 70.0, TPX, 1578509112, 2020-01-08 18:45:12, I07-W0167, 0, 0, -21.8052662243, 41.8148825462 
252, 40320, 1.5, [1 100 255 127 127 0 385 7 130 128 80 85 128 128], 70.0, TPX, 1578509292, 2020-01-08 18:48:12, I07-W0167, 0, 0, -10.4998218521, 39.4802931524 
253, 40321, 1.5, [1 100 255 127 127 0 385 7 130 128 80 85 128 128], 70.0, TPX, 1578509472, 2020-01-08 18:51:12, I07-W0167, 0, 0, 0.814496963488, 37.2587502194 
254, 40324, 1.5, [1 100 255 127 127 0 385 7 130 128 80 85 128 128], 70.0, TPX, 1578510013, 2020-01-08 19:00:13, I07-W0167, 0, 0, 34.7933763634, 29.9790697162 
255, 40327, 0.002, [1 100 255 127 127 0 385 7 130 128 80 85 128 128], 70.0, TPX, 1578510550, 2020-01-08 19:09:10, I07-W0167, 0, 0, 67.9909609897, 14.3069496582 
256, 40329, 0.002, [1 100 255 127 127 0 385 7 130 128 80 85 128 128], 70.0, TPX, 1578511270, 2020-01-08 19:21:10, I07-W0167, 0, 0, 64.0981902954, -134.760807099 
257, 40330, 0.002, [1 100 255 127 127 0 385 7 130 128 80 85 128 128], 70.0, TPX, 1578511450, 2020-01-08 19:24:10, I07-W0167, 0, 0, 53.0191351045, -141.038242719 
258, 40331, 0.002, [1 100 255 127 127 0 385 7 130 128 80 85 128 128], 70.0, TPX, 1578511630, 2020-01-08 19:27:10, I07-W0167, 0, 0, 41.7874661669, -145.023931307 
259, 40332, 0.002, [1 100 255 127 127 0 385 7 130 128 80 85 128 128], 70.0, TPX, 1578511810, 2020-01-08 19:30:10, I07-W0167, 0, 0, 30.4906303944, -148.032465712 
260, 40333, 1.5, [1 100 255 127 127 0 385 7 130 128 80 85 128 128], 70.0, TPX, 1578511992, 2020-01-08 19:33:12, I07-W0167, 0, 0, 19.0361470257, -150.591737593 
261, 40334, 1.5, [1 100 255 127 127 0 385 7 130 128 80 85 128 128], 70.0, TPX, 1578512172, 2020-01-08 19:36:12, I07-W0167, 0, 0, 7.69263117909, -152.890669985 
262, 40335, 1.5, [1 100 255 127 127 0 385 7 130 128 80 85 128 128], 70.0, TPX, 1578512352, 2020-01-08 19:39:12, I07-W0167, 0, 0, -3.65502760413, -155.107722068 
263, 40336, 1.5, [1 100 255 127 127 0 385 7 130 128 80 85 128 128], 70.0, TPX, 1578512532, 2020-01-08 19:42:12, I07-W0167, 0, 0, -14.9980674719, -157.362558758 
264, 40338, 0.002, [1 100 255 127 127 0 385 7 130 128 80 85 128 128], 70.0, TPX, 1578513479, 2020-01-08 19:57:59, I07-W0167, 0, 0, -73.5590404834, 174.811738651 
265, 40340, 0.002, [1 100 255 127 127 0 385 7 130 128 80 85 128 128], 70.0, TPX, 1578513839, 2020-01-08 20:03:59, I07-W0167, 0, 0, -79.1134869195, 61.167574689 
266, 40341, 0.002, [1 100 255 127 127 0 385 7 130 128 80 85 128 128], 70.0, TPX, 1578514019, 2020-01-08 20:06:59, I07-W0167, 0, 0, -69.2395878717, 38.2630578198 
267, 40342, 0.002, [1 100 255 127 127 0 385 7 130 128 80 85 128 128], 70.0, TPX, 1578514199, 2020-01-08 20:09:59, I07-W0167, 0, 0, -58.3434349015, 29.7148165274 
268, 40343, 0.002, [1 100 255 127 127 0 385 7 130 128 80 85 128 128], 70.0, TPX, 1578514379, 2020-01-08 20:12:59, I07-W0167, 0, 0, -47.2005857438, 24.9059245127 
269, 40344, 0.002, [1 100 255 127 127 0 385 7 130 128 80 85 128 128], 70.0, TPX, 1578514559, 2020-01-08 20:15:59, I07-W0167, 0, 0, -35.9648562587, 21.5252984778 
270, 40345, 0.002, [1 100 255 127 127 0 385 7 130 128 80 85 128 128], 70.0, TPX, 1578514739, 2020-01-08 20:18:59, I07-W0167, 0, 0, -24.685613346, 18.8083943678 
271, 40347, 1.5, [1 100 255 127 127 0 385 7 130 128 80 85 128 128], 70.0, TPX, 1578515101, 2020-01-08 20:25:01, I07-W0167, 0, 0, -1.94546135062, 14.1593296335 
272, 40348, 1.5, [1 100 255 127 127 0 385 7 130 128 80 85 128 128], 70.0, TPX, 1578515281, 2020-01-08 20:28:01, I07-W0167, 0, 0, 9.37045519565, 11.9419940971 
273, 40349, 1.5, [1 100 255 127 127 0 385 7 130 128 80 85 128 128], 70.0, TPX, 1578515461, 2020-01-08 20:31:01, I07-W0167, 0, 0, 20.6819220871, 9.62419160064 
274, 40350, 1.5, [1 100 255 127 127 0 385 7 130 128 80 85 128 128], 70.0, TPX, 1578515641, 2020-01-08 20:34:01, I07-W0167, 0, 0, 31.9790583879, 7.05013492074 
275, 40351, 1.5, [1 100 255 127 127 0 385 7 130 128 80 85 128 128], 70.0, TPX, 1578515821, 2020-01-08 20:37:01, I07-W0167, 0, 0, 43.2449875545, 3.95669315407 
276, 40353, 0.002, [1 100 255 127 127 0 385 7 130 128 80 85 128 128], 70.0, TPX, 1578516179, 2020-01-08 20:42:59, I07-W0167, 0, 0, 65.3539205741, -6.8723732712 
277, 40357, 0.002, [1 100 255 127 127 0 385 7 130 128 80 85 128 128], 70.0, TPX, 1578516899, 2020-01-08 20:54:59, I07-W0167, 0, 0, 66.7522173914, -156.151224709 
278, 40359, 0.002, [1 100 255 127 127 0 385 7 130 128 80 85 128 128], 70.0, TPX, 1578517259, 2020-01-08 21:00:59, I07-W0167, 0, 0, 44.5344794583, -167.808854979 
279, 40360, 0.002, [1 100 255 127 127 0 385 7 130 128 80 85 128 128], 70.0, TPX, 1578517439, 2020-01-08 21:03:59, I07-W0167, 0, 0, 33.2492925734, -170.993130151 
280, 40361, 0.002, [1 100 255 127 127 0 385 7 130 128 80 85 128 128], 70.0, TPX, 1578517619, 2020-01-08 21:06:59, I07-W0167, 0, 0, 21.926502082, -173.613627848 
281, 40362, 1.5, [1 100 255 127 127 0 385 7 130 128 80 85 128 128], 70.0, TPX, 1578517801, 2020-01-08 21:10:01, I07-W0167, 0, 0, 10.4594554341, -175.980069829 
282, 40363, 1.5, [1 100 255 127 127 0 385 7 130 128 80 85 128 128], 70.0, TPX, 1578517981, 2020-01-08 21:13:01, I07-W0167, 0, 0, -0.888093959333, -178.205714291 
283, 40364, 1.5, [1 100 255 127 127 0 385 7 130 128 80 85 128 128], 70.0, TPX, 1578518161, 2020-01-08 21:16:01, I07-W0167, 0, 0, -12.2331189576, 179.559703671 
284, 40365, 1.5, [1 100 255 127 127 0 385 7 130 128 80 85 128 128], 70.0, TPX, 1578518341, 2020-01-08 21:19:01, I07-W0167, 0, 0, -23.5665449072, 177.190597916 
285, 40369, 0.002, [1 100 255 127 127 0 385 7 130 128 80 85 128 128], 70.0, TPX, 1578519662, 2020-01-08 21:41:02, I07-W0167, 0, 0, -70.995158224, 16.8448328025 
286, 40370, 0.002, [1 100 255 127 127 0 385 7 130 128 80 85 128 128], 70.0, TPX, 1578519842, 2020-01-08 21:44:02, I07-W0167, 0, 0, -60.1775865802, 7.12797645227 
287, 40371, 0.002, [1 100 255 127 127 0 385 7 130 128 80 85 128 128], 70.0, TPX, 1578520022, 2020-01-08 21:47:02, I07-W0167, 0, 0, -49.0598247074, 1.93584551148 
288, 40372, 0.002, [1 100 255 127 127 0 385 7 130 128 80 85 128 128], 70.0, TPX, 1578520202, 2020-01-08 21:50:02, I07-W0167, 0, 0, -37.8349005815, -1.60955926403 
289, 40373, 0.002, [1 100 255 127 127 0 385 7 130 128 80 85 128 128], 70.0, TPX, 1578520382, 2020-01-08 21:53:02, I07-W0167, 0, 0, -26.5610910843, -4.40715779015 
290, 40374, 1.5, [1 100 255 127 127 0 385 7 130 128 80 85 128 128], 70.0, TPX, 1578520564, 2020-01-08 21:56:04, I07-W0167, 0, 0, -15.1366520102, -6.85917691884 
291, 40375, 1.5, [1 100 255 127 127 0 385 7 130 128 80 85 128 128], 70.0, TPX, 1578520744, 2020-01-08 21:59:04, I07-W0167, 0, 0, -3.82512450076, -9.11117523838 
292, 40376, 1.5, [1 100 255 127 127 0 385 7 130 128 80 85 128 128], 70.0, TPX, 1578520924, 2020-01-08 22:02:04, I07-W0167, 0, 0, 7.49072310329, -11.323761232 
293, 40377, 1.5, [1 100 255 127 127 0 385 7 130 128 80 85 128 128], 70.0, TPX, 1578521104, 2020-01-08 22:05:04, I07-W0167, 0, 0, 18.8034680939, -13.6156482831 
294, 40378, 1.5, [1 100 255 127 127 0 385 7 130 128 80 85 128 128], 70.0, TPX, 1578521284, 2020-01-08 22:08:04, I07-W0167, 0, 0, 30.1038504421, -16.1331202609 
295, 40379, 1.5, [1 100 255 127 127 0 385 7 130 128 80 85 128 128], 70.0, TPX, 1578521464, 2020-01-08 22:11:04, I07-W0167, 0, 0, 41.3766815148, -19.1135006256 
296, 40380, 1.5, [1 100 255 127 127 0 385 7 130 128 80 85 128 128], 70.0, TPX, 1578521644, 2020-01-08 22:14:04, I07-W0167, 0, 0, 52.590605621, -23.0411770016 
297, 40381, 0.002, [1 100 255 127 127 0 385 7 130 128 80 85 128 128], 70.0, TPX, 1578521822, 2020-01-08 22:17:02, I07-W0167, 0, 0, 63.5413796139, -29.0819243688 
298, 40385, 0.002, [1 100 255 127 127 0 385 7 130 128 80 85 128 128], 70.0, TPX, 1578522542, 2020-01-08 22:29:02, I07-W0167, 0, 0, 68.5413171423, -177.985304086 
299, 40386, 0.002, [1 100 255 127 127 0 385 7 130 128 80 85 128 128], 70.0, TPX, 1578522722, 2020-01-08 22:32:02, I07-W0167, 0, 0, 57.5887194889, 173.848695639 
300, 40387, 0.002, [1 100 255 127 127 0 385 7 130 128 80 85 128 128], 70.0, TPX, 1578522902, 2020-01-08 22:35:02, I07-W0167, 0, 0, 46.4028879508, 169.171423077 
301, 40388, 0.002, [1 100 255 127 127 0 385 7 130 128 80 85 128 128], 70.0, TPX, 1578523082, 2020-01-08 22:38:02, I07-W0167, 0, 0, 35.1268705948, 165.848385782 
302, 40390, 1.5, [1 100 255 127 127 0 385 7 130 128 80 85 128 128], 70.0, TPX, 1578523444, 2020-01-08 22:44:04, I07-W0167, 0, 0, 12.3435409183, 160.759321115 
303, 40391, 1.5, [1 100 255 127 127 0 385 7 130 128 80 85 128 128], 70.0, TPX, 1578523624, 2020-01-08 22:47:04, I07-W0167, 0, 0, 0.996338263676, 158.523786539 
304, 40392, 1.5, [1 100 255 127 127 0 385 7 130 128 80 85 128 128], 70.0, TPX, 1578523804, 2020-01-08 22:50:04, I07-W0167, 0, 0, -10.3497583272, 156.298797776 
305, 40393, 0.002, [1 100 255 127 127 0 385 7 130 128 80 85 128 128], 70.0, TPX, 1578524559, 2020-01-08 23:02:39, I07-W0167, 0, 0, -57.6309437183, 142.785569033 
306, 40396, 0.002, [1 100 255 127 127 0 385 7 130 128 80 85 128 128], 70.0, TPX, 1578525099, 2020-01-08 23:11:39, I07-W0167, 0, 0, -82.2116060851, 42.4508073088 
307, 40397, 0.002, [1 100 255 127 127 0 385 7 130 128 80 85 128 128], 70.0, TPX, 1578525279, 2020-01-08 23:14:39, I07-W0167, 0, 0, -74.1949447554, -1.45912605512 
308, 40398, 0.002, [1 100 255 127 127 0 385 7 130 128 80 85 128 128], 70.0, TPX, 1578525459, 2020-01-08 23:17:39, I07-W0167, 0, 0, -63.5863632398, -14.2342431483 
309, 40399, 0.002, [1 100 255 127 127 0 385 7 130 128 80 85 128 128], 70.0, TPX, 1578525639, 2020-01-08 23:20:39, I07-W0167, 0, 0, -52.5282323335, -20.3355956378 
310, 40400, 0.002, [1 100 255 127 127 0 385 7 130 128 80 85 128 128], 70.0, TPX, 1578525819, 2020-01-08 23:23:39, I07-W0167, 0, 0, -41.3275417188, -24.252536664 
311, 40401, 0.002, [1 100 255 127 127 0 385 7 130 128 80 85 128 128], 70.0, TPX, 1578525999, 2020-01-08 23:26:39, I07-W0167, 0, 0, -30.0655399111, -27.2282246887 
312, 40402, 0.002, [1 100 255 127 127 0 385 7 130 128 80 85 128 128], 70.0, TPX, 1578526179, 2020-01-08 23:29:39, I07-W0167, 0, 0, -18.7729251955, -29.7434828314 
313, 40403, 1.5, [1 100 255 127 127 0 385 7 130 128 80 85 128 128], 70.0, TPX, 1578526361, 2020-01-08 23:32:41, I07-W0167, 0, 0, -7.33878896032, -32.0592004126 
314, 40404, 1.5, [1 100 255 127 127 0 385 7 130 128 80 85 128 128], 70.0, TPX, 1578526541, 2020-01-08 23:35:41, I07-W0167, 0, 0, 3.97643709652, -34.2714645335 
315, 40405, 1.5, [1 100 255 127 127 0 385 7 130 128 80 85 128 128], 70.0, TPX, 1578526721, 2020-01-08 23:38:41, I07-W0167, 0, 0, 15.2909459835, -36.525235714 
316, 40406, 1.5, [1 100 255 127 127 0 385 7 130 128 80 85 128 128], 70.0, TPX, 1578526901, 2020-01-08 23:41:41, I07-W0167, 0, 0, 26.5963690113, -38.953272341 
317, 40407, 1.5, [1 100 255 127 127 0 385 7 130 128 80 85 128 128], 70.0, TPX, 1578527261, 2020-01-08 23:47:41, I07-W0167, 0, 0, 49.1174441832, -45.3080700986 
318, 40408, 0.002, [1 100 255 127 127 0 385 7 130 128 80 85 128 128], 70.0, TPX, 1578527439, 2020-01-08 23:50:39, I07-W0167, 0, 0, 60.1266538596, -50.447230788 
319, 40412, 0.002, [1 100 255 127 127 0 385 7 130 128 80 85 128 128], 70.0, TPX, 1578528159, 2020-01-09 00:02:39, I07-W0167, 0, 0, 71.8288852649, 162.583473397 
320, 40413, 0.002, [1 100 255 127 127 0 385 7 130 128 80 85 128 128], 70.0, TPX, 1578528339, 2020-01-09 00:05:39, I07-W0167, 0, 0, 61.0273645657, 152.189277859 
321, 40414, 0.002, [1 100 255 127 127 0 385 7 130 128 80 85 128 128], 70.0, TPX, 1578528519, 2020-01-09 00:08:39, I07-W0167, 0, 0, 49.889713182, 146.78674849 
322, 40415, 1.5, [1 100 255 127 127 0 385 7 130 128 80 85 128 128], 70.0, TPX, 1578528701, 2020-01-09 00:11:41, I07-W0167, 0, 0, 38.5088934034, 143.118185585 
323, 40416, 1.5, [1 100 255 127 127 0 385 7 130 128 80 85 128 128], 70.0, TPX, 1578529241, 2020-01-09 00:20:41, I07-W0167, 0, 0, 4.51995153409, 135.573736214 
324, 40417, 1.5, [1 100 255 127 127 0 385 7 130 128 80 85 128 128], 70.0, TPX, 1578529421, 2020-01-09 00:23:41, I07-W0167, 0, 0, -6.82746776562, 133.357968206 
325, 40418, 0.002, [1 100 255 127 127 0 385 7 130 128 80 85 128 128], 70.0, TPX, 1578530130, 2020-01-09 00:35:30, I07-W0167, 0, 0, -51.3239606999, 122.034935243 
326, 40422, 0.002, [1 100 255 127 127 0 385 7 130 128 80 85 128 128], 70.0, TPX, 1578530850, 2020-01-09 00:47:30, I07-W0167, 0, 0, -79.4669560392, -7.91460635067 
327, 40423, 0.002, [1 100 255 127 127 0 385 7 130 128 80 85 128 128], 70.0, TPX, 1578531030, 2020-01-09 00:50:30, I07-W0167, 0, 0, -69.6927914136, -32.1128959447 
328, 40424, 0.002, [1 100 255 127 127 0 385 7 130 128 80 85 128 128], 70.0, TPX, 1578531210, 2020-01-09 00:53:30, I07-W0167, 0, 0, -58.8153804825, -40.9373637474 
329, 40425, 0.002, [1 100 255 127 127 0 385 7 130 128 80 85 128 128], 70.0, TPX, 1578531390, 2020-01-09 00:56:30, I07-W0167, 0, 0, -47.6788355894, -45.8389977782 
330, 40426, 0.002, [1 100 255 127 127 0 385 7 130 128 80 85 128 128], 70.0, TPX, 1578531750, 2020-01-09 01:02:30, I07-W0167, 0, 0, -25.1683233051, -51.9967377482 
331, 40427, 0.002, [1 100 255 127 127 0 385 7 130 128 80 85 128 128], 70.0, TPX, 1578531930, 2020-01-09 01:05:30, I07-W0167, 0, 0, -13.8675704191, -54.3929559389 
332, 40428, 1.5, [1 100 255 127 127 0 385 7 130 128 80 85 128 128], 70.0, TPX, 1578532112, 2020-01-09 01:08:32, I07-W0167, 0, 0, -2.42959711176, -56.6590795165 
333, 40431, 1.5, [1 100 255 127 127 0 385 7 130 128 80 85 128 128], 70.0, TPX, 1578532652, 2020-01-09 01:17:32, I07-W0167, 0, 0, 31.4958259193, -63.7444138172 
334, 40432, 1.5, [1 100 255 127 127 0 385 7 130 128 80 85 128 128], 70.0, TPX, 1578532832, 2020-01-09 01:20:32, I07-W0167, 0, 0, 42.7635992369, -66.8074258104 
335, 40433, 0.002, [1 100 255 127 127 0 385 7 130 128 80 85 128 128], 70.0, TPX, 1578533190, 2020-01-09 01:26:30, I07-W0167, 0, 0, 64.8879582388, -77.4004959664 
336, 40436, 0.002, [1 100 255 127 127 0 385 7 130 128 80 85 128 128], 70.0, TPX, 1578533730, 2020-01-09 01:35:30, I07-W0167, 0, 0, 77.4609568009, 151.640021367 
337, 40437, 0.002, [1 100 255 127 127 0 385 7 130 128 80 85 128 128], 70.0, TPX, 1578533910, 2020-01-09 01:38:30, I07-W0167, 0, 0, 67.214218217, 133.376095528 
338, 40438, 0.002, [1 100 255 127 127 0 385 7 130 128 80 85 128 128], 70.0, TPX, 1578534090, 2020-01-09 01:41:30, I07-W0167, 0, 0, 56.216613032, 125.876616122 
339, 40439, 0.002, [1 100 255 127 127 0 385 7 130 128 80 85 128 128], 70.0, TPX, 1578534270, 2020-01-09 01:44:30, I07-W0167, 0, 0, 45.0149832663, 121.434056181 
340, 40440, 1.5, [1 100 255 127 127 0 385 7 130 128 80 85 128 128], 70.0, TPX, 1578534452, 2020-01-09 01:47:32, I07-W0167, 0, 0, 33.6061665424, 118.183897005 
341, 40441, 1.5, [1 100 255 127 127 0 385 7 130 128 80 85 128 128], 70.0, TPX, 1578534632, 2020-01-09 01:50:32, I07-W0167, 0, 0, 22.2839480794, 115.550900061 
342, 40442, 1.5, [1 100 255 127 127 0 385 7 130 128 80 85 128 128], 70.0, TPX, 1578534812, 2020-01-09 01:53:32, I07-W0167, 0, 0, 10.9431028367, 113.203609931 
343, 40443, 0.002, [1 100 255 127 127 0 385 7 130 128 80 85 128 128], 70.0, TPX, 1578535826, 2020-01-09 02:10:26, I07-W0167, 0, 0, -52.7589492934, 97.8060071281 
344, 40446, 0.002, [1 100 255 127 127 0 385 7 130 128 80 85 128 128], 70.0, TPX, 1578536546, 2020-01-09 02:22:26, I07-W0167, 0, 0, -78.3738525645, -36.7294447098 
345, 40447, 0.002, [1 100 255 127 127 0 385 7 130 128 80 85 128 128], 70.0, TPX, 1578536726, 2020-01-09 02:25:26, I07-W0167, 0, 0, -68.3246635419, -57.3049114685 
346, 40448, 0.002, [1 100 255 127 127 0 385 7 130 128 80 85 128 128], 70.0, TPX, 1578536906, 2020-01-09 02:28:26, I07-W0167, 0, 0, -57.3946601542, -65.3409637053 
347, 40449, 0.002, [1 100 255 127 127 0 385 7 130 128 80 85 128 128], 70.0, TPX, 1578537086, 2020-01-09 02:31:26, I07-W0167, 0, 0, -46.2407119391, -69.9741132451 
348, 40450, 0.002, [1 100 255 127 127 0 385 7 130 128 80 85 128 128], 70.0, TPX, 1578537266, 2020-01-09 02:34:26, I07-W0167, 0, 0, -35.0002935292, -73.277397633 
349, 40451, 0.002, [1 100 255 127 127 0 385 7 130 128 80 85 128 128], 70.0, TPX, 1578537446, 2020-01-09 02:37:26, I07-W0167, 0, 0, -23.7188444653, -75.9560953723 
350, 40453, 0.002, [1 100 255 127 127 0 385 7 130 128 80 85 128 128], 70.0, TPX, 1578538500, 2020-01-09 02:55:00, I07-W0167, 0, 0, 42.4574394225, -90.3513815745 
351, 40454, 0.002, [1 100 255 127 127 0 385 7 130 128 80 85 128 128], 70.0, TPX, 1578538680, 2020-01-09 02:58:00, I07-W0167, 0, 0, 53.6627848111, -94.4152143566 
352, 40455, 0.002, [1 100 255 127 127 0 385 7 130 128 80 85 128 128], 70.0, TPX, 1578538860, 2020-01-09 03:01:00, I07-W0167, 0, 0, 64.7123677356, -100.896449161 
353, 40458, 0.002, [1 100 255 127 127 0 385 7 130 128 80 85 128 128], 70.0, TPX, 1578539400, 2020-01-09 03:10:00, I07-W0167, 0, 0, 77.6093631512, 128.518724538 
354, 40459, 0.002, [1 100 255 127 127 0 385 7 130 128 80 85 128 128], 70.0, TPX, 1578539580, 2020-01-09 03:13:00, I07-W0167, 0, 0, 67.3878621162, 109.908269053 
355, 40460, 0.002, [1 100 255 127 127 0 385 7 130 128 80 85 128 128], 70.0, TPX, 1578539760, 2020-01-09 03:16:00, I07-W0167, 0, 0, 56.3956391203, 102.327366962 
356, 40462, 1.5, [1 100 255 127 127 0 385 7 130 128 80 85 128 128], 70.0, TPX, 1578540122, 2020-01-09 03:22:02, I07-W0167, 0, 0, 33.7878324988, 94.5922528598 
357, 40463, 1.5, [1 100 255 127 127 0 385 7 130 128 80 85 128 128], 70.0, TPX, 1578540302, 2020-01-09 03:25:02, I07-W0167, 0, 0, 22.4659589604, 91.9527808969 
358, 40464, 1.5, [1 100 255 127 127 0 385 7 130 128 80 85 128 128], 70.0, TPX, 1578540482, 2020-01-09 03:28:02, I07-W0167, 0, 0, 11.1252298309, 89.6024035208 
359, 40465, 1.5, [1 100 255 127 127 0 385 7 130 128 80 85 128 128], 70.0, TPX, 1578540662, 2020-01-09 03:31:02, I07-W0167, 0, 0, -0.22247312172, 87.3736103421 
360, 40466, 0.002, [1 100 255 127 127 0 385 7 130 128 80 85 128 128], 70.0, TPX, 1578541448, 2020-01-09 03:44:08, I07-W0167, 0, 0, -49.5969166327, 75.4309494478 
361, 40467, 0.002, [1 100 255 127 127 0 385 7 130 128 80 85 128 128], 70.0, TPX, 1578541628, 2020-01-09 03:47:08, I07-W0167, 0, 0, -60.7240153741, 70.1065164622 
362, 40468, 0.002, [1 100 255 127 127 0 385 7 130 128 80 85 128 128], 70.0, TPX, 1578541808, 2020-01-09 03:50:08, I07-W0167, 0, 0, -71.5256180356, 59.9715539239 
363, 40469, 0.002, [1 100 255 127 127 0 385 7 130 128 80 85 128 128], 70.0, TPX, 1578541988, 2020-01-09 03:53:08, I07-W0167, 0, 0, -80.7888503604, 29.3551626715 
364, 40470, 0.002, [1 100 255 127 127 0 385 7 130 128 80 85 128 128], 70.0, TPX, 1578542168, 2020-01-09 03:56:08, I07-W0167, 0, 0, -80.6471580861, -47.4883177078 
365, 40471, 0.002, [1 100 255 127 127 0 385 7 130 128 80 85 128 128], 70.0, TPX, 1578542348, 2020-01-09 03:59:08, I07-W0167, 0, 0, -71.3191482472, -77.2507440689 
366, 40472, 0.002, [1 100 255 127 127 0 385 7 130 128 80 85 128 128], 70.0, TPX, 1578542528, 2020-01-09 04:02:08, I07-W0167, 0, 0, -60.5186247556, -87.2151226326 
367, 40473, 0.002, [1 100 255 127 127 0 385 7 130 128 80 85 128 128], 70.0, TPX, 1578542708, 2020-01-09 04:05:08, I07-W0167, 0, 0, -49.4063202039, -92.4855766333 
368, 40474, 0.002, [1 100 255 127 127 0 385 7 130 128 80 85 128 128], 70.0, TPX, 1578542888, 2020-01-09 04:08:08, I07-W0167, 0, 0, -38.1838925122, -96.0640288522 
369, 40475, 0.002, [1 100 255 127 127 0 385 7 130 128 80 85 128 128], 70.0, TPX, 1578543068, 2020-01-09 04:11:08, I07-W0167, 0, 0, -26.9114866188, -98.8776842993 
370, 40476, 1.5, [1 100 255 127 127 0 385 7 130 128 80 85 128 128], 70.0, TPX, 1578543250, 2020-01-09 04:14:10, I07-W0167, 0, 0, -15.4879235165, -101.337734023 
371, 40477, 1.5, [1 100 255 127 127 0 385 7 130 128 80 85 128 128], 70.0, TPX, 1578543430, 2020-01-09 04:17:10, I07-W0167, 0, 0, -4.1769270543, -103.592864411 
372, 40478, 1.5, [1 100 255 127 127 0 385 7 130 128 80 85 128 128], 70.0, TPX, 1578543610, 2020-01-09 04:20:10, I07-W0167, 0, 0, 7.13866740587, -105.804882645 
373, 40480, 0.002, [1 100 255 127 127 0 385 7 130 128 80 85 128 128], 70.0, TPX, 1578543968, 2020-01-09 04:26:08, I07-W0167, 0, 0, 29.6268505211, -110.570121213 
374, 40486, 0.002, [1 100 255 127 127 0 385 7 130 128 80 85 128 128], 70.0, TPX, 1578547268, 2020-01-09 05:21:08, I07-W0167, 0, 0, -58.7054076067, 47.6542981348 
375, 40487, 0.002, [1 100 255 127 127 0 385 7 130 128 80 85 128 128], 70.0, TPX, 1578547448, 2020-01-09 05:24:08, I07-W0167, 0, 0, -69.5997847277, 38.8814733924 
376, 40488, 0.002, [1 100 255 127 127 0 385 7 130 128 80 85 128 128], 70.0, TPX, 1578547628, 2020-01-09 05:27:08, I07-W0167, 0, 0, -79.4004368268, 14.9293728444 
377, 40490, 0.002, [1 100 255 127 127 0 385 7 130 128 80 85 128 128], 70.0, TPX, 1578547988, 2020-01-09 05:33:08, I07-W0167, 0, 0, -73.2108989112, -97.875292567 
378, 40491, 0.002, [1 100 255 127 127 0 385 7 130 128 80 85 128 128], 70.0, TPX, 1578548168, 2020-01-09 05:36:08, I07-W0167, 0, 0, -62.5264749751, -109.544260951 
379, 40492, 0.002, [1 100 255 127 127 0 385 7 130 128 80 85 128 128], 70.0, TPX, 1578548348, 2020-01-09 05:39:08, I07-W0167, 0, 0, -51.4480003503, -115.330325932 
380, 40493, 0.002, [1 100 255 127 127 0 385 7 130 128 80 85 128 128], 70.0, TPX, 1578548528, 2020-01-09 05:42:08, I07-W0167, 0, 0, -40.2394755087, -119.121326808 
381, 40494, 0.002, [1 100 255 127 127 0 385 7 130 128 80 85 128 128], 70.0, TPX, 1578548708, 2020-01-09 05:45:08, I07-W0167, 0, 0, -28.9738980969, -122.037271168 
382, 40495, 1.5, [1 100 255 127 127 0 385 7 130 128 80 85 128 128], 70.0, TPX, 1578548890, 2020-01-09 05:48:10, I07-W0167, 0, 0, -17.5539635326, -124.548759046 
383, 40496, 1.5, [1 100 255 127 127 0 385 7 130 128 80 85 128 128], 70.0, TPX, 1578549070, 2020-01-09 05:51:10, I07-W0167, 0, 0, -6.24470108468, -126.82504253 
384, 40497, 1.5, [1 100 255 127 127 0 385 7 130 128 80 85 128 128], 70.0, TPX, 1578549250, 2020-01-09 05:54:10, I07-W0167, 0, 0, 5.07053863254, -129.03617967 
385, 40501, 0.002, [1 100 255 127 127 0 385 7 130 128 80 85 128 128], 70.0, TPX, 1578549968, 2020-01-09 06:06:08, I07-W0167, 0, 0, 50.0751767236, -140.219576246 
386, 40502, 0.002, [1 100 255 127 127 0 385 7 130 128 80 85 128 128], 70.0, TPX, 1578550148, 2020-01-09 06:09:08, I07-W0167, 0, 0, 61.1926278228, -145.657390371 
387, 40506, 0.002, [1 100 255 127 127 0 385 7 130 128 80 85 128 128], 70.0, TPX, 1578550868, 2020-01-09 06:21:08, I07-W0167, 0, 0, 70.8143494563, 66.5826101339 
388, 40507, 0.002, [1 100 255 127 127 0 385 7 130 128 80 85 128 128], 70.0, TPX, 1578551048, 2020-01-09 06:24:08, I07-W0167, 0, 0, 59.9582828664, 56.9836740115 
389, 40508, 1.5, [1 100 255 127 127 0 385 7 130 128 80 85 128 128], 70.0, TPX, 1578551230, 2020-01-09 06:27:10, I07-W0167, 0, 0, 48.6789494536, 51.784967733 
390, 40509, 1.5, [1 100 255 127 127 0 385 7 130 128 80 85 128 128], 70.0, TPX, 1578551399, 2020-01-09 06:29:59, I07-W0167, 0, 0, 38.1055195066, 48.456261381 
391, 40511, 0.002, [1 100 255 127 127 0 385 7 130 128 80 85 128 128], 70.0, TPX, 1578552968, 2020-01-09 06:56:08, I07-W0167, 0, 0, -60.3703959903, 23.048738021 
392, 40512, 0.002, [1 100 255 127 127 0 385 7 130 128 80 85 128 128], 70.0, TPX, 1578553148, 2020-01-09 06:59:08, I07-W0167, 0, 0, -71.1899825399, 13.1778075442 
393, 40513, 0.002, [1 100 255 127 127 0 385 7 130 128 80 85 128 128], 70.0, TPX, 1578553328, 2020-01-09 07:02:08, I07-W0167, 0, 0, -80.5634541178, -16.1153276181 
394, 40515, 0.002, [1 100 255 127 127 0 385 7 130 128 80 85 128 128], 70.0, TPX, 1578553688, 2020-01-09 07:08:08, I07-W0167, 0, 0, -71.654421743, -124.038229726 
395, 40516, 0.002, [1 100 255 127 127 0 385 7 130 128 80 85 128 128], 70.0, TPX, 1578553868, 2020-01-09 07:11:08, I07-W0167, 0, 0, -60.8722236489, -134.271055215 
396, 40517, 0.002, [1 100 255 127 127 0 385 7 130 128 80 85 128 128], 70.0, TPX, 1578554048, 2020-01-09 07:14:08, I07-W0167, 0, 0, -49.7655779089, -139.625390769 
397, 40519, 1.5, [1 100 255 127 127 0 385 7 130 128 80 85 128 128], 70.0, TPX, 1578554410, 2020-01-09 07:20:10, I07-W0167, 0, 0, -27.149090117, -146.098497648 
398, 40521, 1.5, [1 100 255 127 127 0 385 7 130 128 80 85 128 128], 70.0, TPX, 1578554770, 2020-01-09 07:26:10, I07-W0167, 0, 0, -4.54110548372, -150.796807193 
399, 40522, 1.5, [1 100 255 127 127 0 385 7 130 128 80 85 128 128], 70.0, TPX, 1578554950, 2020-01-09 07:29:10, I07-W0167, 0, 0, 6.77434127361, -153.008381465 
400, 40523, 1.5, [1 100 255 127 127 0 385 7 130 128 80 85 128 128], 70.0, TPX, 1578555130, 2020-01-09 07:32:10, I07-W0167, 0, 0, 18.0872647029, -155.291399515 
401, 40524, 1.5, [1 100 255 127 127 0 385 7 130 128 80 85 128 128], 70.0, TPX, 1578555310, 2020-01-09 07:35:10, I07-W0167, 0, 0, 29.3886271833, -157.788967468 
402, 40525, 0.002, [1 100 255 127 127 0 385 7 130 128 80 85 128 128], 70.0, TPX, 1578555668, 2020-01-09 07:41:08, I07-W0167, 0, 0, 51.758934467, -164.52250946 
403, 40526, 0.002, [1 100 255 127 127 0 385 7 130 128 80 85 128 128], 70.0, TPX, 1578555848, 2020-01-09 07:44:08, I07-W0167, 0, 0, 62.8475348472, -170.406089052 
404, 40527, 0.002, [1 100 255 127 127 0 385 7 130 128 80 85 128 128], 70.0, TPX, 1578556028, 2020-01-09 07:47:08, I07-W0167, 0, 0, 73.5264331603, 177.578224812 
405, 40530, 0.002, [1 100 255 127 127 0 385 7 130 128 80 85 128 128], 70.0, TPX, 1578556568, 2020-01-09 07:56:08, I07-W0167, 0, 0, 69.217178021, 40.9470831066 
406, 40533, 0.002, [1 100 255 127 127 0 385 7 130 128 80 85 128 128], 70.0, TPX, 1578558545, 2020-01-09 08:29:05, I07-W0167, 0, 0, -54.4607728872, 2.50906977783 
407, 40534, 0.002, [1 100 255 127 127 0 385 7 130 128 80 85 128 128], 70.0, TPX, 1578558725, 2020-01-09 08:32:05, I07-W0167, 0, 0, -65.4906814518, -4.25749511196 
408, 40535, 0.002, [1 100 255 127 127 0 385 7 130 128 80 85 128 128], 70.0, TPX, 1578558905, 2020-01-09 08:35:05, I07-W0167, 0, 0, -75.9349149556, -19.5204023151 
409, 40537, 0.002, [1 100 255 127 127 0 385 7 130 128 80 85 128 128], 70.0, TPX, 1578559265, 2020-01-09 08:41:05, I07-W0167, 0, 0, -76.9816892571, -136.290209398 
410, 40538, 0.002, [1 100 255 127 127 0 385 7 130 128 80 85 128 128], 70.0, TPX, 1578559445, 2020-01-09 08:44:05, I07-W0167, 0, 0, -66.6855684055, -153.487860744 
411, 40539, 0.002, [1 100 255 127 127 0 385 7 130 128 80 85 128 128], 70.0, TPX, 1578559625, 2020-01-09 08:47:05, I07-W0167, 0, 0, -55.7036009386, -160.736317038 
412, 40543, 0.002, [1 100 255 127 127 0 385 7 130 128 80 85 128 128], 70.0, TPX, 1578561126, 2020-01-09 09:12:06, I07-W0167, 0, 0, 38.3557605623, 176.288589474 
413, 40546, 0.002, [1 100 255 127 127 0 385 7 130 128 80 85 128 128], 70.0, TPX, 1578561666, 2020-01-09 09:21:06, I07-W0167, 0, 0, 71.5222780731, 157.232621239 
414, 40549, 0.002, [1 100 255 127 127 0 385 7 130 128 80 85 128 128], 70.0, TPX, 1578562206, 2020-01-09 09:30:06, I07-W0167, 0, 0, 71.2693015267, 19.9382476753 
415, 40551, 1.5, [1 100 255 127 127 0 385 7 130 128 80 85 128 128], 70.0, TPX, 1578562568, 2020-01-09 09:36:08, I07-W0167, 0, 0, 49.1641524318, 4.68843522542 
416, 40552, 1.5, [1 100 255 127 127 0 385 7 130 128 80 85 128 128], 70.0, TPX, 1578562748, 2020-01-09 09:39:08, I07-W0167, 0, 0, 37.9034927563, 1.12558059724 
417, 40553, 1.5, [1 100 255 127 127 0 385 7 130 128 80 85 128 128], 70.0, TPX, 1578562928, 2020-01-09 09:42:08, I07-W0167, 0, 0, 26.5923955488, -1.6812074148 
418, 40554, 1.5, [1 100 255 127 127 0 385 7 130 128 80 85 128 128], 70.0, TPX, 1578563108, 2020-01-09 09:45:08, I07-W0167, 0, 0, 15.2565662263, -4.11335933747 
419, 40555, 1.5, [1 100 255 127 127 0 385 7 130 128 80 85 128 128], 70.0, TPX, 1578563288, 2020-01-09 09:48:08, I07-W0167, 0, 0, 3.9099925894, -6.37096694986 
420, 40556, 1.5, [1 100 255 127 127 0 385 7 130 128 80 85 128 128], 70.0, TPX, 1578563468, 2020-01-09 09:51:08, I07-W0167, 0, 0, -7.43762350514, -8.5875720829 
421, 40558, 0.002, [1 100 255 127 127 0 385 7 130 128 80 85 128 128], 70.0, TPX, 1578563826, 2020-01-09 09:57:06, I07-W0167, 0, 0, -29.9737080177, -13.3731398554 
422, 40559, 0.002, [1 100 255 127 127 0 385 7 130 128 80 85 128 128], 70.0, TPX, 1578564006, 2020-01-09 10:00:06, I07-W0167, 0, 0, -41.2618762801, -16.3495689556 
423, 40560, 0.002, [1 100 255 127 127 0 385 7 130 128 80 85 128 128], 70.0, TPX, 1578564186, 2020-01-09 10:03:06, I07-W0167, 0, 0, -52.4844098398, -20.2661343215 
424, 40561, 0.002, [1 100 255 127 127 0 385 7 130 128 80 85 128 128], 70.0, TPX, 1578564366, 2020-01-09 10:06:06, I07-W0167, 0, 0, -63.5592815397, -26.3647077777 
425, 40562, 0.002, [1 100 255 127 127 0 385 7 130 128 80 85 128 128], 70.0, TPX, 1578564546, 2020-01-09 10:09:06, I07-W0167, 0, 0, -74.1793582637, -39.1277187875 
426, 40563, 0.002, [1 100 255 127 127 0 385 7 130 128 80 85 128 128], 70.0, TPX, 1578564726, 2020-01-09 10:12:06, I07-W0167, 0, 0, -82.2071118206, -82.9753031964 
427, 40565, 0.002, [1 100 255 127 127 0 385 7 130 128 80 85 128 128], 70.0, TPX, 1578565086, 2020-01-09 10:18:06, I07-W0167, 0, 0, -68.5887937873, -175.207643736 
428, 40566, 0.002, [1 100 255 127 127 0 385 7 130 128 80 85 128 128], 70.0, TPX, 1578565266, 2020-01-09 10:21:06, I07-W0167, 0, 0, -57.6686600229, 176.614580743 
429, 40567, 0.002, [1 100 255 127 127 0 385 7 130 128 80 85 128 128], 70.0, TPX, 1578565446, 2020-01-09 10:24:06, I07-W0167, 0, 0, -46.5183454685, 171.932253841 
