# ordinar image ID, original image ID, acquisition time [s], bias [V], UTC time [s], human-readable time, no. of nonzero pixels, heatsink temperature [deg C]latitude [deg], longitude [deg], altitude (WGS84) [km]
1, 45826, 0.004, 70.0, 1601111433, 2020-09-26 09:10:33, 1, 4, 82.6539086451, 96.3801436673, 500.23796875
2, 45827, 0.004, 70.0, 1601111613, 2020-09-26 09:13:33, 14, 4, 77.1259906637, 33.20710591, 501.1261875
3, 45828, 0.004, 70.0, 1601111793, 2020-09-26 09:16:33, 601, 5, 66.7903639979, 15.7516115071, 501.11990625
4, 45829, 0.004, 70.0, 1601111973, 2020-09-26 09:19:33, 0, 6, 55.7609813578, 8.46893852722, 500.44925
5, 45830, 2.0, 70.0, 1601112156, 2020-09-26 09:22:36, 82, 9, 44.3592270495, 4.05406988039, 499.47340625
6, 45831, 2.0, 70.0, 1601112335, 2020-09-26 09:25:35, 5, 11, 33.1384659239, 0.9095180216, 498.6826875
7, 45832, 2.0, 70.0, 1601112515, 2020-09-26 09:28:35, 9, 13, 21.8273106598, -1.69662379209, 498.48996875
8, 45833, 0.004, 70.0, 1601112693, 2020-09-26 09:31:33, 0, 14, 10.6324812013, -4.00115725867, 499.233125
9, 45834, 0.004, 70.0, 1601112873, 2020-09-26 09:34:33, 0, 15, -0.687284370048, -6.21711437751, 501.117875
10, 45835, 0.004, 70.0, 1601113735, 2020-09-26 09:48:55, 26, 18, -54.5913968399, -20.1012364794, 520.14428125
11, 45836, 0.004, 70.0, 1601113915, 2020-09-26 09:51:55, 74, 21, -65.5847263265, -26.8607656341, 523.1741875
12, 45837, 0.004, 70.0, 1601114095, 2020-09-26 09:54:55, 456, 23, -75.9987294131, -42.1308949085, 524.711125
13, 45838, 0.004, 70.0, 1601114275, 2020-09-26 09:57:55, 518, 25, -82.6765507222, -97.2863458455, 524.455125
14, 45839, 0.004, 70.0, 1601114455, 2020-09-26 10:00:55, 11, 27, -76.9957321261, -159.03580484, 522.32490625
15, 45840, 0.004, 70.0, 1601114635, 2020-09-26 10:03:55, 0, 28, -66.7015647085, -176.166889163, 518.4759375
16, 45841, 0.004, 70.0, 1601114815, 2020-09-26 10:06:55, 4537, 29, -55.718743468, 176.609512742, 513.28365625
17, 45842, 0.004, 70.0, 1601114995, 2020-09-26 10:09:55, 2, 29, -44.5381267793, 172.269842771, 507.29434375
18, 45843, 0.004, 70.0, 1601115175, 2020-09-26 10:12:55, 0, 27, -33.272170292, 169.100348128, 501.15053125
19, 45846, 0.004, 70.0, 1601116754, 2020-09-26 10:39:14, 49, 7, 65.8670453656, 141.086518496, 496.0226875
20, 45847, 0.004, 70.0, 1601116934, 2020-09-26 10:42:14, 3617, 6, 76.3257178893, 125.182163469, 498.57471875
21, 45848, 0.004, 70.0, 1601117114, 2020-09-26 10:45:14, 2, 6, 82.6996572521, 67.1958313477, 500.3453125
22, 45849, 0.004, 70.0, 1601117294, 2020-09-26 10:48:14, 8, 5, 76.5421870747, 7.81154989517, 501.178625
23, 45850, 0.004, 70.0, 1601117475, 2020-09-26 10:51:15, 777, 5, 66.0633996439, -8.53335916392, 501.12278125
24, 45851, 0.004, 70.0, 1601117655, 2020-09-26 10:54:15, 0, 5, 55.0142538514, -15.5085489802, 500.4205625
25, 45852, 2.0, 70.0, 1601117836, 2020-09-26 10:57:16, 35, 6, 43.7308701365, -19.7703582104, 499.45121875
26, 45853, 2.0, 70.0, 1601118016, 2020-09-26 11:00:16, 15, 7, 32.4451334214, -22.8881841793, 498.67834375
27, 45854, 2.0, 70.0, 1601118196, 2020-09-26 11:03:16, 5, 8, 21.1330834025, -25.4710492419, 498.53228125
28, 45855, 2.0, 70.0, 1601118376, 2020-09-26 11:06:16, 11, 10, 9.81234111414, -27.7895876912, 499.35225
29, 45856, 0.004, 70.0, 1601118554, 2020-09-26 11:09:14, 2, 11, -1.38125794989, -29.9776353765, 501.28859375
30, 45857, 0.004, 70.0, 1601118734, 2020-09-26 11:12:14, 3, 12, -12.6919454527, -32.2037579512, 504.3656875
31, 45858, 0.004, 70.0, 1601118914, 2020-09-26 11:15:14, 34, 12, -23.9865776355, -34.5679630453, 508.34390625
32, 45859, 0.004, 70.0, 1601119632, 2020-09-26 11:27:12, 48, 17, -68.3968927924, -53.1651611339, 523.71640625
33, 45860, 0.004, 70.0, 1601119812, 2020-09-26 11:30:12, 3861, 18, -78.4265201532, -73.7594792147, 524.800625
34, 45861, 0.004, 70.0, 1601119992, 2020-09-26 11:33:12, 812, 20, -82.3247686592, -143.901772208, 524.049125
35, 45862, 0.004, 70.0, 1601120172, 2020-09-26 11:36:12, 19, 21, -74.4489048491, 170.86274184, 521.44228125
36, 45863, 0.004, 70.0, 1601120352, 2020-09-26 11:39:12, 10, 21, -63.8636894106, 157.839469887, 517.1961875
37, 45864, 0.004, 70.0, 1601120532, 2020-09-26 11:42:12, 1076, 21, -52.8086935611, 151.675743256, 511.737
38, 45865, 0.004, 70.0, 1601120712, 2020-09-26 11:45:12, 2, 20, -41.5994959459, 147.737237615, 505.644125
39, 45866, 0.004, 70.0, 1601120892, 2020-09-26 11:48:12, 0, 19, -30.3189023632, 144.753182608, 499.57090625
40, 45867, 0.004, 70.0, 1601121072, 2020-09-26 11:51:12, 0, 17, -18.9984426739, 142.234932843, 494.154375
41, 45868, 2.0, 70.0, 1601121254, 2020-09-26 11:54:14, 10, 15, -7.52772223802, 139.918815696, 489.88928125
42, 45869, 2.0, 70.0, 1601121434, 2020-09-26 11:57:14, 18, 14, 3.83080721815, 137.707514631, 487.22984375
43, 45870, 0.004, 70.0, 1601121612, 2020-09-26 12:00:12, 0, 12, 15.0679761656, 135.481036887, 486.2593125
44, 45871, 0.004, 70.0, 1601121792, 2020-09-26 12:03:12, 0, 10, 26.4263570652, 133.057439883, 486.86240625
45, 45872, 0.004, 70.0, 1601121972, 2020-09-26 12:06:12, 0, 8, 37.7652224067, 130.262253267, 488.75828125
46, 45873, 0.004, 70.0, 1601122152, 2020-09-26 12:09:12, 2, 7, 49.0583015752, 126.716210296, 491.4925
47, 45874, 0.004, 70.0, 1601122332, 2020-09-26 12:12:12, 21, 5, 60.2444541322, 121.509543432, 494.53528125
48, 45876, 0.004, 70.0, 1601122692, 2020-09-26 12:18:12, 0, 3, 80.5714864203, 82.4823547837, 499.5763125
49, 45877, 0.004, 70.0, 1601122872, 2020-09-26 12:21:12, 0, 2, 80.8804773481, 5.14180013057, 500.8988125
50, 45878, 0.004, 70.0, 1601123052, 2020-09-26 12:24:12, 25, 2, 71.5941043424, -25.9042130088, 501.2820625
51, 45879, 0.004, 70.0, 1601123232, 2020-09-26 12:27:12, 121, 3, 60.7545873008, -36.0686887945, 500.87365625
52, 45880, 2.0, 70.0, 1601123594, 2020-09-26 12:33:14, 8, 6, 38.2155811749, -45.0130605681, 499.0509375
53, 45881, 2.0, 70.0, 1601123774, 2020-09-26 12:36:14, 194, 8, 26.9140616001, -47.8231984677, 498.53209375
54, 45882, 2.0, 70.0, 1601123954, 2020-09-26 12:39:14, 2, 9, 15.5962708073, -50.2523962268, 498.8213125
55, 45883, 2.0, 70.0, 1601124134, 2020-09-26 12:42:14, 4, 11, 4.27527195993, -52.5027830486, 500.18609375
56, 45884, 0.004, 70.0, 1601124312, 2020-09-26 12:45:12, 2, 12, -6.91489546765, -54.6832048277, 502.67653125
57, 45885, 0.004, 70.0, 1601124492, 2020-09-26 12:48:12, 51, 14, -18.2187065708, -56.9594507456, 506.228625
58, 45886, 0.004, 70.0, 1601124672, 2020-09-26 12:51:12, 203, 16, -29.5020732103, -59.4493654714, 510.5031875
59, 45887, 0.004, 70.0, 1601124852, 2020-09-26 12:54:12, 120, 17, -40.7515279605, -62.3801245118, 515.0254375
60, 45888, 0.004, 70.0, 1601125520, 2020-09-26 13:05:20, 538, 19, -80.1712783161, -106.502675261, 524.7739375
61, 45889, 0.004, 70.0, 1601125700, 2020-09-26 13:08:20, 0, 20, -81.2787183578, 177.038680849, 523.6201875
62, 45891, 0.004, 70.0, 1601128764, 2020-09-26 13:59:24, 15, 1, 69.1169176742, -52.7267210458, 501.27840625
63, 45892, 0.004, 70.0, 1601128944, 2020-09-26 14:02:24, 2942, 3, 58.1646956811, -61.1879286527, 500.72671875
64, 45893, 0.004, 70.0, 1601129124, 2020-09-26 14:05:24, 32, 4, 46.9761320673, -65.9553323908, 499.7920625
65, 45894, 2.0, 70.0, 1601129306, 2020-09-26 14:08:26, 42, 6, 35.5782299857, -69.3447591245, 498.90640625
66, 45895, 2.0, 70.0, 1601129486, 2020-09-26 14:11:26, 48, 8, 24.2713811559, -72.0410309405, 498.54171875
67, 45896, 2.0, 70.0, 1601129666, 2020-09-26 14:14:26, 7, 9, 12.9520040516, -74.4140640541, 499.0605
68, 45897, 0.004, 70.0, 1601129844, 2020-09-26 14:17:24, 0, 11, 1.75737693736, -76.6186920236, 500.66675
69, 45898, 0.004, 70.0, 1601130024, 2020-09-26 14:20:24, 0, 12, -9.55631318068, -78.8295218048, 503.4345625
70, 45899, 0.004, 70.0, 1601130204, 2020-09-26 14:23:24, 3, 14, -20.856167043, -81.1410763856, 507.18440625
71, 45900, 0.004, 70.0, 1601131153, 2020-09-26 14:39:13, 2562, 21, -78.4794404589, -121.232319714, 524.75325
72, 45901, 0.004, 70.0, 1601131333, 2020-09-26 14:42:13, 10, 22, -82.303315035, 168.354696377, 523.9825
73, 45902, 0.004, 70.0, 1601131513, 2020-09-26 14:45:13, 0, 22, -74.3881912975, 123.485708404, 521.359125
74, 45903, 0.004, 70.0, 1601131693, 2020-09-26 14:48:13, 0, 23, -63.7974570663, 110.53859306, 517.10078125
75, 45904, 0.004, 70.0, 1601131873, 2020-09-26 14:51:13, 523, 24, -52.740808311, 104.395937563, 511.6349375
76, 45905, 0.004, 70.0, 1601132053, 2020-09-26 14:54:13, 12, 23, -41.5307979032, 100.465723772, 505.5418125
77, 45906, 0.004, 70.0, 1601132233, 2020-09-26 14:57:13, 0, 22, -30.2496852262, 97.485561973, 499.47484375
78, 45907, 0.004, 70.0, 1601132413, 2020-09-26 15:00:13, 0, 20, -18.9288532916, 94.9692656416, 494.070625
79, 45908, 2.0, 70.0, 1601132595, 2020-09-26 15:03:15, 30, 18, -7.45785452546, 92.6540159284, 489.82290625
80, 45909, 2.0, 70.0, 1601132775, 2020-09-26 15:06:15, 30, 16, 3.90086361468, 90.4428036566, 487.18403125
81, 45910, 2.0, 70.0, 1601132955, 2020-09-26 15:09:15, 14, 14, 15.2643799627, 88.1899955327, 486.2338125
82, 45911, 2.0, 70.0, 1601133135, 2020-09-26 15:12:15, 5, 12, 26.6226208434, 85.7619452454, 486.87484375
83, 45912, 0.004, 70.0, 1601133313, 2020-09-26 15:15:13, 1, 10, 37.8351874495, 82.9921327826, 488.7753125
84, 45913, 0.004, 70.0, 1601133493, 2020-09-26 15:18:13, 8, 8, 49.1278260707, 79.4395191693, 491.52575
85, 45914, 0.004, 70.0, 1601133673, 2020-09-26 15:21:13, 13, 6, 60.3128857975, 74.2172521532, 494.58078125
86, 45915, 0.004, 70.0, 1601133853, 2020-09-26 15:24:13, 13, 4, 71.1900371814, 64.3624229936, 497.423375
87, 45916, 0.004, 70.0, 1601134033, 2020-09-26 15:27:13, 0, 4, 80.6158416687, 34.8912529742, 499.63434375
88, 45917, 0.004, 70.0, 1601134393, 2020-09-26 15:33:13, 21, 4, 71.5299142246, -73.2489294045, 501.34128125
89, 45918, 0.004, 70.0, 1601134573, 2020-09-26 15:36:13, 1385, 5, 60.6871391828, -83.3614820921, 500.9315625
90, 45919, 0.004, 70.0, 1601134753, 2020-09-26 15:39:13, 163, 6, 49.5318864016, -88.6634915667, 500.04746875
91, 45920, 0.004, 70.0, 1601134933, 2020-09-26 15:42:13, 0, 7, 38.272562028, -92.248528088, 499.1149375
92, 45921, 2.0, 70.0, 1601135115, 2020-09-26 15:45:15, 190, 9, 26.845670916, -95.0899277634, 498.586125
93, 45922, 2.0, 70.0, 1601135295, 2020-09-26 15:48:15, 22, 10, 15.528001359, -97.5175204281, 498.8740625
94, 45923, 2.0, 70.0, 1601135475, 2020-09-26 15:51:15, 29, 11, 4.20715533712, -99.7672481367, 500.236625
95, 45924, 0.004, 70.0, 1601135653, 2020-09-26 15:54:13, 0, 13, -6.98284987347, -101.947731387, 502.7231875
96, 45925, 0.004, 70.0, 1601135833, 2020-09-26 15:57:13, 0, 14, -18.2864910757, -104.224779853, 506.2688125
97, 45926, 0.004, 70.0, 1601136777, 2020-09-26 16:12:57, 1793, 21, -76.1150338742, -136.941823105, 524.6268125
98, 45927, 0.004, 70.0, 1601136957, 2020-09-26 16:15:57, 0, 21, -82.686399855, 167.127584591, 524.3314375
99, 45928, 0.004, 70.0, 1601137137, 2020-09-26 16:18:57, 0, 22, -76.8818592122, 106.110253573, 522.16640625
100, 45929, 0.004, 70.0, 1601137317, 2020-09-26 16:21:57, 0, 23, -66.5706573029, 89.2100842851, 518.2904375
101, 45930, 0.004, 70.0, 1601137497, 2020-09-26 16:24:57, 0, 23, -55.5835808545, 82.0427569786, 513.0818125
102, 45931, 0.004, 70.0, 1601137677, 2020-09-26 16:27:57, 27, 23, -44.4010756185, 77.7237073481, 507.08859375
103, 45932, 0.004, 70.0, 1601137857, 2020-09-26 16:30:57, 0, 22, -33.1339750746, 74.5635905554, 500.95396875
104, 45933, 0.004, 70.0, 1601138037, 2020-09-26 16:33:57, 0, 20, -21.8213291217, 71.9573816138, 495.32740625
105, 45934, 2.0, 70.0, 1601138219, 2020-09-26 16:36:59, 2, 18, -10.3553206625, 69.600337973, 490.7325
106, 45935, 2.0, 70.0, 1601138399, 2020-09-26 16:39:59, 3, 17, 1.00082825928, 67.3809431346, 487.67978125
107, 45936, 2.0, 70.0, 1601138579, 2020-09-26 16:42:59, 5, 14, 12.3640374622, 65.1501623708, 486.30446875
108, 45937, 2.0, 70.0, 1601138759, 2020-09-26 16:45:59, 1, 12, 23.7247867299, 62.7820196727, 486.56696875
109, 45938, 2.0, 70.0, 1601138939, 2020-09-26 16:48:59, 1, 10, 35.0700775719, 60.0999000086, 488.21103125
110, 45939, 2.0, 70.0, 1601139119, 2020-09-26 16:51:59, 35, 9, 46.377585515, 56.7850111293, 490.81153125
111, 45940, 0.004, 70.0, 1601139297, 2020-09-26 16:54:57, 1, 7, 57.4747099713, 52.1798346292, 493.81384375
112, 45941, 0.004, 70.0, 1601139477, 2020-09-26 16:57:57, 55, 5, 68.469163024, 44.0722464062, 496.7613125
113, 45942, 0.004, 70.0, 1601139657, 2020-09-26 17:00:57, 0, 4, 78.5536163133, 23.0243576608, 499.17
114, 45943, 0.004, 70.0, 1601140017, 2020-09-26 17:06:57, 0, 4, 74.1674259232, -92.3812796446, 501.357375
115, 45944, 0.004, 70.0, 1601140197, 2020-09-26 17:09:57, 1229, 5, 63.500617045, -105.095669953, 501.12725
116, 45945, 0.004, 70.0, 1601140377, 2020-09-26 17:12:57, 145, 6, 52.3935990597, -111.160638878, 500.327125
117, 45946, 0.004, 70.0, 1601140557, 2020-09-26 17:15:57, 4, 7, 41.1524464044, -115.055274214, 499.3625625
118, 45947, 0.004, 70.0, 1601140737, 2020-09-26 17:18:57, 0, 9, 29.8588105755, -118.015928993, 498.6885
119, 45948, 0.004, 70.0, 1601140917, 2020-09-26 17:21:57, 0, 10, 18.5439601791, -120.520245172, 498.72528125
120, 45949, 2.0, 70.0, 1601141099, 2020-09-26 17:24:59, 22, 11, 7.09732128262, -122.827401111, 499.7989375
121, 45950, 0.004, 70.0, 1601141277, 2020-09-26 17:27:57, 0, 13, -4.09458955075, -125.008280513, 501.991125
122, 45951, 0.004, 70.0, 1601141457, 2020-09-26 17:30:57, 0, 15, -15.4019792462, -127.255112221, 505.288875
123, 45952, 0.004, 70.0, 1601144146, 2020-09-26 18:15:46, 0, 12, 5.86506422962, 42.8086340892, 486.86659375
124, 45953, 0.004, 70.0, 1601144326, 2020-09-26 18:18:46, 0, 11, 17.2285494149, 40.5361140394, 486.2165625
125, 45954, 0.004, 70.0, 1601144506, 2020-09-26 18:21:46, 0, 10, 28.5846439086, 38.0604436732, 487.1195
126, 45955, 0.004, 70.0, 1601144686, 2020-09-26 18:24:46, 0, 8, 39.9174115988, 35.1605161067, 489.23890625
127, 45956, 0.004, 70.0, 1601144866, 2020-09-26 18:27:46, 0, 6, 51.1966323134, 31.3966344971, 492.09859375
128, 45957, 0.004, 70.0, 1601145045, 2020-09-26 18:30:45, 5, 5, 62.286762656, 25.7034225227, 495.14665625
129, 45958, 0.004, 70.0, 1601145226, 2020-09-26 18:33:46, 468, 3, 73.10975747, 14.110904446, 497.92759375
130, 45959, 0.004, 70.0, 1601145406, 2020-09-26 18:36:46, 0, 3, 81.773599714, -24.0609993766, 499.99775
131, 45960, 0.004, 70.0, 1601145586, 2020-09-26 18:39:46, 0, 3, 79.4338227915, -99.069578464, 501.1534375
132, 45961, 0.004, 70.0, 1601145766, 2020-09-26 18:42:46, 17, 4, 69.5826751038, -123.060556449, 501.3783125
133, 45962, 0.004, 70.0, 1601145946, 2020-09-26 18:45:46, 209, 5, 58.6491063574, -131.800726057, 500.8554375
134, 45963, 0.004, 70.0, 1601146126, 2020-09-26 18:48:46, 12, 6, 47.4666352723, -136.661744368, 499.928125
135, 45964, 0.004, 70.0, 1601146486, 2020-09-26 18:54:46, 0, 9, 24.8914223136, -142.780446391, 498.622375
136, 45965, 0.004, 70.0, 1601146666, 2020-09-26 18:57:46, 0, 10, 13.572630898, -145.165739695, 499.073875
137, 45966, 0.004, 70.0, 1601146846, 2020-09-26 19:00:46, 0, 11, 2.25228860258, -147.399170572, 500.626625
138, 45967, 0.004, 70.0, 1601147026, 2020-09-26 19:03:46, 0, 13, -9.06168454143, -149.608408919, 503.329625
139, 45968, 0.004, 70.0, 1601147206, 2020-09-26 19:06:46, 0, 14, -20.3622077623, -151.91273716, 507.0245625
140, 45969, 0.004, 70.0, 1601148050, 2020-09-26 19:20:50, 33, 20, -72.3852110029, -176.497320055, 524.2251875
141, 45970, 0.004, 70.0, 1601148230, 2020-09-26 19:23:50, 0, 21, -81.3299584369, 149.404500451, 524.6084375
142, 45971, 0.004, 70.0, 1601148410, 2020-09-26 19:26:50, 0, 22, -80.1071565002, 73.0570830511, 523.12540625
143, 45972, 0.004, 70.0, 1601148590, 2020-09-26 19:29:50, 1, 21, -70.5402129838, 46.3004658491, 519.847375
144, 45973, 0.004, 70.0, 1601148770, 2020-09-26 19:32:50, 439, 22, -59.7008803573, 36.9577096318, 515.075375
145, 45974, 0.004, 70.0, 1601148950, 2020-09-26 19:35:50, 37, 22, -48.570246993, 31.8904503439, 509.30209375
146, 45975, 0.004, 70.0, 1601149130, 2020-09-26 19:38:50, 44, 21, -37.3278478282, 28.4005976313, 503.14525
147, 45976, 0.004, 70.0, 1601149310, 2020-09-26 19:41:50, 2, 20, -26.0291422914, 25.6316116214, 497.262625
148, 45977, 0.004, 70.0, 1601149490, 2020-09-26 19:44:50, 3, 18, -14.6976603843, 23.220549722, 492.2611875
149, 45978, 2.0, 70.0, 1601149672, 2020-09-26 19:47:52, 49, 16, -3.220186172, 20.9497116063, 488.582875
150, 45979, 2.0, 70.0, 1601149852, 2020-09-26 19:50:52, 10, 14, 8.14154450846, 18.7367934948, 486.58740625
151, 45980, 2.0, 70.0, 1601150032, 2020-09-26 19:53:52, 16, 12, 19.5045374932, 16.4363311411, 486.2725
152, 45981, 2.0, 70.0, 1601150212, 2020-09-26 19:56:52, 15, 10, 30.8575242509, 13.8975250675, 487.4579375
153, 45982, 0.004, 70.0, 1601150390, 2020-09-26 19:59:50, 0, 9, 42.0571425259, 10.9088844428, 489.7431875
154, 45983, 0.004, 70.0, 1601150750, 2020-09-26 20:05:50, 1, 5, 64.4295296022, 0.517681328108, 495.73928125
155, 45984, 0.004, 70.0, 1601150930, 2020-09-26 20:08:50, 0, 5, 75.0322849664, -13.3327725836, 498.4029375
156, 45985, 0.004, 70.0, 1601151110, 2020-09-26 20:11:50, 0, 4, 82.5208838808, -62.7944779377, 500.31521875
157, 45986, 0.004, 70.0, 1601151290, 2020-09-26 20:14:50, 1, 5, 77.7784922954, -129.951288415, 501.292875
158, 45987, 0.004, 70.0, 1601151470, 2020-09-26 20:17:50, 374, 5, 67.5508577506, -148.895050302, 501.3586875
159, 45988, 0.004, 70.0, 1601151650, 2020-09-26 20:20:50, 73, 6, 56.5449026593, -156.527445189, 500.729875
160, 45989, 0.004, 70.0, 1601151830, 2020-09-26 20:23:50, 30, 8, 45.3391611197, -161.007803397, 499.7731875
161, 45990, 0.004, 70.0, 1601152010, 2020-09-26 20:26:50, 1, 9, 34.0601111598, -164.237540308, 498.93490625
162, 45991, 0.004, 70.0, 1601152190, 2020-09-26 20:29:50, 2, 11, 22.7510237355, -166.876069705, 498.65815625
163, 45992, 0.004, 70.0, 1601152370, 2020-09-26 20:32:50, 1, 12, 11.4312871925, -169.221092212, 499.30090625
164, 45993, 2.0, 70.0, 1601152552, 2020-09-26 20:35:52, 17, 13, -0.0140757158717, -171.465396751, 501.09496875
165, 45994, 0.004, 70.0, 1601153607, 2020-09-26 20:53:27, 69, 20, -65.722634676, 167.642184703, 523.0769375
166, 45995, 0.004, 70.0, 1601153787, 2020-09-26 20:56:27, 0, 21, -76.1223080257, 152.161970762, 524.557125
167, 45996, 0.004, 70.0, 1601153967, 2020-09-26 20:59:27, 4, 21, -82.6869394399, 96.1810846342, 524.24790625
168, 45997, 0.004, 70.0, 1601154147, 2020-09-26 21:02:27, 0, 21, -76.874305023, 35.2104857707, 522.07215625
169, 45998, 0.004, 70.0, 1601154327, 2020-09-26 21:05:27, 167, 21, -66.5617097551, 18.3252114181, 518.189125
170, 45999, 0.004, 70.0, 1601154507, 2020-09-26 21:08:27, 25, 22, -55.5740595708, 11.1615775364, 512.9775
171, 46000, 0.004, 70.0, 1601154687, 2020-09-26 21:11:27, 62, 21, -44.3911308631, 6.84390376209, 506.985625
172, 46001, 0.004, 70.0, 1601154867, 2020-09-26 21:14:27, 89, 20, -33.1236683191, 3.68441065105, 500.8566875
173, 46004, 0.004, 70.0, 1601156498, 2020-09-26 21:41:38, 1705, 3, 69.135973902, -27.5431937396, 496.98528125
174, 46005, 0.004, 70.0, 1601156858, 2020-09-26 21:47:38, 1, 2, 81.9778428608, -124.058269501, 500.88428125
175, 46006, 0.004, 70.0, 1601157038, 2020-09-26 21:50:38, 188, 3, 73.5352167835, -164.472239268, 501.4543125
176, 46007, 0.004, 70.0, 1601157218, 2020-09-26 21:53:38, 184, 4, 62.8192646942, -176.46140692, 501.1835625
177, 46008, 0.004, 70.0, 1601157398, 2020-09-26 21:56:38, 22, 6, 51.6995971986, 177.677972894, 500.36128125
178, 46009, 0.004, 70.0, 1601157578, 2020-09-26 21:59:38, 1, 6, 40.4539741845, 173.864487036, 499.39828125
179, 46010, 0.004, 70.0, 1601157758, 2020-09-26 22:02:38, 2, 7, 29.1586581291, 170.942217921, 498.75
180, 46011, 0.004, 70.0, 1601157938, 2020-09-26 22:05:38, 0, 7, 17.8433466949, 168.457108233, 498.83215625
181, 46012, 2.0, 70.0, 1601158120, 2020-09-26 22:08:40, 12, 8, 6.39690075125, 166.15849003, 499.96265625
182, 46013, 2.0, 70.0, 1601158300, 2020-09-26 22:11:40, 8, 9, -4.92010115477, 163.953855231, 502.2413125
183, 46014, 2.0, 70.0, 1601158480, 2020-09-26 22:14:40, 70, 11, -16.2263420977, 161.699291748, 505.59240625
184, 46015, 2.0, 70.0, 1601158660, 2020-09-26 22:17:40, 22, 12, -27.5139519922, 159.260039951, 509.73259375
185, 46016, 2.0, 70.0, 1601158840, 2020-09-26 22:20:40, 433, 13, -38.7708140826, 156.430565786, 514.21215625
186, 46017, 0.004, 70.0, 1601159825, 2020-09-26 22:37:05, 0, 19, -76.4490574454, 10.3347259346, 521.9020625
187, 46018, 0.004, 70.0, 1601160005, 2020-09-26 22:40:05, 258, 20, -66.0779752676, -5.73556341608, 517.94821875
188, 46019, 0.004, 70.0, 1601160185, 2020-09-26 22:43:05, 68, 21, -55.0765417615, -12.697885156, 512.688375
189, 46020, 0.004, 70.0, 1601160365, 2020-09-26 22:46:05, 247, 20, -43.8882650157, -16.9412443377, 506.6769375
190, 46021, 0.004, 70.0, 1601160545, 2020-09-26 22:49:05, 115, 19, -32.618070396, -20.0668106185, 500.55928125
191, 46022, 0.004, 70.0, 1601160725, 2020-09-26 22:52:05, 14, 18, -21.3034846694, -22.6557955306, 494.98275
192, 46023, 0.004, 70.0, 1601160905, 2020-09-26 22:55:05, 0, 16, -9.96229962489, -24.9796871407, 490.50759375
193, 46024, 2.0, 70.0, 1601161087, 2020-09-26 22:58:07, 7, 15, 1.52075111674, -27.2220758109, 487.50753125
194, 46025, 2.0, 70.0, 1601161267, 2020-09-26 23:01:07, 1, 13, 12.8842682118, -29.4562358108, 486.23278125
195, 46026, 2.0, 70.0, 1601161447, 2020-09-26 23:04:07, 5, 11, 24.2447536634, -31.8342891134, 486.5905
196, 46027, 2.0, 70.0, 1601161627, 2020-09-26 23:07:07, 0, 9, 35.5889465525, -34.536755911, 488.3143125
197, 46028, 2.0, 70.0, 1601161807, 2020-09-26 23:10:07, 71, 7, 46.893835118, -37.8929435291, 490.97196875
198, 46029, 0.004, 70.0, 1601161985, 2020-09-26 23:13:05, 1, 5, 57.9848226494, -42.5906486019, 494.00528125
199, 46030, 0.004, 70.0, 1601162165, 2020-09-26 23:16:05, 33, 4, 68.9608888328, -50.9703310708, 496.95909375
200, 46031, 0.004, 70.0, 1601162345, 2020-09-26 23:19:05, 0, 4, 78.9515158135, -73.2645705377, 499.3535625
201, 46032, 0.004, 70.0, 1601162525, 2020-09-26 23:22:05, 0, 4, 82.0535350171, -146.437698503, 500.89396875
202, 46033, 0.004, 70.0, 1601162705, 2020-09-26 23:25:05, 1577, 4, 73.7024881163, 172.213780578, 501.48190625
203, 46034, 0.004, 70.0, 1601162885, 2020-09-26 23:28:05, 174, 5, 62.9991855373, 160.040115856, 501.22446875
204, 46035, 0.004, 70.0, 1601163065, 2020-09-26 23:31:05, 35, 6, 51.8829536268, 154.126920564, 500.4083125
205, 46036, 0.004, 70.0, 1601163425, 2020-09-26 23:37:05, 1, 8, 29.3439577461, 147.360211173, 498.783625
206, 46037, 2.0, 70.0, 1601163607, 2020-09-26 23:40:07, 24, 10, 17.9031467086, 144.843969483, 498.8535625
207, 46038, 2.0, 70.0, 1601163787, 2020-09-26 23:43:07, 9, 12, 6.58255553815, 142.569311584, 499.954875
208, 46039, 0.004, 70.0, 1601163965, 2020-09-26 23:46:05, 0, 14, -4.60880802631, 140.38908788, 502.1780625
209, 46040, 0.004, 70.0, 1601164145, 2020-09-26 23:49:05, 2, 16, -15.9154011509, 138.137516021, 505.49665625
210, 46041, 0.004, 70.0, 1601164938, 2020-09-27 00:02:18, 0, 21, -65.1864579961, 120.842821346, 522.9249375
211, 46042, 0.004, 70.0, 1601165118, 2020-09-27 00:05:18, 0, 23, -75.6416676139, 106.150804406, 524.4775625
212, 46043, 0.004, 70.0, 1601165298, 2020-09-27 00:08:18, 298, 25, -82.6311026435, 53.3532747889, 524.2523125
213, 46044, 0.004, 70.0, 1601165478, 2020-09-27 00:11:18, 406, 25, -77.3372142638, -10.5661301824, 522.16084375
214, 46045, 0.004, 70.0, 1601165658, 2020-09-27 00:14:18, 112, 26, -67.0948196801, -28.4265386898, 518.35109375
215, 46046, 0.004, 70.0, 1601165838, 2020-09-27 00:17:18, 119, 25, -56.122916497, -35.8252710978, 513.192
216, 46047, 0.004, 70.0, 1601166018, 2020-09-27 00:20:18, 246, 25, -44.9457866198, -40.2285130551, 507.22515625
217, 46048, 0.004, 70.0, 1601166198, 2020-09-27 00:23:18, 495, 23, -33.6811005478, -43.4267969449, 501.09109375
218, 46049, 0.004, 70.0, 1601166378, 2020-09-27 00:26:18, 228, 22, -22.3696703686, -46.0520108879, 495.44084375
219, 46050, 0.004, 70.0, 1601166558, 2020-09-27 00:29:18, 14, 20, -11.030378994, -48.3930650558, 490.8461875
220, 46051, 2.0, 70.0, 1601166740, 2020-09-27 00:32:20, 47, 18, 0.451653836049, -50.6400197075, 487.69696875
221, 46052, 2.0, 70.0, 1601166920, 2020-09-27 00:35:20, 1, 16, 11.8149824606, -52.8675697918, 486.268125
222, 46053, 2.0, 70.0, 1601167100, 2020-09-27 00:38:20, 10, 14, 23.176264483, -55.2256891873, 486.4866875
223, 46054, 2.0, 70.0, 1601167280, 2020-09-27 00:41:20, 15, 12, 34.5227540232, -57.887034831, 488.10471875
224, 46055, 0.004, 70.0, 1601167458, 2020-09-27 00:44:18, 0, 10, 45.7074859009, -61.118219742, 490.67
225, 46056, 0.004, 70.0, 1601167638, 2020-09-27 00:47:18, 56, 8, 56.9358592722, -65.6714014271, 493.72615625
226, 46057, 0.004, 70.0, 1601167818, 2020-09-27 00:50:18, 1, 6, 67.9481425338, -73.5077730835, 496.71696875
227, 46058, 0.004, 70.0, 1601167998, 2020-09-27 00:53:18, 0, 5, 78.1222352257, -93.341249072, 499.1841875
228, 46059, 0.004, 70.0, 1601169039, 2020-09-27 01:10:39, 5, 6, 32.857741734, 124.58392086, 498.957625
229, 46060, 2.0, 70.0, 1601169221, 2020-09-27 01:13:41, 79, 8, 21.4213429986, 121.960486181, 498.7570625
230, 46061, 2.0, 70.0, 1601169401, 2020-09-27 01:16:41, 9, 10, 10.1013913047, 119.637552505, 499.5123125
231, 46063, 0.004, 70.0, 1601169759, 2020-09-27 01:22:39, 0, 13, -12.4023471395, 115.224157472, 504.37325
232, 46064, 0.004, 70.0, 1601170569, 2020-09-27 01:36:09, 664, 15, -62.8293802044, 99.0122595165, 522.3636875
233, 46065, 0.004, 70.0, 1601170749, 2020-09-27 01:39:09, 0, 17, -73.4790453078, 87.1285363245, 524.26234375
234, 46066, 0.004, 70.0, 1601170929, 2020-09-27 01:42:09, 0, 19, -81.9188505169, 47.5233634085, 524.433
235, 46067, 0.004, 70.0, 1601171109, 2020-09-27 01:45:09, 279, 20, -79.2519894954, -26.3486482954, 522.737625
236, 46068, 0.004, 70.0, 1601171289, 2020-09-27 01:48:09, 146, 22, -69.4109504877, -49.6006698216, 519.2733125
237, 46069, 0.004, 70.0, 1601171469, 2020-09-27 01:51:09, 105, 23, -58.5213271784, -58.2116122505, 514.36425
238, 46070, 0.004, 70.0, 1601171649, 2020-09-27 01:54:09, 187, 23, -47.3735466241, -63.0373253136, 508.52034375
239, 46071, 0.004, 70.0, 1601171829, 2020-09-27 01:57:09, 333, 22, -36.1229580625, -66.4229954432, 502.36784375
240, 46072, 0.004, 70.0, 1601172009, 2020-09-27 02:00:09, 266, 20, -24.8195192046, -69.1409257891, 496.56321875
241, 46073, 0.004, 70.0, 1601172189, 2020-09-27 02:03:09, 57, 18, -13.4850567738, -71.5268747904, 491.7025
242, 46074, 2.0, 70.0, 1601172371, 2020-09-27 02:06:11, 27, 16, -2.00574716155, -73.7884050658, 488.2108125
243, 46075, 2.0, 70.0, 1601172551, 2020-09-27 02:09:11, 4, 14, 9.35678457203, -76.0048151116, 486.41928125
244, 46076, 2.0, 70.0, 1601172731, 2020-09-27 02:12:11, 12, 12, 20.7194539766, -78.3225783344, 486.301625
245, 46077, 0.004, 70.0, 1601172909, 2020-09-27 02:15:09, 0, 10, 31.9445522723, -80.8680805547, 487.63215625
246, 46078, 0.004, 70.0, 1601173089, 2020-09-27 02:18:09, 0, 8, 43.2656522918, -83.9616439842, 490.0568125
247, 46079, 0.004, 70.0, 1601173269, 2020-09-27 02:21:09, 93, 6, 54.5182557592, -88.1392677178, 493.06415625
248, 46080, 0.004, 70.0, 1601173449, 2020-09-27 02:24:09, 0, 4, 65.5993497615, -94.9385502809, 496.11740625
249, 46081, 0.004, 70.0, 1601173629, 2020-09-27 02:27:09, 0, 3, 76.0870369288, -110.42414641, 498.73521875
250, 46082, 0.004, 70.0, 1601173809, 2020-09-27 02:30:09, 0, 3, 82.6893436665, -166.81850487, 500.56909375
251, 46083, 0.004, 70.0, 1601173989, 2020-09-27 02:33:09, 422, 4, 76.7788872803, 132.251641485, 501.45665625
252, 46084, 0.004, 70.0, 1601174169, 2020-09-27 02:36:09, 168, 5, 66.3937280827, 115.506189643, 501.44215625
253, 46085, 0.004, 70.0, 1601174349, 2020-09-27 02:39:09, 5, 7, 55.3544211777, 108.394815246, 500.761125
254, 46086, 0.004, 70.0, 1601174529, 2020-09-27 02:42:09, 0, 9, 44.1376830336, 104.102430674, 499.79240625
255, 46087, 2.0, 70.0, 1601174711, 2020-09-27 02:45:11, 3, 11, 32.7288355738, 100.92637222, 498.9796875
256, 46088, 2.0, 70.0, 1601174891, 2020-09-27 02:48:11, 1, 13, 21.4180918286, 98.334240298, 498.78253125
257, 46089, 2.0, 70.0, 1601175071, 2020-09-27 02:51:11, 20, 14, 10.0982161205, 96.0113612635, 499.53384375
258, 46090, 2.0, 70.0, 1601175251, 2020-09-27 02:54:11, 17, 15, -1.22061158047, 93.7978198972, 501.41859375
259, 46091, 0.004, 70.0, 1601175429, 2020-09-27 02:57:09, 0, 15, -12.4054121869, 91.5979730602, 504.38459375
260, 46092, 0.004, 70.0, 1601176145, 2020-09-27 03:09:05, 2489, 19, -57.0784292259, 78.8183134643, 520.7570625
261, 46093, 0.004, 70.0, 1601176325, 2020-09-27 03:12:05, 0, 20, -68.0017117074, 70.9931023371, 523.44071875
262, 46094, 0.004, 70.0, 1601176505, 2020-09-27 03:15:05, 1, 21, -78.0985481297, 51.3004067926, 524.5553125
263, 46095, 0.004, 70.0, 1601176685, 2020-09-27 03:18:05, 2525, 22, -82.4433270828, -17.0965440564, 523.8480625
264, 46096, 0.004, 70.0, 1601176865, 2020-09-27 03:21:05, 5046, 23, -74.8160275169, -64.6080229357, 521.291625
265, 46097, 0.004, 70.0, 1601177045, 2020-09-27 03:24:05, 78, 23, -64.2634262318, -78.1112113004, 517.09428125
266, 46098, 0.004, 70.0, 1601177225, 2020-09-27 03:27:05, 124, 24, -53.2164592696, -84.4061526953, 511.6755625
267, 46099, 0.004, 70.0, 1601177585, 2020-09-27 03:33:05, 79, 22, -30.7305578644, -91.4040434991, 499.55090625
268, 46100, 0.004, 70.0, 1601177765, 2020-09-27 03:36:05, 6, 20, -19.4105233544, -93.9343553787, 494.13503125
269, 46101, 0.004, 70.0, 1601177945, 2020-09-27 03:39:05, 0, 19, -8.06605640399, -96.2311772415, 489.900125
270, 46102, 0.004, 70.0, 1601178125, 2020-09-27 03:42:05, 0, 17, 3.29244445076, -98.4435506455, 487.21028125
271, 46103, 0.004, 70.0, 1601178305, 2020-09-27 03:45:05, 0, 15, 14.6560986832, -100.691126844, 486.21040625
272, 46104, 0.004, 70.0, 1601178485, 2020-09-27 03:48:05, 0, 13, 26.0149542809, -103.105673848, 486.8135
273, 46105, 0.004, 70.0, 1601178665, 2020-09-27 03:51:05, 1, 11, 37.3547792641, -105.882459934, 488.72290625
274, 46106, 0.004, 70.0, 1601178845, 2020-09-27 03:54:05, 27, 9, 48.6499757912, -109.390520223, 491.486375
275, 46107, 0.004, 70.0, 1601179385, 2020-09-27 04:03:05, 0, 5, 80.3023154953, -151.823753455, 499.7299375
276, 46108, 0.004, 70.0, 1601179565, 2020-09-27 04:06:05, 1, 5, 81.1240897052, 131.087626987, 501.1094375
277, 46109, 0.004, 70.0, 1601179745, 2020-09-27 04:09:05, 1023, 6, 71.976779351, 98.4126030584, 501.53803125
278, 46110, 0.004, 70.0, 1601179925, 2020-09-27 04:12:05, 156, 8, 61.1594809148, 87.9292667216, 501.1558125
279, 46111, 0.004, 70.0, 1601180105, 2020-09-27 04:15:05, 0, 10, 50.0120350398, 82.5130291633, 500.27478125
280, 46112, 2.0, 70.0, 1601180287, 2020-09-27 04:18:07, 15, 11, 38.6306790914, 78.8455727493, 499.30884375
281, 46113, 2.0, 70.0, 1601180467, 2020-09-27 04:21:07, 13, 12, 27.3308516961, 76.0158390369, 498.73846875
282, 46114, 2.0, 70.0, 1601180647, 2020-09-27 04:24:07, 10, 14, 16.0139983467, 73.5768809375, 498.9549375
283, 46115, 0.004, 70.0, 1601181950, 2020-09-27 04:45:50, 4281, 26, -65.3102073634, 49.8624402366, 522.88453125
284, 46116, 0.004, 70.0, 1601182130, 2020-09-27 04:48:50, 656, 27, -75.7531977728, 34.993319906, 524.4176875
285, 46117, 0.004, 70.0, 1601182310, 2020-09-27 04:51:50, 146, 27, -82.6476043805, -18.5423448393, 524.17309375
286, 46118, 0.004, 70.0, 1601182490, 2020-09-27 04:54:50, 11073, 27, -77.2303696146, -81.7938239042, 522.06484375
287, 46119, 0.004, 70.0, 1601182670, 2020-09-27 04:57:50, 40, 27, -66.970933709, -99.4211078099, 518.24353125
288, 46120, 0.004, 70.0, 1601182850, 2020-09-27 05:00:50, 22, 26, -55.995103167, -106.764210035, 513.080125
289, 46121, 0.004, 70.0, 1601183210, 2020-09-27 05:06:50, 6, 23, -33.5509547082, -114.336547068, 500.99659375
290, 46122, 0.004, 70.0, 1601183390, 2020-09-27 05:09:50, 4, 22, -22.2390651988, -116.957263332, 495.36740625
291, 46123, 0.004, 70.0, 1601183570, 2020-09-27 05:12:50, 0, 20, -10.8995134232, -119.296193311, 490.7999375
292, 46124, 0.004, 70.0, 1601183750, 2020-09-27 05:15:50, 0, 18, 0.456395854962, -121.518067508, 487.70684375
293, 46125, 0.004, 70.0, 1601183930, 2020-09-27 05:18:50, 0, 16, 11.8196602864, -123.745679064, 486.2900625
294, 46126, 0.004, 70.0, 1601184110, 2020-09-27 05:21:50, 0, 14, 23.1808372947, -126.103911158, 486.5195
295, 46127, 0.004, 70.0, 1601184290, 2020-09-27 05:24:50, 6, 12, 34.5271834009, -128.765458292, 488.1466875
296, 46128, 0.004, 70.0, 1601184470, 2020-09-27 05:27:50, 23, 10, 45.8370682498, -132.038635206, 490.75140625
297, 46129, 0.004, 70.0, 1601184650, 2020-09-27 05:30:50, 481, 8, 57.0638331116, -136.613878402, 493.814375
298, 46130, 0.004, 70.0, 1601184830, 2020-09-27 05:33:50, 95, 6, 68.0717211464, -144.513156101, 496.8038125
299, 46131, 0.004, 70.0, 1601185010, 2020-09-27 05:36:50, 5, 5, 78.2250773841, -164.624771053, 499.26275
300, 46132, 0.004, 70.0, 1601185190, 2020-09-27 05:39:50, 2, 3, 82.3774157573, 125.704044563, 500.881625
301, 46133, 0.004, 70.0, 1601185370, 2020-09-27 05:42:50, 1145, 3, 74.5416793086, 79.3838394672, 501.54484375
302, 46134, 0.004, 70.0, 1601185550, 2020-09-27 05:45:50, 345, 3, 63.9075528855, 66.2027081822, 501.3431875
303, 46135, 2.0, 70.0, 1601185732, 2020-09-27 05:48:52, 191, 3, 52.6850432315, 59.9565821493, 500.5396875
304, 46136, 2.0, 70.0, 1601185912, 2020-09-27 05:51:52, 23, 4, 41.4465953311, 56.0266757165, 499.55853125
305, 46137, 2.0, 70.0, 1601186092, 2020-09-27 05:54:52, 33, 6, 30.1543699363, 53.0493962576, 498.84875
306, 46138, 2.0, 70.0, 1601186272, 2020-09-27 05:57:52, 1, 7, 18.8403050116, 50.5367574925, 498.83353125
307, 46139, 2.0, 70.0, 1601186452, 2020-09-27 06:00:52, 21, 8, 7.51983336953, 48.2505599889, 499.82565625
308, 46140, 2.0, 70.0, 1601186632, 2020-09-27 06:03:52, 53, 9, -3.79779862144, 46.0444874345, 501.96759375
309, 46141, 0.004, 70.0, 1601186810, 2020-09-27 06:06:50, 1, 11, -14.9798803857, 43.8258302565, 505.157875
310, 46142, 0.004, 70.0, 1601186990, 2020-09-27 06:09:50, 3, 14, -26.2701079502, 41.4150466874, 509.208125
311, 46143, 0.004, 70.0, 1601187976, 2020-09-27 06:26:16, 363, 24, -82.6136993215, -40.2257434134, 524.17075
312, 46144, 0.004, 70.0, 1601188156, 2020-09-27 06:29:16, 2555, 25, -77.4335814028, -104.744188418, 522.09953125
313, 46145, 0.004, 70.0, 1601188336, 2020-09-27 06:32:16, 327, 26, -67.2066503674, -122.821144658, 518.31059375
314, 46146, 0.004, 70.0, 1601188516, 2020-09-27 06:35:16, 39, 26, -56.2379812788, -130.271337419, 513.170625
315, 46147, 0.004, 70.0, 1601188696, 2020-09-27 06:38:16, 10, 24, -45.0619169112, -134.693160906, 507.2195
316, 46148, 0.004, 70.0, 1601188876, 2020-09-27 06:41:16, 5, 23, -33.7976748014, -137.899839098, 501.0968125
317, 46149, 0.004, 70.0, 1601189056, 2020-09-27 06:44:16, 0, 21, -22.4864614807, -140.529257022, 495.45340625
318, 46150, 0.004, 70.0, 1601189236, 2020-09-27 06:47:16, 0, 19, -11.1472939033, -142.872326096, 490.86178125
319, 46151, 0.004, 70.0, 1601189416, 2020-09-27 06:50:16, 0, 17, 0.208424596538, -145.095388746, 487.73853125
320, 46152, 0.004, 70.0, 1601189596, 2020-09-27 06:53:16, 3, 15, 11.5716740469, -147.321634264, 486.29034375
321, 46153, 0.004, 70.0, 1601189776, 2020-09-27 06:56:16, 2, 13, 22.9330431542, -149.675454056, 486.4919375
322, 46154, 0.004, 70.0, 1601189956, 2020-09-27 06:59:16, 4, 11, 34.2799066473, -152.327848737, 488.09896875
323, 46155, 0.004, 70.0, 1601190136, 2020-09-27 07:02:16, 7, 9, 45.5909287227, -155.582488517, 490.69403125
324, 46156, 0.004, 70.0, 1601190316, 2020-09-27 07:05:16, 36, 7, 56.8203607734, -160.116067559, 493.75878125
325, 46157, 0.004, 70.0, 1601190496, 2020-09-27 07:08:16, 69, 6, 67.8361206012, -167.896445325, 496.760625
326, 46158, 0.004, 70.0, 1601190676, 2020-09-27 07:11:16, 1, 5, 78.0281357096, 172.517710336, 499.2398125
327, 46159, 0.004, 70.0, 1601190856, 2020-09-27 07:14:16, 1, 5, 82.4455605547, 103.919484057, 500.8828125
328, 46160, 0.004, 70.0, 1601191036, 2020-09-27 07:17:16, 452, 6, 74.7613108715, 56.2288083347, 501.569375
329, 46161, 0.004, 70.0, 1601191216, 2020-09-27 07:20:16, 68, 6, 64.1471149404, 42.7594533121, 501.38578125
330, 46162, 0.004, 70.0, 1601191396, 2020-09-27 07:23:16, 0, 7, 53.0540476165, 36.4874476924, 500.6021875
331, 46163, 0.004, 70.0, 1601191576, 2020-09-27 07:26:16, 0, 7, 41.8184205842, 32.5117311809, 499.61890625
332, 46164, 2.0, 70.0, 1601191758, 2020-09-27 07:29:18, 9, 8, 30.4017969541, 29.4829213599, 498.8858125
333, 46165, 2.0, 70.0, 1601191938, 2020-09-27 07:32:18, 3, 10, 19.088095737, 26.9631877357, 498.84809375
334, 46166, 2.0, 70.0, 1601192118, 2020-09-27 07:35:18, 7, 10, 7.76772569391, 24.6737954112, 499.8115
335, 46167, 2.0, 70.0, 1601192298, 2020-09-27 07:38:18, 10, 11, -3.54999060721, 22.4672669416, 501.92290625
336, 46168, 0.004, 70.0, 1601192476, 2020-09-27 07:41:16, 1, 11, -14.7323235944, 20.2506980939, 505.08584375
337, 46169, 0.004, 70.0, 1601192656, 2020-09-27 07:44:16, 6, 12, -26.0230173193, 17.8453086667, 509.11578125
338, 46170, 0.004, 70.0, 1601192836, 2020-09-27 07:47:16, 80, 14, -37.2851010893, 15.083986129, 513.5533125
339, 46171, 0.004, 70.0, 1601193552, 2020-09-27 07:59:12, 1986, 17, -79.8481625571, -27.9755361763, 524.485625
340, 46172, 0.004, 70.0, 1601193732, 2020-09-27 08:02:12, 29, 17, -81.5278085266, -103.741919629, 523.38009375
341, 46173, 0.004, 70.0, 1601193912, 2020-09-27 08:05:12, 2309, 19, -72.7208533289, -139.485412872, 520.452625
342, 46174, 0.004, 70.0, 1601194092, 2020-09-27 08:08:12, 453, 20, -62.0029546357, -150.610711859, 515.958625
343, 46175, 0.004, 70.0, 1601194272, 2020-09-27 08:11:12, 25, 21, -50.9096106891, -156.230837394, 510.35534375
344, 46176, 0.004, 70.0, 1601194452, 2020-09-27 08:14:12, 1, 20, -39.6835083556, -159.951623925, 504.2408125
345, 46177, 2.0, 70.0, 1601194634, 2020-09-27 08:17:14, 80, 19, -28.2677948482, -162.861503077, 498.2083125
346, 46178, 2.0, 70.0, 1601194814, 2020-09-27 08:20:14, 20, 18, -16.9410889509, -165.324947405, 493.0196875
347, 46179, 2.0, 70.0, 1601194994, 2020-09-27 08:23:14, 11, 16, -5.59254907328, -167.592433605, 489.11115625
348, 46180, 0.004, 70.0, 1601195172, 2020-09-27 08:26:12, 0, 14, 5.64174649898, -169.777834592, 486.81765625
349, 46181, 0.004, 70.0, 1601195352, 2020-09-27 08:29:12, 0, 12, 17.0054293329, -172.047984566, 486.18165625
350, 46182, 0.004, 70.0, 1601195532, 2020-09-27 08:32:12, 5, 10, 28.3618072795, -174.517985875, 487.1041875
351, 46183, 0.004, 70.0, 1601195712, 2020-09-27 08:35:12, 2, 8, 39.6951060168, -177.406486535, 489.25025
352, 46184, 0.004, 70.0, 1601195892, 2020-09-27 08:38:12, 36, 6, 50.9755595806, 178.853707998, 492.14378125
353, 46185, 0.004, 70.0, 1601196072, 2020-09-27 08:41:12, 66, 5, 62.1304742674, 173.178421855, 495.24815625
354, 46186, 0.004, 70.0, 1601196252, 2020-09-27 08:44:12, 5, 3, 72.905575795, 161.832084286, 498.05503125
355, 46187, 0.004, 70.0, 1601196432, 2020-09-27 08:47:12, 0, 3, 81.6664818573, 124.715115134, 500.166625
356, 46188, 0.004, 70.0, 1601196612, 2020-09-27 08:50:12, 1, 4, 79.5967706145, 49.1901413016, 501.35775
357, 46189, 0.004, 70.0, 1601196792, 2020-09-27 08:53:12, 186, 6, 69.7952237606, 24.5655642336, 501.607375
358, 46190, 0.004, 70.0, 1601196972, 2020-09-27 08:56:12, 1, 7, 58.8711899582, 15.6924979274, 501.0945
359, 46191, 0.004, 70.0, 1601197152, 2020-09-27 08:59:12, 0, 9, 47.6921920244, 10.7872695095, 500.1598125
360, 46192, 2.0, 70.0, 1601197514, 2020-09-27 09:05:14, 14, 12, 24.9960659343, 4.61231660911, 498.769375
361, 46193, 2.0, 70.0, 1601197694, 2020-09-27 09:08:14, 25, 13, 13.6777731225, 2.2249191808, 499.174375
