# ordinar image ID, original image ID, exposure [s], dacs, bias [V], detector type, UTC time, human readable time, chip-board id, adrenalin mode, anomaly mode, latitude [deg], longitude [deg], 
1, 38605, 0.002, [1 100 255 127 127 0 385 7 130 128 80 85 128 128], 70.0, TPX, 1574976827, 2019-11-28 21:33:47, I07-W0167, 0, 0, 69.472483662, -162.832078622 
2, 38606, 0.002, [1 100 255 127 127 0 385 7 130 128 80 85 128 128], 70.0, TPX, 1574977007, 2019-11-28 21:36:47, I07-W0167, 0, 0, 58.551823973, -171.543274568 
3, 38607, 0.002, [1 100 255 127 127 0 385 7 130 128 80 85 128 128], 70.0, TPX, 1574977187, 2019-11-28 21:39:47, I07-W0167, 0, 0, 47.3826478512, -176.404115294 
4, 38608, 0.002, [1 100 255 127 127 0 385 7 130 128 80 85 128 128], 70.0, TPX, 1574977367, 2019-11-28 21:42:47, I07-W0167, 0, 0, 36.1256286665, -179.806437424 
5, 38609, 0.002, [1 100 255 127 127 0 385 7 130 128 80 85 128 128], 70.0, TPX, 1574977547, 2019-11-28 21:45:47, I07-W0167, 0, 0, 24.8323531301, 177.466305332 
6, 38610, 1.5, [1 100 255 127 127 0 385 7 130 128 80 85 128 128], 70.0, TPX, 1574977729, 2019-11-28 21:48:49, I07-W0167, 0, 0, 13.3992431308, 175.049388253 
7, 38611, 1.5, [1 100 255 127 127 0 385 7 130 128 80 85 128 128], 70.0, TPX, 1574977909, 2019-11-28 21:51:49, I07-W0167, 0, 0, 2.08942167462, 172.810465904 
8, 38612, 1.5, [1 100 255 127 127 0 385 7 130 128 80 85 128 128], 70.0, TPX, 1574978089, 2019-11-28 21:54:49, I07-W0167, 0, 0, -9.21485153355, 170.594028537 
9, 38616, 0.002, [1 100 255 127 127 0 385 7 130 128 80 85 128 128], 70.0, TPX, 1574979750, 2019-11-28 22:22:30, I07-W0167, 0, 0, -64.6347562961, 0.633000214327 
10, 38617, 0.002, [1 100 255 127 127 0 385 7 130 128 80 85 128 128], 70.0, TPX, 1574979930, 2019-11-28 22:25:30, I07-W0167, 0, 0, -53.6024537501, -5.81850154939 
11, 38618, 0.002, [1 100 255 127 127 0 385 7 130 128 80 85 128 128], 70.0, TPX, 1574980110, 2019-11-28 22:28:30, I07-W0167, 0, 0, -42.4040888149, -9.87515751015 
12, 38619, 0.002, [1 100 255 127 127 0 385 7 130 128 80 85 128 128], 70.0, TPX, 1574980290, 2019-11-28 22:31:30, I07-W0167, 0, 0, -31.1305883837, -12.9185728369 
13, 38621, 1.5, [1 100 255 127 127 0 385 7 130 128 80 85 128 128], 70.0, TPX, 1574980652, 2019-11-28 22:37:32, I07-W0167, 0, 0, -8.35089749045, -17.8049132204 
14, 38622, 1.5, [1 100 255 127 127 0 385 7 130 128 80 85 128 128], 70.0, TPX, 1574980832, 2019-11-28 22:40:32, I07-W0167, 0, 0, 3.00183121412, -20.0251396344 
15, 38623, 1.5, [1 100 255 127 127 0 385 7 130 128 80 85 128 128], 70.0, TPX, 1574981012, 2019-11-28 22:43:32, I07-W0167, 0, 0, 14.3590486336, -22.2775413619 
16, 38624, 1.5, [1 100 255 127 127 0 385 7 130 128 80 85 128 128], 70.0, TPX, 1574981192, 2019-11-28 22:46:32, I07-W0167, 0, 0, 25.7107342403, -24.6935056296 
17, 38626, 1.5, [1 100 255 127 127 0 385 7 130 128 80 85 128 128], 70.0, TPX, 1574981552, 2019-11-28 22:52:32, I07-W0167, 0, 0, 48.3296979757, -30.9581978242 
18, 38627, 0.002, [1 100 255 127 127 0 385 7 130 128 80 85 128 128], 70.0, TPX, 1574981730, 2019-11-28 22:55:30, I07-W0167, 0, 0, 59.3906463351, -35.9532927485 
19, 38628, 0.002, [1 100 255 127 127 0 385 7 130 128 80 85 128 128], 70.0, TPX, 1574981910, 2019-11-28 22:58:30, I07-W0167, 0, 0, 70.2950296832, -45.2053303932 
20, 38631, 0.002, [1 100 255 127 127 0 385 7 130 128 80 85 128 128], 70.0, TPX, 1574982450, 2019-11-28 23:07:30, I07-W0167, 0, 0, 72.4150589296, 177.596734624 
21, 38632, 0.002, [1 100 255 127 127 0 385 7 130 128 80 85 128 128], 70.0, TPX, 1574982630, 2019-11-28 23:10:30, I07-W0167, 0, 0, 61.6425050626, 166.674715728 
22, 38633, 0.002, [1 100 255 127 127 0 385 7 130 128 80 85 128 128], 70.0, TPX, 1574982810, 2019-11-28 23:13:30, I07-W0167, 0, 0, 50.5174041515, 161.113944537 
23, 38635, 1.5, [1 100 255 127 127 0 385 7 130 128 80 85 128 128], 70.0, TPX, 1574983172, 2019-11-28 23:19:32, I07-W0167, 0, 0, 27.866089225, 154.516063761 
24, 38636, 1.5, [1 100 255 127 127 0 385 7 130 128 80 85 128 128], 70.0, TPX, 1574983352, 2019-11-28 23:22:32, I07-W0167, 0, 0, 16.5611016218, 152.056471661 
25, 38637, 1.5, [1 100 255 127 127 0 385 7 130 128 80 85 128 128], 70.0, TPX, 1574983532, 2019-11-28 23:25:32, I07-W0167, 0, 0, 5.25109425634, 149.789777762 
26, 38638, 1.5, [1 100 255 127 127 0 385 7 130 128 80 85 128 128], 70.0, TPX, 1574983712, 2019-11-28 23:28:32, I07-W0167, 0, 0, -6.05539214657, 147.578749905 
27, 38639, 0.002, [1 100 255 127 127 0 385 7 130 128 80 85 128 128], 70.0, TPX, 1574985360, 2019-11-28 23:56:00, I07-W0167, 0, 0, -68.4304153608, -19.4918316338 
28, 38640, 0.002, [1 100 255 127 127 0 385 7 130 128 80 85 128 128], 70.0, TPX, 1574985540, 2019-11-28 23:59:00, I07-W0167, 0, 0, -57.5103089172, -27.5873560352 
29, 38641, 0.002, [1 100 255 127 127 0 385 7 130 128 80 85 128 128], 70.0, TPX, 1574985720, 2019-11-29 00:02:00, I07-W0167, 0, 0, -46.3542706642, -32.2451591429 
30, 38642, 0.002, [1 100 255 127 127 0 385 7 130 128 80 85 128 128], 70.0, TPX, 1574985900, 2019-11-29 00:05:00, I07-W0167, 0, 0, -35.1016842723, -35.5617658147 
31, 38643, 0.002, [1 100 255 127 127 0 385 7 130 128 80 85 128 128], 70.0, TPX, 1574986080, 2019-11-29 00:08:00, I07-W0167, 0, 0, -23.7990069805, -38.2491583848 
32, 38644, 0.002, [1 100 255 127 127 0 385 7 130 128 80 85 128 128], 70.0, TPX, 1574986260, 2019-11-29 00:11:00, I07-W0167, 0, 0, -12.467111847, -40.6236531589 
33, 38645, 1.5, [1 100 255 127 127 0 385 7 130 128 80 85 128 128], 70.0, TPX, 1574986442, 2019-11-29 00:14:02, I07-W0167, 0, 0, -0.992011872446, -42.8859108495 
34, 38646, 1.5, [1 100 255 127 127 0 385 7 130 128 80 85 128 128], 70.0, TPX, 1574986622, 2019-11-29 00:17:02, I07-W0167, 0, 0, 10.3647002198, -45.1134404432 
35, 38647, 1.5, [1 100 255 127 127 0 385 7 130 128 80 85 128 128], 70.0, TPX, 1574986802, 2019-11-29 00:20:02, I07-W0167, 0, 0, 21.7196583408, -47.4544297243 
36, 38648, 1.5, [1 100 255 127 127 0 385 7 130 128 80 85 128 128], 70.0, TPX, 1574986982, 2019-11-29 00:23:02, I07-W0167, 0, 0, 33.0606461636, -50.0725163649 
37, 38652, 0.002, [1 100 255 127 127 0 385 7 130 128 80 85 128 128], 70.0, TPX, 1574987700, 2019-11-29 00:35:00, I07-W0167, 0, 0, 76.8769687968, -81.7895277152 
38, 38654, 0.002, [1 100 255 127 127 0 385 7 130 128 80 85 128 128], 70.0, TPX, 1574988060, 2019-11-29 00:41:00, I07-W0167, 0, 0, 75.9636973728, 161.252283188 
39, 38657, 1.5, [1 100 255 127 127 0 385 7 130 128 80 85 128 128], 70.0, TPX, 1574988782, 2019-11-29 00:53:02, I07-W0167, 0, 0, 31.8394663968, 131.823265681 
40, 38658, 1.5, [1 100 255 127 127 0 385 7 130 128 80 85 128 128], 70.0, TPX, 1574988962, 2019-11-29 00:56:02, I07-W0167, 0, 0, 20.539135275, 129.251836063 
41, 38659, 1.5, [1 100 255 127 127 0 385 7 130 128 80 85 128 128], 70.0, TPX, 1574989142, 2019-11-29 00:59:02, I07-W0167, 0, 0, 9.22981989311, 126.935254463 
42, 38660, 1.5, [1 100 255 127 127 0 385 7 130 128 80 85 128 128], 70.0, TPX, 1574989322, 2019-11-29 01:02:02, I07-W0167, 0, 0, -2.07868525758, 124.7182297 
43, 38662, 0.002, [1 100 255 127 127 0 385 7 130 128 80 85 128 128], 70.0, TPX, 1574990908, 2019-11-29 01:28:28, I07-W0167, 0, 0, -75.6144902912, -31.4815269183 
44, 38663, 0.002, [1 100 255 127 127 0 385 7 130 128 80 85 128 128], 70.0, TPX, 1574991088, 2019-11-29 01:31:28, I07-W0167, 0, 0, -65.1558860693, -46.2218537868 
45, 38664, 0.002, [1 100 255 127 127 0 385 7 130 128 80 85 128 128], 70.0, TPX, 1574991268, 2019-11-29 01:34:28, I07-W0167, 0, 0, -54.1361544865, -52.860319546 
46, 38665, 0.002, [1 100 255 127 127 0 385 7 130 128 80 85 128 128], 70.0, TPX, 1574991448, 2019-11-29 01:37:28, I07-W0167, 0, 0, -42.942690212, -56.988601993 
47, 38666, 0.002, [1 100 255 127 127 0 385 7 130 128 80 85 128 128], 70.0, TPX, 1574991628, 2019-11-29 01:40:28, I07-W0167, 0, 0, -31.671614498, -60.0653187608 
48, 38667, 0.002, [1 100 255 127 127 0 385 7 130 128 80 85 128 128], 70.0, TPX, 1574991808, 2019-11-29 01:43:28, I07-W0167, 0, 0, -20.3583435828, -62.6333059639 
49, 38668, 1.5, [1 100 255 127 127 0 385 7 130 128 80 85 128 128], 70.0, TPX, 1574991990, 2019-11-29 01:46:30, I07-W0167, 0, 0, -8.89404523224, -64.976026698 
50, 38669, 1.5, [1 100 255 127 127 0 385 7 130 128 80 85 128 128], 70.0, TPX, 1574992170, 2019-11-29 01:49:30, I07-W0167, 0, 0, 2.45833833434, -67.1976686686 
51, 38670, 1.5, [1 100 255 127 127 0 385 7 130 128 80 85 128 128], 70.0, TPX, 1574992350, 2019-11-29 01:52:30, I07-W0167, 0, 0, 13.8156054862, -69.4457912827 
52, 38671, 1.5, [1 100 255 127 127 0 385 7 130 128 80 85 128 128], 70.0, TPX, 1574992710, 2019-11-29 01:58:30, I07-W0167, 0, 0, 36.5011797878, -74.5996744448 
53, 38673, 0.002, [1 100 255 127 127 0 385 7 130 128 80 85 128 128], 70.0, TPX, 1574993068, 2019-11-29 02:04:28, I07-W0167, 0, 0, 58.8591893158, -82.9298004762 
54, 38675, 0.002, [1 100 255 127 127 0 385 7 130 128 80 85 128 128], 70.0, TPX, 1574993428, 2019-11-29 02:10:28, I07-W0167, 0, 0, 79.5726463864, -116.536455377 
55, 38677, 0.002, [1 100 255 127 127 0 385 7 130 128 80 85 128 128], 70.0, TPX, 1574993788, 2019-11-29 02:16:28, I07-W0167, 0, 0, 72.910739418, 131.143443293 
56, 38680, 1.5, [1 100 255 127 127 0 385 7 130 128 80 85 128 128], 70.0, TPX, 1574994330, 2019-11-29 02:25:30, I07-W0167, 0, 0, 39.6931389223, 110.255399757 
57, 38681, 1.5, [1 100 255 127 127 0 385 7 130 128 80 85 128 128], 70.0, TPX, 1574994510, 2019-11-29 02:28:30, I07-W0167, 0, 0, 28.4083977073, 107.36340887 
58, 38682, 1.5, [1 100 255 127 127 0 385 7 130 128 80 85 128 128], 70.0, TPX, 1574994690, 2019-11-29 02:31:30, I07-W0167, 0, 0, 17.1040794626, 104.890176881 
59, 38683, 1.5, [1 100 255 127 127 0 385 7 130 128 80 85 128 128], 70.0, TPX, 1574994870, 2019-11-29 02:34:30, I07-W0167, 0, 0, 5.79420784718, 102.617697813 
60, 38684, 1.5, [1 100 255 127 127 0 385 7 130 128 80 85 128 128], 70.0, TPX, 1574995050, 2019-11-29 02:37:30, I07-W0167, 0, 0, -5.51253340716, 100.406704107 
61, 38686, 0.002, [1 100 255 127 127 0 385 7 130 128 80 85 128 128], 70.0, TPX, 1574995850, 2019-11-29 02:50:50, I07-W0167, 0, 0, -55.4678398839, 86.9981275227 
62, 38689, 0.002, [1 100 255 127 127 0 385 7 130 128 80 85 128 128], 70.0, TPX, 1574996570, 2019-11-29 03:02:50, I07-W0167, 0, 0, -76.2238592783, -53.5275094995 
63, 38690, 0.002, [1 100 255 127 127 0 385 7 130 128 80 85 128 128], 70.0, TPX, 1574996750, 2019-11-29 03:05:50, I07-W0167, 0, 0, -65.8374774767, -69.2819213841 
64, 38691, 0.002, [1 100 255 127 127 0 385 7 130 128 80 85 128 128], 70.0, TPX, 1574996930, 2019-11-29 03:08:50, I07-W0167, 0, 0, -54.8354531593, -76.1811227846 
65, 38692, 0.002, [1 100 255 127 127 0 385 7 130 128 80 85 128 128], 70.0, TPX, 1574997110, 2019-11-29 03:11:50, I07-W0167, 0, 0, -43.6488771306, -80.4078009368 
66, 38693, 0.002, [1 100 255 127 127 0 385 7 130 128 80 85 128 128], 70.0, TPX, 1574997290, 2019-11-29 03:14:50, I07-W0167, 0, 0, -32.3812370017, -83.5299213872 
67, 38695, 1.5, [1 100 255 127 127 0 385 7 130 128 80 85 128 128], 70.0, TPX, 1574997832, 2019-11-29 03:23:52, I07-W0167, 0, 0, 1.74504449721, -90.6978497503 
68, 38696, 1.5, [1 100 255 127 127 0 385 7 130 128 80 85 128 128], 70.0, TPX, 1574998012, 2019-11-29 03:26:52, I07-W0167, 0, 0, 13.102303218, -92.9407882508 
69, 38698, 0.002, [1 100 255 127 127 0 385 7 130 128 80 85 128 128], 70.0, TPX, 1574998370, 2019-11-29 03:32:50, I07-W0167, 0, 0, 35.6644952749, -98.0177976338 
70, 38700, 0.002, [1 100 255 127 127 0 385 7 130 128 80 85 128 128], 70.0, TPX, 1574998730, 2019-11-29 03:38:50, I07-W0167, 0, 0, 58.1610005488, -106.184839238 
71, 38704, 0.002, [1 100 255 127 127 0 385 7 130 128 80 85 128 128], 70.0, TPX, 1574999450, 2019-11-29 03:50:50, I07-W0167, 0, 0, 73.5557346718, 108.655947038 
72, 38708, 1.5, [1 100 255 127 127 0 385 7 130 128 80 85 128 128], 70.0, TPX, 1575000172, 2019-11-29 04:02:52, I07-W0167, 0, 0, 29.1187732394, 83.8905963564 
73, 38709, 1.5, [1 100 255 127 127 0 385 7 130 128 80 85 128 128], 70.0, TPX, 1575000352, 2019-11-29 04:05:52, I07-W0167, 0, 0, 17.8152592494, 81.3987452721 
74, 38710, 1.5, [1 100 255 127 127 0 385 7 130 128 80 85 128 128], 70.0, TPX, 1575000532, 2019-11-29 04:08:52, I07-W0167, 0, 0, 6.50550673546, 79.1182065802 
75, 38711, 1.5, [1 100 255 127 127 0 385 7 130 128 80 85 128 128], 70.0, TPX, 1575000712, 2019-11-29 04:11:52, I07-W0167, 0, 0, -4.80160377598, 76.9068440442 
76, 38712, 1.5, [1 100 255 127 127 0 385 7 130 128 80 85 128 128], 70.0, TPX, 1575000892, 2019-11-29 04:14:52, I07-W0167, 0, 0, -16.0989983433, 74.646474901 
77, 38713, 1.5, [1 100 255 127 127 0 385 7 130 128 80 85 128 128], 70.0, TPX, 1575001072, 2019-11-29 04:17:52, I07-W0167, 0, 0, -27.378799624, 72.2023463483 
78, 38714, 1.5, [1 100 255 127 127 0 385 7 130 128 80 85 128 128], 70.0, TPX, 1575001252, 2019-11-29 04:20:52, I07-W0167, 0, 0, -38.628858846, 69.3694639187 
79, 38715, 0.002, [1 100 255 127 127 0 385 7 130 128 80 85 128 128], 70.0, TPX, 1575001430, 2019-11-29 04:23:50, I07-W0167, 0, 0, -49.7009233382, 65.7997748325 
80, 38716, 0.002, [1 100 255 127 127 0 385 7 130 128 80 85 128 128], 70.0, TPX, 1575001610, 2019-11-29 04:26:50, I07-W0167, 0, 0, -60.7835063218, 60.4710729786 
81, 38719, 0.002, [1 100 255 127 127 0 385 7 130 128 80 85 128 128], 70.0, TPX, 1575002150, 2019-11-29 04:35:50, I07-W0167, 0, 0, -80.6642198986, -56.8920572691 
82, 38720, 0.002, [1 100 255 127 127 0 385 7 130 128 80 85 128 128], 70.0, TPX, 1575002330, 2019-11-29 04:38:50, I07-W0167, 0, 0, -71.3642684769, -86.7636061474 
83, 38721, 0.002, [1 100 255 127 127 0 385 7 130 128 80 85 128 128], 70.0, TPX, 1575002690, 2019-11-29 04:44:50, I07-W0167, 0, 0, -49.4619486796, -102.054015961 
84, 38722, 0.002, [1 100 255 127 127 0 385 7 130 128 80 85 128 128], 70.0, TPX, 1575002870, 2019-11-29 04:47:50, I07-W0167, 0, 0, -38.2292893645, -105.642269501 
85, 38723, 0.002, [1 100 255 127 127 0 385 7 130 128 80 85 128 128], 70.0, TPX, 1575003050, 2019-11-29 04:50:50, I07-W0167, 0, 0, -26.9375369603, -108.462796119 
86, 38725, 1.5, [1 100 255 127 127 0 385 7 130 128 80 85 128 128], 70.0, TPX, 1575003412, 2019-11-29 04:56:52, I07-W0167, 0, 0, -4.1405746531, -113.189341665 
87, 38726, 1.5, [1 100 255 127 127 0 385 7 130 128 80 85 128 128], 70.0, TPX, 1575003592, 2019-11-29 04:59:52, I07-W0167, 0, 0, 7.21502678634, -115.407752957 
88, 38727, 1.5, [1 100 255 127 127 0 385 7 130 128 80 85 128 128], 70.0, TPX, 1575003772, 2019-11-29 05:02:52, I07-W0167, 0, 0, 18.5715695112, -117.703611763 
89, 38728, 0.002, [1 100 255 127 127 0 385 7 130 128 80 85 128 128], 70.0, TPX, 1575003950, 2019-11-29 05:05:50, I07-W0167, 0, 0, 29.791997665, -120.19376213 
90, 38729, 0.002, [1 100 255 127 127 0 385 7 130 128 80 85 128 128], 70.0, TPX, 1575004310, 2019-11-29 05:11:50, I07-W0167, 0, 0, 52.3711482279, -127.082335756 
91, 38730, 0.002, [1 100 255 127 127 0 385 7 130 128 80 85 128 128], 70.0, TPX, 1575004490, 2019-11-29 05:14:50, I07-W0167, 0, 0, 63.4871205912, -133.176558382 
92, 38733, 0.002, [1 100 255 127 127 0 385 7 130 128 80 85 128 128], 70.0, TPX, 1575005030, 2019-11-29 05:23:50, I07-W0167, 0, 0, 78.5434051805, 98.990471213 
93, 38736, 1.5, [1 100 255 127 127 0 385 7 130 128 80 85 128 128], 70.0, TPX, 1575005572, 2019-11-29 05:32:52, I07-W0167, 0, 0, 46.2338510141, 65.0036070018 
94, 38737, 1.5, [1 100 255 127 127 0 385 7 130 128 80 85 128 128], 70.0, TPX, 1575005752, 2019-11-29 05:35:52, I07-W0167, 0, 0, 34.9719892252, 61.6947696702 
95, 38738, 1.5, [1 100 255 127 127 0 385 7 130 128 80 85 128 128], 70.0, TPX, 1575005932, 2019-11-29 05:38:52, I07-W0167, 0, 0, 23.6769088114, 59.0135994024 
96, 38739, 1.5, [1 100 255 127 127 0 385 7 130 128 80 85 128 128], 70.0, TPX, 1575006112, 2019-11-29 05:41:52, I07-W0167, 0, 0, 12.3691122928, 56.6446575721 
97, 38740, 1.5, [1 100 255 127 127 0 385 7 130 128 80 85 128 128], 70.0, TPX, 1575006292, 2019-11-29 05:44:52, I07-W0167, 0, 0, 1.05974707188, 54.4127020158 
98, 38741, 1.5, [1 100 255 127 127 0 385 7 130 128 80 85 128 128], 70.0, TPX, 1575006472, 2019-11-29 05:47:52, I07-W0167, 0, 0, -10.2435266875, 52.1925695169 
99, 38745, 0.002, [1 100 255 127 127 0 385 7 130 128 80 85 128 128], 70.0, TPX, 1575007633, 2019-11-29 06:07:13, I07-W0167, 0, 0, -80.3710750097, -0.697798912666 
100, 38746, 0.002, [1 100 255 127 127 0 385 7 130 128 80 85 128 128], 70.0, TPX, 1575007813, 2019-11-29 06:10:13, I07-W0167, 0, 0, -81.051833134, -77.1831456867 
101, 38747, 0.002, [1 100 255 127 127 0 385 7 130 128 80 85 128 128], 70.0, TPX, 1575007993, 2019-11-29 06:13:13, I07-W0167, 0, 0, -71.9608376895, -109.517254383 
102, 38748, 0.002, [1 100 255 127 127 0 385 7 130 128 80 85 128 128], 70.0, TPX, 1575008173, 2019-11-29 06:16:13, I07-W0167, 0, 0, -61.2048197105, -120.010316909 
103, 38749, 0.002, [1 100 255 127 127 0 385 7 130 128 80 85 128 128], 70.0, TPX, 1575008353, 2019-11-29 06:19:13, I07-W0167, 0, 0, -50.1025862727, -125.45011179 
104, 38751, 1.5, [1 100 255 127 127 0 385 7 130 128 80 85 128 128], 70.0, TPX, 1575008715, 2019-11-29 06:25:15, I07-W0167, 0, 0, -27.4595153845, -131.982299806 
105, 38752, 1.5, [1 100 255 127 127 0 385 7 130 128 80 85 128 128], 70.0, TPX, 1575009075, 2019-11-29 06:31:15, I07-W0167, 0, 0, -4.79044708886, -136.701468748 
106, 38753, 1.5, [1 100 255 127 127 0 385 7 130 128 80 85 128 128], 70.0, TPX, 1575009255, 2019-11-29 06:34:15, I07-W0167, 0, 0, 6.56485809113, -138.919135548 
107, 38754, 1.5, [1 100 255 127 127 0 385 7 130 128 80 85 128 128], 70.0, TPX, 1575009435, 2019-11-29 06:37:15, I07-W0167, 0, 0, 17.921630908, -141.207057675 
108, 38755, 0.002, [1 100 255 127 127 0 385 7 130 128 80 85 128 128], 70.0, TPX, 1575009613, 2019-11-29 06:40:13, I07-W0167, 0, 0, 29.1429999204, -143.679545173 
109, 38757, 0.002, [1 100 255 127 127 0 385 7 130 128 80 85 128 128], 70.0, TPX, 1575009973, 2019-11-29 06:46:13, I07-W0167, 0, 0, 51.7291889931, -150.457005282 
110, 38758, 0.002, [1 100 255 127 127 0 385 7 130 128 80 85 128 128], 70.0, TPX, 1575010153, 2019-11-29 06:49:13, I07-W0167, 0, 0, 62.8577049989, -156.361294007 
111, 38759, 0.002, [1 100 255 127 127 0 385 7 130 128 80 85 128 128], 70.0, TPX, 1575010333, 2019-11-29 06:52:13, I07-W0167, 0, 0, 73.5672367104, -168.45302378 
112, 38761, 0.002, [1 100 255 127 127 0 385 7 130 128 80 85 128 128], 70.0, TPX, 1575010693, 2019-11-29 06:58:13, I07-W0167, 0, 0, 79.0376240084, 77.6124777175 
113, 38762, 0.002, [1 100 255 127 127 0 385 7 130 128 80 85 128 128], 70.0, TPX, 1575010873, 2019-11-29 07:01:13, I07-W0167, 0, 0, 69.1097391454, 54.909133825 
114, 38764, 1.5, [1 100 255 127 127 0 385 7 130 128 80 85 128 128], 70.0, TPX, 1575011234, 2019-11-29 07:07:14, I07-W0167, 0, 0, 46.9398466874, 41.6057592293 
115, 38765, 1.5, [1 100 255 127 127 0 385 7 130 128 80 85 128 128], 70.0, TPX, 1575011415, 2019-11-29 07:10:15, I07-W0167, 0, 0, 35.6186100641, 38.223961817 
116, 38766, 1.5, [1 100 255 127 127 0 385 7 130 128 80 85 128 128], 70.0, TPX, 1575011595, 2019-11-29 07:13:15, I07-W0167, 0, 0, 24.324823971, 35.5174105663 
117, 38767, 1.5, [1 100 255 127 127 0 385 7 130 128 80 85 128 128], 70.0, TPX, 1575011775, 2019-11-29 07:16:15, I07-W0167, 0, 0, 13.0174688535, 33.1360924332 
118, 38768, 1.5, [1 100 255 127 127 0 385 7 130 128 80 85 128 128], 70.0, TPX, 1575011955, 2019-11-29 07:19:15, I07-W0167, 0, 0, 1.70801868205, 30.8998987445 
119, 38770, 0.002, [1 100 255 127 127 0 385 7 130 128 80 85 128 128], 70.0, TPX, 1575012313, 2019-11-29 07:25:13, I07-W0167, 0, 0, -20.761422074, 26.389684072 
120, 38771, 0.002, [1 100 255 127 127 0 385 7 130 128 80 85 128 128], 70.0, TPX, 1575012493, 2019-11-29 07:28:13, I07-W0167, 0, 0, -32.0308619577, 23.8166476516 
121, 38772, 0.002, [1 100 255 127 127 0 385 7 130 128 80 85 128 128], 70.0, TPX, 1575013257, 2019-11-29 07:40:57, I07-W0167, 0, 0, -78.1189157538, -12.4903942543 
122, 38774, 0.002, [1 100 255 127 127 0 385 7 130 128 80 85 128 128], 70.0, TPX, 1575013617, 2019-11-29 07:46:57, I07-W0167, 0, 0, -74.7514753991, -128.052400203 
123, 38776, 0.002, [1 100 255 127 127 0 385 7 130 128 80 85 128 128], 70.0, TPX, 1575013977, 2019-11-29 07:52:57, I07-W0167, 0, 0, -53.1610220392, -147.846315736 
124, 38778, 1.5, [1 100 255 127 127 0 385 7 130 128 80 85 128 128], 70.0, TPX, 1575014339, 2019-11-29 07:58:59, I07-W0167, 0, 0, -30.5562821727, -154.893103864 
125, 38779, 1.5, [1 100 255 127 127 0 385 7 130 128 80 85 128 128], 70.0, TPX, 1575014519, 2019-11-29 08:01:59, I07-W0167, 0, 0, -19.2396268988, -157.427445555 
126, 38783, 0.002, [1 100 255 127 127 0 385 7 130 128 80 85 128 128], 70.0, TPX, 1575015417, 2019-11-29 08:16:57, I07-W0167, 0, 0, 37.3675756235, -169.389688602 
127, 38784, 0.002, [1 100 255 127 127 0 385 7 130 128 80 85 128 128], 70.0, TPX, 1575015597, 2019-11-29 08:19:57, I07-W0167, 0, 0, 48.6524517347, -172.91107459 
128, 38785, 0.002, [1 100 255 127 127 0 385 7 130 128 80 85 128 128], 70.0, TPX, 1575015777, 2019-11-29 08:22:57, I07-W0167, 0, 0, 59.8317945931, -178.046434279 
129, 38786, 0.002, [1 100 255 127 127 0 385 7 130 128 80 85 128 128], 70.0, TPX, 1575015957, 2019-11-29 08:25:57, I07-W0167, 0, 0, 70.7157351851, 172.406733422 
130, 38788, 1.5, [1 100 255 127 127 0 385 7 130 128 80 85 128 128], 70.0, TPX, 1575017044, 2019-11-29 08:44:04, I07-W0167, 0, 0, 38.3949282821, 15.332955062 
131, 38789, 1.5, [1 100 255 127 127 0 385 7 130 128 80 85 128 128], 70.0, TPX, 1575017224, 2019-11-29 08:47:04, I07-W0167, 0, 0, 27.1072313027, 12.5052003969 
132, 38790, 1.5, [1 100 255 127 127 0 385 7 130 128 80 85 128 128], 70.0, TPX, 1575017404, 2019-11-29 08:50:04, I07-W0167, 0, 0, 15.8019875673, 10.0640105331 
133, 38791, 1.5, [1 100 255 127 127 0 385 7 130 128 80 85 128 128], 70.0, TPX, 1575017584, 2019-11-29 08:53:04, I07-W0167, 0, 0, 4.49230506276, 7.80494595601 
134, 38792, 1.5, [1 100 255 127 127 0 385 7 130 128 80 85 128 128], 70.0, TPX, 1575017764, 2019-11-29 08:56:04, I07-W0167, 0, 0, -6.81347825755, 5.59347413702 
135, 38794, 0.002, [1 100 255 127 127 0 385 7 130 128 80 85 128 128], 70.0, TPX, 1575018887, 2019-11-29 09:14:47, I07-W0167, 0, 0, -75.8698847246, -28.9740995875 
136, 38795, 0.002, [1 100 255 127 127 0 385 7 130 128 80 85 128 128], 70.0, TPX, 1575019067, 2019-11-29 09:17:47, I07-W0167, 0, 0, -82.6257546053, -83.2939178608 
137, 38797, 0.002, [1 100 255 127 127 0 385 7 130 128 80 85 128 128], 70.0, TPX, 1575019427, 2019-11-29 09:23:47, I07-W0167, 0, 0, -66.8128011693, -162.956101197 
138, 38798, 0.002, [1 100 255 127 127 0 385 7 130 128 80 85 128 128], 70.0, TPX, 1575019607, 2019-11-29 09:26:47, I07-W0167, 0, 0, -55.8382751935, -170.264212363 
139, 38801, 1.5, [1 100 255 127 127 0 385 7 130 128 80 85 128 128], 70.0, TPX, 1575020149, 2019-11-29 09:35:49, I07-W0167, 0, 0, -21.9648313961, 179.514870309 
140, 38802, 1.5, [1 100 255 127 127 0 385 7 130 128 80 85 128 128], 70.0, TPX, 1575020329, 2019-11-29 09:38:49, I07-W0167, 0, 0, -10.6290720831, 177.172402292 
141, 38804, 1.5, [1 100 255 127 127 0 385 7 130 128 80 85 128 128], 70.0, TPX, 1575020689, 2019-11-29 09:44:49, I07-W0167, 0, 0, 12.0792766305, 172.708067708 
142, 38807, 0.002, [1 100 255 127 127 0 385 7 130 128 80 85 128 128], 70.0, TPX, 1575021227, 2019-11-29 09:53:47, I07-W0167, 0, 0, 45.9440734084, 164.396642734 
143, 38808, 0.002, [1 100 255 127 127 0 385 7 130 128 80 85 128 128], 70.0, TPX, 1575021407, 2019-11-29 09:56:47, I07-W0167, 0, 0, 57.1579633636, 159.786784139 
144, 38809, 0.002, [1 100 255 127 127 0 385 7 130 128 80 85 128 128], 70.0, TPX, 1575021587, 2019-11-29 09:59:47, I07-W0167, 0, 0, 68.1481373028, 151.813016398 
145, 38811, 0.002, [1 100 255 127 127 0 385 7 130 128 80 85 128 128], 70.0, TPX, 1575022127, 2019-11-29 10:08:47, I07-W0167, 0, 0, 74.4706863223, 15.9073808013 
146, 38814, 0.002, [1 100 255 127 127 0 385 7 130 128 80 85 128 128], 70.0, TPX, 1575022667, 2019-11-29 10:17:47, I07-W0167, 0, 0, 41.5440109042, -7.40159169595 
147, 38815, 1.5, [1 100 255 127 127 0 385 7 130 128 80 85 128 128], 70.0, TPX, 1575022849, 2019-11-29 10:20:49, I07-W0167, 0, 0, 30.1395245202, -10.4244780354 
148, 38816, 1.5, [1 100 255 127 127 0 385 7 130 128 80 85 128 128], 70.0, TPX, 1575023029, 2019-11-29 10:23:49, I07-W0167, 0, 0, 18.8374585303, -12.944564268 
149, 38817, 1.5, [1 100 255 127 127 0 385 7 130 128 80 85 128 128], 70.0, TPX, 1575023209, 2019-11-29 10:26:49, I07-W0167, 0, 0, 7.52808765314, -15.2376158665 
150, 38819, 1.5, [1 100 255 127 127 0 385 7 130 128 80 85 128 128], 70.0, TPX, 1575023569, 2019-11-29 10:32:49, I07-W0167, 0, 0, -15.0778850625, -19.7012213281 
151, 38822, 0.002, [1 100 255 127 127 0 385 7 130 128 80 85 128 128], 70.0, TPX, 1575024783, 2019-11-29 10:53:03, I07-W0167, 0, 0, -82.4016697591, -127.877438077 
152, 38825, 0.002, [1 100 255 127 127 0 385 7 130 128 80 85 128 128], 70.0, TPX, 1575025323, 2019-11-29 11:02:03, I07-W0167, 0, 0, -53.1991754759, 164.891558241 
153, 38829, 1.5, [1 100 255 127 127 0 385 7 130 128 80 85 128 128], 70.0, TPX, 1575026045, 2019-11-29 11:14:05, I07-W0167, 0, 0, -7.93752675798, 152.99917437 
154, 38830, 1.5, [1 100 255 127 127 0 385 7 130 128 80 85 128 128], 70.0, TPX, 1575026225, 2019-11-29 11:17:05, I07-W0167, 0, 0, 3.41587685466, 150.779786361 
155, 38831, 1.5, [1 100 255 127 127 0 385 7 130 128 80 85 128 128], 70.0, TPX, 1575026405, 2019-11-29 11:20:05, I07-W0167, 0, 0, 14.7732774086, 148.523897822 
156, 38834, 0.002, [1 100 255 127 127 0 385 7 130 128 80 85 128 128], 70.0, TPX, 1575026943, 2019-11-29 11:29:03, I07-W0167, 0, 0, 48.614622732, 139.824176595 
157, 38835, 0.002, [1 100 255 127 127 0 385 7 130 128 80 85 128 128], 70.0, TPX, 1575027123, 2019-11-29 11:32:03, I07-W0167, 0, 0, 59.7943993074, 134.697081434 
158, 38836, 0.002, [1 100 255 127 127 0 385 7 130 128 80 85 128 128], 70.0, TPX, 1575027303, 2019-11-29 11:35:03, I07-W0167, 0, 0, 70.6799449938, 125.176084601 
159, 38837, 0.002, [1 100 255 127 127 0 385 7 130 128 80 85 128 128], 70.0, TPX, 1575027843, 2019-11-29 11:44:03, I07-W0167, 0, 0, 72.039241431, -12.1121930197 
160, 38839, 1.5, [1 100 255 127 127 0 385 7 130 128 80 85 128 128], 70.0, TPX, 1575028205, 2019-11-29 11:50:05, I07-W0167, 0, 0, 49.9895637174, -28.2042826266 
161, 38840, 1.5, [1 100 255 127 127 0 385 7 130 128 80 85 128 128], 70.0, TPX, 1575028385, 2019-11-29 11:53:05, I07-W0167, 0, 0, 38.7473455526, -31.8475806615 
162, 38841, 1.5, [1 100 255 127 127 0 385 7 130 128 80 85 128 128], 70.0, TPX, 1575028565, 2019-11-29 11:56:05, I07-W0167, 0, 0, 27.4606799318, -34.6922246769 
163, 38842, 1.5, [1 100 255 127 127 0 385 7 130 128 80 85 128 128], 70.0, TPX, 1575028745, 2019-11-29 11:59:05, I07-W0167, 0, 0, 16.1558886965, -37.1418242111 
164, 38843, 1.5, [1 100 255 127 127 0 385 7 130 128 80 85 128 128], 70.0, TPX, 1575028925, 2019-11-29 12:02:05, I07-W0167, 0, 0, 4.8463103523, -39.4043414488 
165, 38845, 0.002, [1 100 255 127 127 0 385 7 130 128 80 85 128 128], 70.0, TPX, 1575029283, 2019-11-29 12:08:03, I07-W0167, 0, 0, -17.6295003022, -43.8673134104 
166, 38846, 0.002, [1 100 255 127 127 0 385 7 130 128 80 85 128 128], 70.0, TPX, 1575029643, 2019-11-29 12:14:03, I07-W0167, 0, 0, -40.150881125, -49.259010099 
167, 38847, 0.002, [1 100 255 127 127 0 385 7 130 128 80 85 128 128], 70.0, TPX, 1575029823, 2019-11-29 12:17:03, I07-W0167, 0, 0, -51.3364701914, -53.0346601245 
168, 38848, 0.002, [1 100 255 127 127 0 385 7 130 128 80 85 128 128], 70.0, TPX, 1575030003, 2019-11-29 12:20:03, I07-W0167, 0, 0, -62.3919817202, -58.7784906308 
169, 38849, 0.002, [1 100 255 127 127 0 385 7 130 128 80 85 128 128], 70.0, TPX, 1575030183, 2019-11-29 12:23:03, I07-W0167, 0, 0, -73.0606347495, -70.286464626 
170, 38850, 0.002, [1 100 255 127 127 0 385 7 130 128 80 85 128 128], 70.0, TPX, 1575030363, 2019-11-29 12:26:03, I07-W0167, 0, 0, -81.6816517074, -107.766014371 
171, 38854, 0.002, [1 100 255 127 127 0 385 7 130 128 80 85 128 128], 70.0, TPX, 1575031443, 2019-11-29 12:44:03, I07-W0167, 0, 0, -25.273422841, 132.964153159 
172, 38855, 1.5, [1 100 255 127 127 0 385 7 130 128 80 85 128 128], 70.0, TPX, 1575031625, 2019-11-29 12:47:05, I07-W0167, 0, 0, -13.8179678778, 130.534996381 
173, 38856, 1.5, [1 100 255 127 127 0 385 7 130 128 80 85 128 128], 70.0, TPX, 1575031805, 2019-11-29 12:50:05, I07-W0167, 0, 0, -2.47011678211, 128.28806905 
174, 38857, 1.5, [1 100 255 127 127 0 385 7 130 128 80 85 128 128], 70.0, TPX, 1575031985, 2019-11-29 12:53:05, I07-W0167, 0, 0, 8.88638175999, 126.065907985 
175, 38858, 1.5, [1 100 255 127 127 0 385 7 130 128 80 85 128 128], 70.0, TPX, 1575032165, 2019-11-29 12:56:05, I07-W0167, 0, 0, 20.2422781782, 123.747536875 
176, 38859, 0.002, [1 100 255 127 127 0 385 7 130 128 80 85 128 128], 70.0, TPX, 1575032970, 2019-11-29 13:09:30, I07-W0167, 0, 0, 70.3091613446, 102.02291811 
177, 38862, 0.002, [1 100 255 127 127 0 385 7 130 128 80 85 128 128], 70.0, TPX, 1575033510, 2019-11-29 13:18:30, I07-W0167, 0, 0, 72.4035500609, -35.1756039946 
178, 38863, 0.002, [1 100 255 127 127 0 385 7 130 128 80 85 128 128], 70.0, TPX, 1575033690, 2019-11-29 13:21:30, I07-W0167, 0, 0, 61.631180609, -46.0865204186 
179, 38865, 1.5, [1 100 255 127 127 0 385 7 130 128 80 85 128 128], 70.0, TPX, 1575034052, 2019-11-29 13:27:32, I07-W0167, 0, 0, 39.1425915244, -55.3759772547 
180, 38866, 0.002, [1 100 255 127 127 0 385 7 130 128 80 85 128 128], 70.0, TPX, 1575035018, 2019-11-29 13:43:38, I07-W0167, 0, 0, -21.4964597116, -68.325462674 
181, 38867, 0.002, [1 100 255 127 127 0 385 7 130 128 80 85 128 128], 70.0, TPX, 1575035198, 2019-11-29 13:46:38, I07-W0167, 0, 0, -32.7640998405, -70.9224645207 
182, 38868, 0.002, [1 100 255 127 127 0 385 7 130 128 80 85 128 128], 70.0, TPX, 1575035378, 2019-11-29 13:49:38, I07-W0167, 0, 0, -43.9928557024, -74.0606768967 
183, 38869, 0.002, [1 100 255 127 127 0 385 7 130 128 80 85 128 128], 70.0, TPX, 1575035558, 2019-11-29 13:52:38, I07-W0167, 0, 0, -55.1460184458, -78.3252216177 
184, 38870, 0.002, [1 100 255 127 127 0 385 7 130 128 80 85 128 128], 70.0, TPX, 1575035738, 2019-11-29 13:55:38, I07-W0167, 0, 0, -66.1182733837, -85.3287473275 
185, 38871, 0.002, [1 100 255 127 127 0 385 7 130 128 80 85 128 128], 70.0, TPX, 1575035986, 2019-11-29 13:59:46, I07-W0167, 0, 0, -79.7962121382, -115.13637588 
186, 38874, 0.002, [1 100 255 127 127 0 385 7 130 128 80 85 128 128], 70.0, TPX, 1575036706, 2019-11-29 14:11:46, I07-W0167, 0, 0, -50.9431639934, 116.681036821 
187, 38875, 0.002, [1 100 255 127 127 0 385 7 130 128 80 85 128 128], 70.0, TPX, 1575036886, 2019-11-29 14:14:46, I07-W0167, 0, 0, -39.7210060942, 112.941016478 
188, 38876, 0.002, [1 100 255 127 127 0 385 7 130 128 80 85 128 128], 70.0, TPX, 1575037066, 2019-11-29 14:17:46, I07-W0167, 0, 0, -28.4346871054, 110.047311214 
189, 38877, 1.5, [1 100 255 127 127 0 385 7 130 128 80 85 128 128], 70.0, TPX, 1575037248, 2019-11-29 14:20:48, I07-W0167, 0, 0, -16.9863713975, 107.544764053 
190, 38878, 1.5, [1 100 255 127 127 0 385 7 130 128 80 85 128 128], 70.0, TPX, 1575037428, 2019-11-29 14:23:48, I07-W0167, 0, 0, -5.64250251554, 105.269143097 
191, 38879, 1.5, [1 100 255 127 127 0 385 7 130 128 80 85 128 128], 70.0, TPX, 1575037608, 2019-11-29 14:26:48, I07-W0167, 0, 0, 5.71251408896, 103.051879278 
192, 38880, 1.5, [1 100 255 127 127 0 385 7 130 128 80 85 128 128], 70.0, TPX, 1575037788, 2019-11-29 14:29:48, I07-W0167, 0, 0, 17.0696092054, 100.77363553 
193, 38881, 1.5, [1 100 255 127 127 0 385 7 130 128 80 85 128 128], 70.0, TPX, 1575037968, 2019-11-29 14:32:48, I07-W0167, 0, 0, 28.4181221892, 98.2939148612 
194, 38882, 0.002, [1 100 255 127 127 0 385 7 130 128 80 85 128 128], 70.0, TPX, 1575038146, 2019-11-29 14:35:46, I07-W0167, 0, 0, 39.6165178602, 95.428623184 
195, 38883, 0.002, [1 100 255 127 127 0 385 7 130 128 80 85 128 128], 70.0, TPX, 1575038326, 2019-11-29 14:38:46, I07-W0167, 0, 0, 50.8868149327, 91.6842520098 
196, 38885, 0.002, [1 100 255 127 127 0 385 7 130 128 80 85 128 128], 70.0, TPX, 1575038686, 2019-11-29 14:44:46, I07-W0167, 0, 0, 72.7948242776, 74.7211698497 
197, 38888, 0.002, [1 100 255 127 127 0 385 7 130 128 80 85 128 128], 70.0, TPX, 1575039226, 2019-11-29 14:53:46, I07-W0167, 0, 0, 69.9115555425, -62.332688848 
198, 38889, 0.002, [1 100 255 127 127 0 385 7 130 128 80 85 128 128], 70.0, TPX, 1575039406, 2019-11-29 14:56:46, I07-W0167, 0, 0, 59.0103277418, -71.3197561341 
199, 38890, 0.002, [1 100 255 127 127 0 385 7 130 128 80 85 128 128], 70.0, TPX, 1575039586, 2019-11-29 14:59:46, I07-W0167, 0, 0, 47.847978394, -76.272339961 
200, 38891, 1.5, [1 100 255 127 127 0 385 7 130 128 80 85 128 128], 70.0, TPX, 1575039768, 2019-11-29 15:02:48, I07-W0167, 0, 0, 36.4689515402, -79.747820248 
201, 38892, 1.5, [1 100 255 127 127 0 385 7 130 128 80 85 128 128], 70.0, TPX, 1575039948, 2019-11-29 15:05:48, I07-W0167, 0, 0, 25.1868194574, -82.4882765577 
202, 38893, 1.5, [1 100 255 127 127 0 385 7 130 128 80 85 128 128], 70.0, TPX, 1575040128, 2019-11-29 15:08:48, I07-W0167, 0, 0, 13.8802361512, -84.8868818996 
203, 38894, 1.5, [1 100 255 127 127 0 385 7 130 128 80 85 128 128], 70.0, TPX, 1575040308, 2019-11-29 15:11:48, I07-W0167, 0, 0, 2.57075172212, -87.1292944755 
204, 38895, 1.5, [1 100 255 127 127 0 385 7 130 128 80 85 128 128], 70.0, TPX, 1575040488, 2019-11-29 15:14:48, I07-W0167, 0, 0, -8.73371507923, -89.344249691 
205, 38897, 0.002, [1 100 255 127 127 0 385 7 130 128 80 85 128 128], 70.0, TPX, 1575042384, 2019-11-29 15:46:24, I07-W0167, 0, 0, -50.6595745391, 92.9289310424 
206, 38898, 0.002, [1 100 255 127 127 0 385 7 130 128 80 85 128 128], 70.0, TPX, 1575042564, 2019-11-29 15:49:24, I07-W0167, 0, 0, -39.4351626774, 89.2192708896 
207, 38899, 1.5, [1 100 255 127 127 0 385 7 130 128 80 85 128 128], 70.0, TPX, 1575042746, 2019-11-29 15:52:26, I07-W0167, 0, 0, -28.0220224438, 86.3109900017 
208, 38900, 1.5, [1 100 255 127 127 0 385 7 130 128 80 85 128 128], 70.0, TPX, 1575042926, 2019-11-29 15:55:26, I07-W0167, 0, 0, -16.6987077354, 83.844977523 
209, 38901, 1.5, [1 100 255 127 127 0 385 7 130 128 80 85 128 128], 70.0, TPX, 1575043106, 2019-11-29 15:58:26, I07-W0167, 0, 0, -5.35453704442, 81.5724438128 
210, 38903, 1.5, [1 100 255 127 127 0 385 7 130 128 80 85 128 128], 70.0, TPX, 1575043466, 2019-11-29 16:04:26, I07-W0167, 0, 0, 17.35736166, 77.0738011883 
211, 38904, 1.5, [1 100 255 127 127 0 385 7 130 128 80 85 128 128], 70.0, TPX, 1575043646, 2019-11-29 16:07:26, I07-W0167, 0, 0, 28.7052838324, 74.5867175759 
212, 38905, 1.5, [1 100 255 127 127 0 385 7 130 128 80 85 128 128], 70.0, TPX, 1575043826, 2019-11-29 16:10:26, I07-W0167, 0, 0, 40.0281426256, 71.6708210272 
213, 38906, 1.5, [1 100 255 127 127 0 385 7 130 128 80 85 128 128], 70.0, TPX, 1575044006, 2019-11-29 16:13:26, I07-W0167, 0, 0, 51.2953114715, 67.8818350573 
214, 38908, 0.002, [1 100 255 127 127 0 385 7 130 128 80 85 128 128], 70.0, TPX, 1575044364, 2019-11-29 16:19:24, I07-W0167, 0, 0, 73.0553276925, 50.6339954806 
215, 38911, 0.002, [1 100 255 127 127 0 385 7 130 128 80 85 128 128], 70.0, TPX, 1575044904, 2019-11-29 16:28:24, I07-W0167, 0, 0, 69.6437848063, -86.3006217746 
216, 38912, 0.002, [1 100 255 127 127 0 385 7 130 128 80 85 128 128], 70.0, TPX, 1575045264, 2019-11-29 16:34:24, I07-W0167, 0, 0, 47.5655500719, -100.012964192 
217, 38913, 0.002, [1 100 255 127 127 0 385 7 130 128 80 85 128 128], 70.0, TPX, 1575045444, 2019-11-29 16:37:24, I07-W0167, 0, 0, 36.3104672458, -103.430531305 
218, 38914, 1.5, [1 100 255 127 127 0 385 7 130 128 80 85 128 128], 70.0, TPX, 1575045626, 2019-11-29 16:40:26, I07-W0167, 0, 0, 24.8928737288, -106.193322333 
219, 38915, 1.5, [1 100 255 127 127 0 385 7 130 128 80 85 128 128], 70.0, TPX, 1575045806, 2019-11-29 16:43:26, I07-W0167, 0, 0, 13.5861555263, -108.585882958 
220, 38916, 1.5, [1 100 255 127 127 0 385 7 130 128 80 85 128 128], 70.0, TPX, 1575045986, 2019-11-29 16:46:26, I07-W0167, 0, 0, 2.27675754183, -110.826068892 
221, 38917, 1.5, [1 100 255 127 127 0 385 7 130 128 80 85 128 128], 70.0, TPX, 1575046166, 2019-11-29 16:49:26, I07-W0167, 0, 0, -9.02745760973, -113.041857391 
222, 38919, 0.002, [1 100 255 127 127 0 385 7 130 128 80 85 128 128], 70.0, TPX, 1575046994, 2019-11-29 17:03:14, I07-W0167, 0, 0, -60.6208658573, -128.543149295 
223, 38920, 0.002, [1 100 255 127 127 0 385 7 130 128 80 85 128 128], 70.0, TPX, 1575047174, 2019-11-29 17:06:14, I07-W0167, 0, 0, -71.3916507053, -138.557804881 
224, 38922, 0.002, [1 100 255 127 127 0 385 7 130 128 80 85 128 128], 70.0, TPX, 1575047534, 2019-11-29 17:12:14, I07-W0167, 0, 0, -80.765907755, 114.818171027 
225, 38924, 0.002, [1 100 255 127 127 0 385 7 130 128 80 85 128 128], 70.0, TPX, 1575047894, 2019-11-29 17:18:14, I07-W0167, 0, 0, -60.733577639, 74.2161934739 
226, 38926, 0.002, [1 100 255 127 127 0 385 7 130 128 80 85 128 128], 70.0, TPX, 1575048254, 2019-11-29 17:24:14, I07-W0167, 0, 0, -38.3905057346, 65.2869778901 
227, 38927, 1.5, [1 100 255 127 127 0 385 7 130 128 80 85 128 128], 70.0, TPX, 1575048436, 2019-11-29 17:27:16, I07-W0167, 0, 0, -26.9730949251, 62.4300600248 
228, 38928, 1.5, [1 100 255 127 127 0 385 7 130 128 80 85 128 128], 70.0, TPX, 1575048616, 2019-11-29 17:30:16, I07-W0167, 0, 0, -15.6472735373, 59.9892236233 
229, 38929, 1.5, [1 100 255 127 127 0 385 7 130 128 80 85 128 128], 70.0, TPX, 1575048796, 2019-11-29 17:33:16, I07-W0167, 0, 0, -4.30165441937, 57.7270171592 
230, 38930, 1.5, [1 100 255 127 127 0 385 7 130 128 80 85 128 128], 70.0, TPX, 1575048976, 2019-11-29 17:36:16, I07-W0167, 0, 0, 7.05398287857, 55.5088517548 
231, 38931, 1.5, [1 100 255 127 127 0 385 7 130 128 80 85 128 128], 70.0, TPX, 1575049156, 2019-11-29 17:39:16, I07-W0167, 0, 0, 18.4105204808, 53.2150624959 
232, 38932, 1.5, [1 100 255 127 127 0 385 7 130 128 80 85 128 128], 70.0, TPX, 1575049336, 2019-11-29 17:42:16, I07-W0167, 0, 0, 29.7569178135, 50.6995550514 
233, 38933, 1.5, [1 100 255 127 127 0 385 7 130 128 80 85 128 128], 70.0, TPX, 1575049516, 2019-11-29 17:45:16, I07-W0167, 0, 0, 41.0762214932, 47.7267220457 
234, 38939, 0.002, [1 100 255 127 127 0 385 7 130 128 80 85 128 128], 70.0, TPX, 1575050594, 2019-11-29 18:03:14, I07-W0167, 0, 0, 68.6535644711, -111.079694306 
235, 38940, 0.002, [1 100 255 127 127 0 385 7 130 128 80 85 128 128], 70.0, TPX, 1575050774, 2019-11-29 18:06:14, I07-W0167, 0, 0, 57.7027768178, -119.314088407 
236, 38941, 0.002, [1 100 255 127 127 0 385 7 130 128 80 85 128 128], 70.0, TPX, 1575050954, 2019-11-29 18:09:14, I07-W0167, 0, 0, 46.5248443935, -124.013285876 
237, 38942, 0.002, [1 100 255 127 127 0 385 7 130 128 80 85 128 128], 70.0, TPX, 1575051134, 2019-11-29 18:12:14, I07-W0167, 0, 0, 35.264946284, -127.344901888 
238, 38943, 1.5, [1 100 255 127 127 0 385 7 130 128 80 85 128 128], 70.0, TPX, 1575051316, 2019-11-29 18:15:16, I07-W0167, 0, 0, 23.8453617668, -130.065038385 
239, 38944, 1.5, [1 100 255 127 127 0 385 7 130 128 80 85 128 128], 70.0, TPX, 1575051496, 2019-11-29 18:18:16, I07-W0167, 0, 0, 12.5380544606, -132.43704014 
240, 38945, 1.5, [1 100 255 127 127 0 385 7 130 128 80 85 128 128], 70.0, TPX, 1575051676, 2019-11-29 18:21:16, I07-W0167, 0, 0, 1.22888197906, -134.669992904 
241, 38946, 1.5, [1 100 255 127 127 0 385 7 130 128 80 85 128 128], 70.0, TPX, 1575051856, 2019-11-29 18:24:16, I07-W0167, 0, 0, -10.0744769443, -136.889394573 
242, 38947, 0.002, [1 100 255 127 127 0 385 7 130 128 80 85 128 128], 70.0, TPX, 1575052689, 2019-11-29 18:38:09, I07-W0167, 0, 0, -61.9422547445, -153.031535806 
243, 38948, 0.002, [1 100 255 127 127 0 385 7 130 128 80 85 128 128], 70.0, TPX, 1575052869, 2019-11-29 18:41:09, I07-W0167, 0, 0, -72.6396218891, -164.126822941 
244, 38951, 0.002, [1 100 255 127 127 0 385 7 130 128 80 85 128 128], 70.0, TPX, 1575053409, 2019-11-29 18:50:09, I07-W0167, 0, 0, -70.2516853028, 58.9729939278 
245, 38952, 0.002, [1 100 255 127 127 0 385 7 130 128 80 85 128 128], 70.0, TPX, 1575053589, 2019-11-29 18:53:09, I07-W0167, 0, 0, -59.4053107512, 49.7811814761 
246, 38953, 0.002, [1 100 255 127 127 0 385 7 130 128 80 85 128 128], 70.0, TPX, 1575053769, 2019-11-29 18:56:09, I07-W0167, 0, 0, -48.2737621415, 44.7539573419 
247, 38954, 0.002, [1 100 255 127 127 0 385 7 130 128 80 85 128 128], 70.0, TPX, 1575053949, 2019-11-29 18:59:09, I07-W0167, 0, 0, -37.0321279579, 41.2763426208 
248, 38955, 1.5, [1 100 255 127 127 0 385 7 130 128 80 85 128 128], 70.0, TPX, 1575054131, 2019-11-29 19:02:11, I07-W0167, 0, 0, -25.6095074217, 38.4814462883 
249, 38956, 1.5, [1 100 255 127 127 0 385 7 130 128 80 85 128 128], 70.0, TPX, 1575054311, 2019-11-29 19:05:11, I07-W0167, 0, 0, -14.280622694, 36.0708437192 
250, 38957, 1.5, [1 100 255 127 127 0 385 7 130 128 80 85 128 128], 70.0, TPX, 1575054491, 2019-11-29 19:08:11, I07-W0167, 0, 0, -2.93326379882, 33.8203920106 
251, 38958, 1.5, [1 100 255 127 127 0 385 7 130 128 80 85 128 128], 70.0, TPX, 1575054671, 2019-11-29 19:11:11, I07-W0167, 0, 0, 8.42300977393, 31.5995696626 
252, 38960, 1.5, [1 100 255 127 127 0 385 7 130 128 80 85 128 128], 70.0, TPX, 1575055031, 2019-11-29 19:17:11, I07-W0167, 0, 0, 31.1231947039, 26.7324537003 
253, 38961, 1.5, [1 100 255 127 127 0 385 7 130 128 80 85 128 128], 70.0, TPX, 1575055212, 2019-11-29 19:20:12, I07-W0167, 0, 0, 42.500206652, 23.6607349234 
254, 38967, 0.002, [1 100 255 127 127 0 385 7 130 128 80 85 128 128], 70.0, TPX, 1575056289, 2019-11-29 19:38:09, I07-W0167, 0, 0, 67.3575633971, -136.06605625 
255, 38968, 0.002, [1 100 255 127 127 0 385 7 130 128 80 85 128 128], 70.0, TPX, 1575056469, 2019-11-29 19:41:09, I07-W0167, 0, 0, 56.3634381934, -143.638359132 
256, 38969, 0.002, [1 100 255 127 127 0 385 7 130 128 80 85 128 128], 70.0, TPX, 1575056649, 2019-11-29 19:44:09, I07-W0167, 0, 0, 45.1712784851, -148.105521415 
257, 38970, 1.5, [1 100 255 127 127 0 385 7 130 128 80 85 128 128], 70.0, TPX, 1575056831, 2019-11-29 19:47:11, I07-W0167, 0, 0, 33.7802544039, -151.36574829 
258, 38971, 1.5, [1 100 255 127 127 0 385 7 130 128 80 85 128 128], 70.0, TPX, 1575057011, 2019-11-29 19:50:11, I07-W0167, 0, 0, 22.4837037918, -154.002515498 
259, 38972, 1.5, [1 100 255 127 127 0 385 7 130 128 80 85 128 128], 70.0, TPX, 1575057191, 2019-11-29 19:53:11, I07-W0167, 0, 0, 11.1757424949, -156.349983214 
260, 38973, 1.5, [1 100 255 127 127 0 385 7 130 128 80 85 128 128], 70.0, TPX, 1575057371, 2019-11-29 19:56:11, I07-W0167, 0, 0, -0.133058768461, -158.575094921 
261, 38974, 1.5, [1 100 255 127 127 0 385 7 130 128 80 85 128 128], 70.0, TPX, 1575057551, 2019-11-29 19:59:11, I07-W0167, 0, 0, -11.4352282117, -160.800712061 
262, 38976, 0.002, [1 100 255 127 127 0 385 7 130 128 80 85 128 128], 70.0, TPX, 1575058492, 2019-11-29 20:14:52, I07-W0167, 0, 0, -69.7202146231, 176.37363899 
263, 38979, 0.002, [1 100 255 127 127 0 385 7 130 128 80 85 128 128], 70.0, TPX, 1575059032, 2019-11-29 20:23:52, I07-W0167, 0, 0, -73.158934832, 39.7005872436 
264, 38980, 0.002, [1 100 255 127 127 0 385 7 130 128 80 85 128 128], 70.0, TPX, 1575059212, 2019-11-29 20:26:52, I07-W0167, 0, 0, -62.4798316133, 28.0818753915 
265, 38981, 0.002, [1 100 255 127 127 0 385 7 130 128 80 85 128 128], 70.0, TPX, 1575059392, 2019-11-29 20:29:52, I07-W0167, 0, 0, -51.399857762, 22.3048962696 
266, 38982, 0.002, [1 100 255 127 127 0 385 7 130 128 80 85 128 128], 70.0, TPX, 1575059572, 2019-11-29 20:32:52, I07-W0167, 0, 0, -40.1809920139, 18.5147901487 
267, 38983, 0.002, [1 100 255 127 127 0 385 7 130 128 80 85 128 128], 70.0, TPX, 1575059752, 2019-11-29 20:35:52, I07-W0167, 0, 0, -28.896344714, 15.5971672696 
268, 38984, 0.002, [1 100 255 127 127 0 385 7 130 128 80 85 128 128], 70.0, TPX, 1575059932, 2019-11-29 20:38:52, I07-W0167, 0, 0, -17.5749339209, 13.1087842138 
269, 38985, 1.5, [1 100 255 127 127 0 385 7 130 128 80 85 128 128], 70.0, TPX, 1575060114, 2019-11-29 20:41:54, I07-W0167, 0, 0, -6.10570460065, 10.8019655153 
270, 38986, 1.5, [1 100 255 127 127 0 385 7 130 128 80 85 128 128], 70.0, TPX, 1575060294, 2019-11-29 20:44:54, I07-W0167, 0, 0, 5.24901147553, 8.58469742703 
271, 38987, 1.5, [1 100 255 127 127 0 385 7 130 128 80 85 128 128], 70.0, TPX, 1575060474, 2019-11-29 20:47:54, I07-W0167, 0, 0, 16.6060937854, 6.31145935361 
272, 38988, 1.5, [1 100 255 127 127 0 385 7 130 128 80 85 128 128], 70.0, TPX, 1575060654, 2019-11-29 20:50:54, I07-W0167, 0, 0, 27.9550063352, 3.84353570255 
273, 38989, 1.5, [1 100 255 127 127 0 385 7 130 128 80 85 128 128], 70.0, TPX, 1575060835, 2019-11-29 20:53:55, I07-W0167, 0, 0, 39.3429619538, 0.948320112827 
274, 38990, 0.002, [1 100 255 127 127 0 385 7 130 128 80 85 128 128], 70.0, TPX, 1575062151, 2019-11-29 21:15:51, I07-W0167, 0, 0, 55.8261823436, -167.540442205 
275, 38992, 0.002, [1 100 255 127 127 0 385 7 130 128 80 85 128 128], 70.0, TPX, 1575062511, 2019-11-29 21:21:51, I07-W0167, 0, 0, 33.3611198456, -175.110969239 
276, 38993, 0.002, [1 100 255 127 127 0 385 7 130 128 80 85 128 128], 70.0, TPX, 1575062691, 2019-11-29 21:24:51, I07-W0167, 0, 0, 22.0639579315, -177.732901276 
277, 38994, 1.5, [1 100 255 127 127 0 385 7 130 128 80 85 128 128], 70.0, TPX, 1575062873, 2019-11-29 21:27:53, I07-W0167, 0, 0, 10.6302033332, 179.901622941 
278, 38995, 1.5, [1 100 255 127 127 0 385 7 130 128 80 85 128 128], 70.0, TPX, 1575063053, 2019-11-29 21:30:53, I07-W0167, 0, 0, -0.678396426309, 177.679147687 
279, 38996, 0.002, [1 100 255 127 127 0 385 7 130 128 80 85 128 128], 70.0, TPX, 1575063952, 2019-11-29 21:45:52, I07-W0167, 0, 0, -56.8250975096, 162.6594251 
280, 39000, 0.002, [1 100 255 127 127 0 385 7 130 128 80 85 128 128], 70.0, TPX, 1575064672, 2019-11-29 21:57:52, I07-W0167, 0, 0, -75.0233783997, 19.7987342313 
281, 39001, 0.002, [1 100 255 127 127 0 385 7 130 128 80 85 128 128], 70.0, TPX, 1575064852, 2019-11-29 22:00:52, I07-W0167, 0, 0, -64.5012124375, 5.93594409083 
282, 39002, 0.002, [1 100 255 127 127 0 385 7 130 128 80 85 128 128], 70.0, TPX, 1575065032, 2019-11-29 22:03:52, I07-W0167, 0, 0, -53.4641936459, -0.469697328204 
283, 39003, 0.002, [1 100 255 127 127 0 385 7 130 128 80 85 128 128], 70.0, TPX, 1575065212, 2019-11-29 22:06:52, I07-W0167, 0, 0, -42.2631000501, -4.50852761581 
284, 39004, 0.002, [1 100 255 127 127 0 385 7 130 128 80 85 128 128], 70.0, TPX, 1575065392, 2019-11-29 22:09:52, I07-W0167, 0, 0, -30.9876632602, -7.54357852217 
285, 39006, 1.5, [1 100 255 127 127 0 385 7 130 128 80 85 128 128], 70.0, TPX, 1575065754, 2019-11-29 22:15:54, I07-W0167, 0, 0, -8.20551093757, -12.4237879571 
286, 39007, 1.5, [1 100 255 127 127 0 385 7 130 128 80 85 128 128], 70.0, TPX, 1575065934, 2019-11-29 22:18:54, I07-W0167, 0, 0, 3.14781178001, -14.643705305 
287, 39008, 1.5, [1 100 255 127 127 0 385 7 130 128 80 85 128 128], 70.0, TPX, 1575066114, 2019-11-29 22:21:54, I07-W0167, 0, 0, 14.5051907762, -16.8972886553 
288, 39009, 1.5, [1 100 255 127 127 0 385 7 130 128 80 85 128 128], 70.0, TPX, 1575066294, 2019-11-29 22:24:54, I07-W0167, 0, 0, 25.8565707318, -19.3163350458 
289, 39010, 1.5, [1 100 255 127 127 0 385 7 130 128 80 85 128 128], 70.0, TPX, 1575066474, 2019-11-29 22:27:54, I07-W0167, 0, 0, 37.1876991766, -22.0952658111 
290, 39011, 1.5, [1 100 255 127 127 0 385 7 130 128 80 85 128 128], 70.0, TPX, 1575066654, 2019-11-29 22:30:54, I07-W0167, 0, 0, 48.4730909672, -25.6000254116 
291, 39016, 0.002, [1 100 255 127 127 0 385 7 130 128 80 85 128 128], 70.0, TPX, 1575067552, 2019-11-29 22:45:52, I07-W0167, 0, 0, 72.2891102413, -177.196704105 
292, 39017, 0.002, [1 100 255 127 127 0 385 7 130 128 80 85 128 128], 70.0, TPX, 1575067732, 2019-11-29 22:48:52, I07-W0167, 0, 0, 61.5102930909, 171.9972226 
293, 39018, 0.002, [1 100 255 127 127 0 385 7 130 128 80 85 128 128], 70.0, TPX, 1575067912, 2019-11-29 22:51:52, I07-W0167, 0, 0, 50.3844989156, 166.471230732 
294, 39023, 0.002, [1 100 255 127 127 0 385 7 130 128 80 85 128 128], 70.0, TPX, 1575070268, 2019-11-29 23:31:08, I07-W0167, 0, 0, -79.0134041576, 9.2609792161 
295, 39024, 0.002, [1 100 255 127 127 0 385 7 130 128 80 85 128 128], 70.0, TPX, 1575070448, 2019-11-29 23:34:08, I07-W0167, 0, 0, -69.1291232222, -13.3055021996 
296, 39025, 0.002, [1 100 255 127 127 0 385 7 130 128 80 85 128 128], 70.0, TPX, 1575070628, 2019-11-29 23:37:08, I07-W0167, 0, 0, -58.2341518748, -21.7922700819 
297, 39026, 0.002, [1 100 255 127 127 0 385 7 130 128 80 85 128 128], 70.0, TPX, 1575070808, 2019-11-29 23:40:08, I07-W0167, 0, 0, -47.0859683394, -26.5843598312 
298, 39027, 0.002, [1 100 255 127 127 0 385 7 130 128 80 85 128 128], 70.0, TPX, 1575070988, 2019-11-29 23:43:08, I07-W0167, 0, 0, -35.8364657778, -29.9600271488 
299, 39028, 0.002, [1 100 255 127 127 0 385 7 130 128 80 85 128 128], 70.0, TPX, 1575071168, 2019-11-29 23:46:08, I07-W0167, 0, 0, -24.5351272031, -32.6765538908 
300, 39029, 0.002, [1 100 255 127 127 0 385 7 130 128 80 85 128 128], 70.0, TPX, 1575071348, 2019-11-29 23:49:08, I07-W0167, 0, 0, -13.2038169046, -35.065241798 
301, 39030, 1.5, [1 100 255 127 127 0 385 7 130 128 80 85 128 128], 70.0, TPX, 1575071710, 2019-11-29 23:55:10, I07-W0167, 0, 0, 9.62785941223, -39.5569210447 
302, 39031, 1.5, [1 100 255 127 127 0 385 7 130 128 80 85 128 128], 70.0, TPX, 1575071890, 2019-11-29 23:58:10, I07-W0167, 0, 0, 20.9832290521, -41.8862614381 
303, 39032, 1.5, [1 100 255 127 127 0 385 7 130 128 80 85 128 128], 70.0, TPX, 1575072070, 2019-11-30 00:01:10, I07-W0167, 0, 0, 32.3252636015, -44.4795852279 
304, 39033, 1.5, [1 100 255 127 127 0 385 7 130 128 80 85 128 128], 70.0, TPX, 1575072250, 2019-11-30 00:04:10, I07-W0167, 0, 0, 43.634666922, -47.6082558297 
305, 39035, 0.002, [1 100 255 127 127 0 385 7 130 128 80 85 128 128], 70.0, TPX, 1575072608, 2019-11-30 00:10:08, I07-W0167, 0, 0, 65.8083330595, -58.7056739841 
306, 39038, 0.002, [1 100 255 127 127 0 385 7 130 128 80 85 128 128], 70.0, TPX, 1575073328, 2019-11-30 00:22:08, I07-W0167, 0, 0, 66.2108565978, 151.939566143 
307, 39039, 0.002, [1 100 255 127 127 0 385 7 130 128 80 85 128 128], 70.0, TPX, 1575073508, 2019-11-30 00:25:08, I07-W0167, 0, 0, 55.183939656, 144.875142466 
308, 39040, 0.002, [1 100 255 127 127 0 385 7 130 128 80 85 128 128], 70.0, TPX, 1575073688, 2019-11-30 00:28:08, I07-W0167, 0, 0, 43.9807730978, 140.592436272 
309, 39041, 1.5, [1 100 255 127 127 0 385 7 130 128 80 85 128 128], 70.0, TPX, 1575073870, 2019-11-30 00:31:10, I07-W0167, 0, 0, 32.5853332994, 137.416384648 
310, 39042, 1.5, [1 100 255 127 127 0 385 7 130 128 80 85 128 128], 70.0, TPX, 1575074050, 2019-11-30 00:34:10, I07-W0167, 0, 0, 21.2871109985, 134.820899104 
311, 39043, 1.5, [1 100 255 127 127 0 385 7 130 128 80 85 128 128], 70.0, TPX, 1575074230, 2019-11-30 00:37:10, I07-W0167, 0, 0, 9.97881929117, 132.493075012 
312, 39044, 1.5, [1 100 255 127 127 0 385 7 130 128 80 85 128 128], 70.0, TPX, 1575074410, 2019-11-30 00:40:10, I07-W0167, 0, 0, -1.32948906469, 130.273413796 
313, 39045, 1.5, [1 100 255 127 127 0 385 7 130 128 80 85 128 128], 70.0, TPX, 1575074590, 2019-11-30 00:43:10, I07-W0167, 0, 0, -12.6304916795, 128.040925485 
314, 39048, 0.002, [1 100 255 127 127 0 385 7 130 128 80 85 128 128], 70.0, TPX, 1575075900, 2019-11-30 01:05:00, I07-W0167, 0, 0, -80.7873272282, -3.19977265756 
315, 39049, 0.002, [1 100 255 127 127 0 385 7 130 128 80 85 128 128], 70.0, TPX, 1575076260, 2019-11-30 01:11:00, I07-W0167, 0, 0, -60.7668201696, -43.9595960963 
316, 39050, 0.002, [1 100 255 127 127 0 385 7 130 128 80 85 128 128], 70.0, TPX, 1575076440, 2019-11-30 01:14:00, I07-W0167, 0, 0, -49.6560216746, -49.2928741769 
317, 39051, 0.002, [1 100 255 127 127 0 385 7 130 128 80 85 128 128], 70.0, TPX, 1575076620, 2019-11-30 01:17:00, I07-W0167, 0, 0, -38.4235672653, -52.9002693224 
318, 39052, 0.002, [1 100 255 127 127 0 385 7 130 128 80 85 128 128], 70.0, TPX, 1575076800, 2019-11-30 01:20:00, I07-W0167, 0, 0, -27.1315536063, -55.7300440159 
319, 39053, 0.002, [1 100 255 127 127 0 385 7 130 128 80 85 128 128], 70.0, TPX, 1575076980, 2019-11-30 01:23:00, I07-W0167, 0, 0, -15.8057441714, -58.1746267762 
320, 39054, 1.5, [1 100 255 127 127 0 385 7 130 128 80 85 128 128], 70.0, TPX, 1575077162, 2019-11-30 01:26:02, I07-W0167, 0, 0, -4.33393133207, -60.4630201856 
321, 39055, 1.5, [1 100 255 127 127 0 385 7 130 128 80 85 128 128], 70.0, TPX, 1575077342, 2019-11-30 01:29:02, I07-W0167, 0, 0, 7.02185708381, -62.6811650994 
322, 39056, 1.5, [1 100 255 127 127 0 385 7 130 128 80 85 128 128], 70.0, TPX, 1575077522, 2019-11-30 01:32:02, I07-W0167, 0, 0, 18.3784715257, -64.9745718677 
323, 39057, 1.5, [1 100 255 127 127 0 385 7 130 128 80 85 128 128], 70.0, TPX, 1575077702, 2019-11-30 01:35:02, I07-W0167, 0, 0, 29.7248808112, -67.4891811424 
324, 39058, 1.5, [1 100 255 127 127 0 385 7 130 128 80 85 128 128], 70.0, TPX, 1575077882, 2019-11-30 01:38:02, I07-W0167, 0, 0, 41.0441537551, -70.4601904875 
325, 39059, 0.002, [1 100 255 127 127 0 385 7 130 128 80 85 128 128], 70.0, TPX, 1575078060, 2019-11-30 01:41:00, I07-W0167, 0, 0, 52.1789193839, -74.3137012545 
326, 39060, 0.002, [1 100 255 127 127 0 385 7 130 128 80 85 128 128], 70.0, TPX, 1575078240, 2019-11-30 01:44:00, I07-W0167, 0, 0, 63.2978014078, -80.3490544798 
327, 39062, 1.5, [1 100 255 127 127 0 385 7 130 128 80 85 128 128], 70.0, TPX, 1575079688, 2019-11-30 02:08:08, I07-W0167, 0, 0, 23.5049075726, 111.663381782 
328, 39063, 1.5, [1 100 255 127 127 0 385 7 130 128 80 85 128 128], 70.0, TPX, 1575079868, 2019-11-30 02:11:08, I07-W0167, 0, 0, 12.1977138182, 109.297773084 
329, 39064, 1.5, [1 100 255 127 127 0 385 7 130 128 80 85 128 128], 70.0, TPX, 1575080048, 2019-11-30 02:14:08, I07-W0167, 0, 0, 0.888832206732, 107.06697183 
330, 39065, 1.5, [1 100 255 127 127 0 385 7 130 128 80 85 128 128], 70.0, TPX, 1575080228, 2019-11-30 02:17:08, I07-W0167, 0, 0, -10.4141234686, 104.846197293 
331, 39066, 0.002, [1 100 255 127 127 0 385 7 130 128 80 85 128 128], 70.0, TPX, 1575081096, 2019-11-30 02:31:36, I07-W0167, 0, 0, -64.393199826, 86.997956768 
332, 39068, 0.002, [1 100 255 127 127 0 385 7 130 128 80 85 128 128], 70.0, TPX, 1575081456, 2019-11-30 02:37:36, I07-W0167, 0, 0, -82.4364490823, 25.1770300888 
333, 39069, 0.002, [1 100 255 127 127 0 385 7 130 128 80 85 128 128], 70.0, TPX, 1575081636, 2019-11-30 02:40:36, I07-W0167, 0, 0, -77.9754339699, -42.4632587437 
334, 39070, 0.002, [1 100 255 127 127 0 385 7 130 128 80 85 128 128], 70.0, TPX, 1575081816, 2019-11-30 02:43:36, I07-W0167, 0, 0, -67.8600262633, -61.9613178025 
335, 39071, 0.002, [1 100 255 127 127 0 385 7 130 128 80 85 128 128], 70.0, TPX, 1575081996, 2019-11-30 02:46:36, I07-W0167, 0, 0, -56.9179812521, -69.762309079 
336, 39072, 0.002, [1 100 255 127 127 0 385 7 130 128 80 85 128 128], 70.0, TPX, 1575082176, 2019-11-30 02:49:36, I07-W0167, 0, 0, -45.7530022815, -74.3166997075 
337, 39073, 0.002, [1 100 255 127 127 0 385 7 130 128 80 85 128 128], 70.0, TPX, 1575082536, 2019-11-30 02:55:36, I07-W0167, 0, 0, -23.1894791915, -80.2518062464 
338, 39075, 1.5, [1 100 255 127 127 0 385 7 130 128 80 85 128 128], 70.0, TPX, 1575082898, 2019-11-30 03:01:38, I07-W0167, 0, 0, -0.378996231339, -84.8739523515 
339, 39076, 1.5, [1 100 255 127 127 0 385 7 130 128 80 85 128 128], 70.0, TPX, 1575083078, 2019-11-30 03:04:38, I07-W0167, 0, 0, 10.978180127, -87.1043164737 
340, 39077, 1.5, [1 100 255 127 127 0 385 7 130 128 80 85 128 128], 70.0, TPX, 1575083258, 2019-11-30 03:07:38, I07-W0167, 0, 0, 22.3326831867, -89.4554246801 
341, 39079, 0.002, [1 100 255 127 127 0 385 7 130 128 80 85 128 128], 70.0, TPX, 1575083616, 2019-11-30 03:13:36, I07-W0167, 0, 0, 44.8502288583, -95.2751146824 
342, 39080, 0.002, [1 100 255 127 127 0 385 7 130 128 80 85 128 128], 70.0, TPX, 1575083796, 2019-11-30 03:16:36, I07-W0167, 0, 0, 56.0752690973, -99.7033585472 
343, 39084, 0.002, [1 100 255 127 127 0 385 7 130 128 80 85 128 128], 70.0, TPX, 1575084516, 2019-11-30 03:28:36, I07-W0167, 0, 0, 75.4420963165, 118.065133675 
344, 39085, 0.002, [1 100 255 127 127 0 385 7 130 128 80 85 128 128], 70.0, TPX, 1575084696, 2019-11-30 03:31:36, I07-W0167, 0, 0, 64.9182296372, 103.556698559 
345, 39086, 0.002, [1 100 255 127 127 0 385 7 130 128 80 85 128 128], 70.0, TPX, 1575084876, 2019-11-30 03:34:36, I07-W0167, 0, 0, 53.8591459195, 96.9923198622 
346, 39087, 0.002, [1 100 255 127 127 0 385 7 130 128 80 85 128 128], 70.0, TPX, 1575085056, 2019-11-30 03:37:36, I07-W0167, 0, 0, 42.6447710208, 92.8972799458 
347, 39088, 1.5, [1 100 255 127 127 0 385 7 130 128 80 85 128 128], 70.0, TPX, 1575085238, 2019-11-30 03:40:38, I07-W0167, 0, 0, 31.24473109, 89.8082722526 
348, 39089, 1.5, [1 100 255 127 127 0 385 7 130 128 80 85 128 128], 70.0, TPX, 1575085418, 2019-11-30 03:43:38, I07-W0167, 0, 0, 19.9447500154, 87.2556188242 
349, 39090, 1.5, [1 100 255 127 127 0 385 7 130 128 80 85 128 128], 70.0, TPX, 1575085598, 2019-11-30 03:46:38, I07-W0167, 0, 0, 8.63612533638, 84.947773036 
350, 39091, 1.5, [1 100 255 127 127 0 385 7 130 128 80 85 128 128], 70.0, TPX, 1575085778, 2019-11-30 03:49:38, I07-W0167, 0, 0, -2.67160266685, 82.7326607262 
351, 39092, 1.5, [1 100 255 127 127 0 385 7 130 128 80 85 128 128], 70.0, TPX, 1575085958, 2019-11-30 03:52:38, I07-W0167, 0, 0, -13.9712432992, 80.4908218862 
352, 39093, 1.5, [1 100 255 127 127 0 385 7 130 128 80 85 128 128], 70.0, TPX, 1575086138, 2019-11-30 03:55:38, I07-W0167, 0, 0, -25.2552869812, 78.0938694501 
353, 39094, 1.5, [1 100 255 127 127 0 385 7 130 128 80 85 128 128], 70.0, TPX, 1575086318, 2019-11-30 03:58:38, I07-W0167, 0, 0, -36.5127706188, 75.3560017821 
354, 39096, 0.002, [1 100 255 127 127 0 385 7 130 128 80 85 128 128], 70.0, TPX, 1575086676, 2019-11-30 04:04:36, I07-W0167, 0, 0, -58.7119850789, 67.1006390013 
355, 39097, 0.002, [1 100 255 127 127 0 385 7 130 128 80 85 128 128], 70.0, TPX, 1575086856, 2019-11-30 04:07:36, I07-W0167, 0, 0, -69.5691444991, 58.3592194687 
356, 39099, 0.002, [1 100 255 127 127 0 385 7 130 128 80 85 128 128], 70.0, TPX, 1575087216, 2019-11-30 04:13:36, I07-W0167, 0, 0, -81.809417226, -39.4382396777 
357, 39100, 0.002, [1 100 255 127 127 0 385 7 130 128 80 85 128 128], 70.0, TPX, 1575087396, 2019-11-30 04:16:36, I07-W0167, 0, 0, -73.3034206537, -78.2380205925 
358, 39101, 0.002, [1 100 255 127 127 0 385 7 130 128 80 85 128 128], 70.0, TPX, 1575087576, 2019-11-30 04:19:36, I07-W0167, 0, 0, -62.6342553602, -90.0073586065 
359, 39102, 0.002, [1 100 255 127 127 0 385 7 130 128 80 85 128 128], 70.0, TPX, 1575087756, 2019-11-30 04:22:36, I07-W0167, 0, 0, -51.5567711129, -95.8281960805 
360, 39103, 0.002, [1 100 255 127 127 0 385 7 130 128 80 85 128 128], 70.0, TPX, 1575087936, 2019-11-30 04:25:36, I07-W0167, 0, 0, -40.338704497, -99.636012882 
361, 39104, 0.002, [1 100 255 127 127 0 385 7 130 128 80 85 128 128], 70.0, TPX, 1575088116, 2019-11-30 04:28:36, I07-W0167, 0, 0, -29.0542996687, -102.562072752 
362, 39105, 1.5, [1 100 255 127 127 0 385 7 130 128 80 85 128 128], 70.0, TPX, 1575088298, 2019-11-30 04:31:38, I07-W0167, 0, 0, -17.6069862911, -105.080889423 
363, 39106, 1.5, [1 100 255 127 127 0 385 7 130 128 80 85 128 128], 70.0, TPX, 1575088478, 2019-11-30 04:34:38, I07-W0167, 0, 0, -6.26364674877, -107.363340568 
364, 39107, 1.5, [1 100 255 127 127 0 385 7 130 128 80 85 128 128], 70.0, TPX, 1575088658, 2019-11-30 04:37:38, I07-W0167, 0, 0, 5.09115171656, -109.58069318 
365, 39109, 0.002, [1 100 255 127 127 0 385 7 130 128 80 85 128 128], 70.0, TPX, 1575089196, 2019-11-30 04:46:36, I07-W0167, 0, 0, 38.9973134007, -117.150598666 
366, 39110, 0.002, [1 100 255 127 127 0 385 7 130 128 80 85 128 128], 70.0, TPX, 1575089376, 2019-11-30 04:49:36, I07-W0167, 0, 0, 50.271247549, -120.829762025 
367, 39111, 0.002, [1 100 255 127 127 0 385 7 130 128 80 85 128 128], 70.0, TPX, 1575089556, 2019-11-30 04:52:36, I07-W0167, 0, 0, 61.42469033, -126.342243779 
368, 39114, 0.002, [1 100 255 127 127 0 385 7 130 128 80 85 128 128], 70.0, TPX, 1575090096, 2019-11-30 05:01:36, I07-W0167, 0, 0, 80.0931614426, 112.594350226 
369, 39115, 0.002, [1 100 255 127 127 0 385 7 130 128 80 85 128 128], 70.0, TPX, 1575090276, 2019-11-30 05:04:36, I07-W0167, 0, 0, 70.4968822637, 85.657368219 
370, 39117, 1.5, [1 100 255 127 127 0 385 7 130 128 80 85 128 128], 70.0, TPX, 1575090642, 2019-11-30 05:10:42, I07-W0167, 0, 0, 48.0954259023, 71.0609261155 
371, 39118, 1.5, [1 100 255 127 127 0 385 7 130 128 80 85 128 128], 70.0, TPX, 1575090807, 2019-11-30 05:13:27, I07-W0167, 0, 0, 37.783284842, 67.8520964137 
372, 39119, 1.5, [1 100 255 127 127 0 385 7 130 128 80 85 128 128], 70.0, TPX, 1575090998, 2019-11-30 05:16:38, I07-W0167, 0, 0, 25.8045673791, 64.8966257489 
373, 39120, 1.5, [1 100 255 127 127 0 385 7 130 128 80 85 128 128], 70.0, TPX, 1575091178, 2019-11-30 05:19:38, I07-W0167, 0, 0, 14.4990128701, 62.4850157268 
374, 39121, 1.5, [1 100 255 127 127 0 385 7 130 128 80 85 128 128], 70.0, TPX, 1575091358, 2019-11-30 05:22:38, I07-W0167, 0, 0, 3.18988980072, 60.2377127355 
375, 39122, 1.5, [1 100 255 127 127 0 385 7 130 128 80 85 128 128], 70.0, TPX, 1575091538, 2019-11-30 05:25:38, I07-W0167, 0, 0, -8.11477528956, 58.0242874824 
376, 39125, 0.002, [1 100 255 127 127 0 385 7 130 128 80 85 128 128], 70.0, TPX, 1575092076, 2019-11-30 05:34:36, I07-W0167, 0, 0, -41.7947095825, 50.223842621 
377, 39126, 0.002, [1 100 255 127 127 0 385 7 130 128 80 85 128 128], 70.0, TPX, 1575092256, 2019-11-30 05:37:36, I07-W0167, 0, 0, -52.9682228745, 46.2557895817 
378, 39127, 0.002, [1 100 255 127 127 0 385 7 130 128 80 85 128 128], 70.0, TPX, 1575092436, 2019-11-30 05:40:36, I07-W0167, 0, 0, -63.9927799859, 40.029238871 
379, 39128, 0.002, [1 100 255 127 127 0 385 7 130 128 80 85 128 128], 70.0, TPX, 1575092616, 2019-11-30 05:43:36, I07-W0167, 0, 0, -74.5452241767, 26.8218301407 
380, 39129, 0.002, [1 100 255 127 127 0 385 7 130 128 80 85 128 128], 70.0, TPX, 1575092796, 2019-11-30 05:46:36, I07-W0167, 0, 0, -82.3246457158, -19.030488214 
381, 39130, 0.002, [1 100 255 127 127 0 385 7 130 128 80 85 128 128], 70.0, TPX, 1575092976, 2019-11-30 05:49:36, I07-W0167, 0, 0, -78.3034196538, -88.4479512871 
382, 39131, 0.002, [1 100 255 127 127 0 385 7 130 128 80 85 128 128], 70.0, TPX, 1575093156, 2019-11-30 05:52:36, I07-W0167, 0, 0, -68.2535339519, -108.829290409 
383, 39132, 0.002, [1 100 255 127 127 0 385 7 130 128 80 85 128 128], 70.0, TPX, 1575093336, 2019-11-30 05:55:36, I07-W0167, 0, 0, -57.325040036, -116.831792757 
384, 39133, 0.002, [1 100 255 127 127 0 385 7 130 128 80 85 128 128], 70.0, TPX, 1575093516, 2019-11-30 05:58:36, I07-W0167, 0, 0, -46.1648148771, -121.456991956 
385, 39135, 1.5, [1 100 255 127 127 0 385 7 130 128 80 85 128 128], 70.0, TPX, 1575093878, 2019-11-30 06:04:38, I07-W0167, 0, 0, -23.4788743066, -127.466889067 
386, 39136, 1.5, [1 100 255 127 127 0 385 7 130 128 80 85 128 128], 70.0, TPX, 1575094058, 2019-11-30 06:07:38, I07-W0167, 0, 0, -12.145233206, -129.83557135 
387, 39137, 1.5, [1 100 255 127 127 0 385 7 130 128 80 85 128 128], 70.0, TPX, 1575094238, 2019-11-30 06:10:38, I07-W0167, 0, 0, -0.795189246007, -132.071365472 
388, 39138, 1.5, [1 100 255 127 127 0 385 7 130 128 80 85 128 128], 70.0, TPX, 1575094418, 2019-11-30 06:13:38, I07-W0167, 0, 0, 10.5619466915, -134.299782991 
389, 39139, 0.002, [1 100 255 127 127 0 385 7 130 128 80 85 128 128], 70.0, TPX, 1575094596, 2019-11-30 06:16:36, I07-W0167, 0, 0, 21.7906376666, -136.616719761 
390, 39140, 0.002, [1 100 255 127 127 0 385 7 130 128 80 85 128 128], 70.0, TPX, 1575094776, 2019-11-30 06:19:36, I07-W0167, 0, 0, 33.1310585838, -139.237108175 
391, 39141, 0.002, [1 100 255 127 127 0 385 7 130 128 80 85 128 128], 70.0, TPX, 1575094956, 2019-11-30 06:22:36, I07-W0167, 0, 0, 44.436876055, -142.420112932 
392, 39143, 0.002, [1 100 255 127 127 0 385 7 130 128 80 85 128 128], 70.0, TPX, 1575095316, 2019-11-30 06:28:36, I07-W0167, 0, 0, 66.7014964066, -154.066596333 
393, 39144, 0.002, [1 100 255 127 127 0 385 7 130 128 80 85 128 128], 70.0, TPX, 1575104073, 2019-11-30 08:54:33, I07-W0167, 0, 0, -80.1033042735, -40.728691223 
394, 39145, 0.002, [1 100 255 127 127 0 385 7 130 128 80 85 128 128], 70.0, TPX, 1575104253, 2019-11-30 08:57:33, I07-W0167, 0, 0, -81.2772771879, -116.827995172 
395, 39146, 0.002, [1 100 255 127 127 0 385 7 130 128 80 85 128 128], 70.0, TPX, 1575104613, 2019-11-30 09:03:33, I07-W0167, 0, 0, -61.5929725308, -161.628626611 
396, 39149, 1.5, [1 100 255 127 127 0 385 7 130 128 80 85 128 128], 70.0, TPX, 1575105155, 2019-11-30 09:12:35, I07-W0167, 0, 0, -27.8513616296, -173.760627179 
397, 39150, 1.5, [1 100 255 127 127 0 385 7 130 128 80 85 128 128], 70.0, TPX, 1575105335, 2019-11-30 09:15:35, I07-W0167, 0, 0, -16.5270684967, -176.222459582 
398, 39151, 1.5, [1 100 255 127 127 0 385 7 130 128 80 85 128 128], 70.0, TPX, 1575105515, 2019-11-30 09:18:35, I07-W0167, 0, 0, -5.18228906508, -178.493224274 
399, 39152, 0.002, [1 100 255 127 127 0 385 7 130 128 80 85 128 128], 70.0, TPX, 1575105873, 2019-11-30 09:24:33, I07-W0167, 0, 0, 17.403612286, 177.032369754 
400, 39153, 0.002, [1 100 255 127 127 0 385 7 130 128 80 85 128 128], 70.0, TPX, 1575106053, 2019-11-30 09:27:33, I07-W0167, 0, 0, 28.7512066093, 174.544172821 
401, 39154, 0.002, [1 100 255 127 127 0 385 7 130 128 80 85 128 128], 70.0, TPX, 1575106233, 2019-11-30 09:30:33, I07-W0167, 0, 0, 40.0734541006, 171.62602914 
402, 39155, 0.002, [1 100 255 127 127 0 385 7 130 128 80 85 128 128], 70.0, TPX, 1575106413, 2019-11-30 09:33:33, I07-W0167, 0, 0, 51.3396564746, 167.832337169 
403, 39157, 0.002, [1 100 255 127 127 0 385 7 130 128 80 85 128 128], 70.0, TPX, 1575106773, 2019-11-30 09:39:33, I07-W0167, 0, 0, 73.2087747224, 150.332190405 
404, 39160, 0.002, [1 100 255 127 127 0 385 7 130 128 80 85 128 128], 70.0, TPX, 1575107313, 2019-11-30 09:48:33, I07-W0167, 0, 0, 69.4880564933, 13.4801817263 
405, 39163, 0.002, [1 100 255 127 127 0 385 7 130 128 80 85 128 128], 70.0, TPX, 1575108962, 2019-11-30 10:16:02, I07-W0167, 0, 0, -33.4390557191, -18.4037141973 
406, 39164, 0.002, [1 100 255 127 127 0 385 7 130 128 80 85 128 128], 70.0, TPX, 1575109142, 2019-11-30 10:19:02, I07-W0167, 0, 0, -44.6654688261, -21.5881259729 
407, 39165, 0.002, [1 100 255 127 127 0 385 7 130 128 80 85 128 128], 70.0, TPX, 1575109322, 2019-11-30 10:22:02, I07-W0167, 0, 0, -55.8129693426, -25.9541194936 
408, 39167, 0.002, [1 100 255 127 127 0 385 7 130 128 80 85 128 128], 70.0, TPX, 1575109682, 2019-11-30 10:28:02, I07-W0167, 0, 0, -77.031693072, -50.5277279824 
409, 39168, 0.002, [1 100 255 127 127 0 385 7 130 128 80 85 128 128], 70.0, TPX, 1575109862, 2019-11-30 10:31:02, I07-W0167, 0, 0, -82.6319769077, -112.453873726 
410, 39171, 0.002, [1 100 255 127 127 0 385 7 130 128 80 85 128 128], 70.0, TPX, 1575110402, 2019-11-30 10:40:02, I07-W0167, 0, 0, -54.4776673601, 170.867481991 
411, 39173, 1.5, [1 100 255 127 127 0 385 7 130 128 80 85 128 128], 70.0, TPX, 1575110764, 2019-11-30 10:46:04, I07-W0167, 0, 0, -31.8891491928, 163.562034599 
412, 39174, 1.5, [1 100 255 127 127 0 385 7 130 128 80 85 128 128], 70.0, TPX, 1575110944, 2019-11-30 10:49:04, I07-W0167, 0, 0, -20.5751901361, 160.987107924 
413, 39175, 1.5, [1 100 255 127 127 0 385 7 130 128 80 85 128 128], 70.0, TPX, 1575111124, 2019-11-30 10:52:04, I07-W0167, 0, 0, -9.23639736528, 158.666182323 
414, 39176, 1.5, [1 100 255 127 127 0 385 7 130 128 80 85 128 128], 70.0, TPX, 1575111304, 2019-11-30 10:55:04, I07-W0167, 0, 0, 2.11622184282, 156.443529485 
415, 39177, 1.5, [1 100 255 127 127 0 385 7 130 128 80 85 128 128], 70.0, TPX, 1575111484, 2019-11-30 10:58:04, I07-W0167, 0, 0, 13.4735675418, 154.198022833 
416, 39179, 0.002, [1 100 255 127 127 0 385 7 130 128 80 85 128 128], 70.0, TPX, 1575112022, 2019-11-30 11:07:02, I07-W0167, 0, 0, 47.3248542056, 145.695052034 
417, 39180, 0.002, [1 100 255 127 127 0 385 7 130 128 80 85 128 128], 70.0, TPX, 1575112202, 2019-11-30 11:10:02, I07-W0167, 0, 0, 58.5209310274, 140.833009195 
418, 39181, 0.002, [1 100 255 127 127 0 385 7 130 128 80 85 128 128], 70.0, TPX, 1575112382, 2019-11-30 11:13:02, I07-W0167, 0, 0, 69.4599639252, 132.121294155 
419, 39184, 0.002, [1 100 255 127 127 0 385 7 130 128 80 85 128 128], 70.0, TPX, 1575112922, 2019-11-30 11:22:02, I07-W0167, 0, 0, 73.2314304599, -4.72333365009 
420, 39186, 1.5, [1 100 255 127 127 0 385 7 130 128 80 85 128 128], 70.0, TPX, 1575113284, 2019-11-30 11:28:04, I07-W0167, 0, 0, 51.2830888479, -22.2894190609 
421, 39187, 1.5, [1 100 255 127 127 0 385 7 130 128 80 85 128 128], 70.0, TPX, 1575113464, 2019-11-30 11:31:04, I07-W0167, 0, 0, 40.0501324197, -26.0693823509 
422, 39188, 1.5, [1 100 255 127 127 0 385 7 130 128 80 85 128 128], 70.0, TPX, 1575113644, 2019-11-30 11:34:04, I07-W0167, 0, 0, 28.7678381199, -28.9795773992 
423, 39189, 1.5, [1 100 255 127 127 0 385 7 130 128 80 85 128 128], 70.0, TPX, 1575113824, 2019-11-30 11:37:04, I07-W0167, 0, 0, 17.4650327621, -31.4618696339 
424, 39190, 1.5, [1 100 255 127 127 0 385 7 130 128 80 85 128 128], 70.0, TPX, 1575114004, 2019-11-30 11:40:04, I07-W0167, 0, 0, 6.15595259482, -33.7381906839 
