# ordinar image ID, original image ID, exposure [s], dacs, bias [V], detector type, UTC time, human readable time, chip-board id, adrenalin mode, anomaly mode, latitude [deg], longitude [deg], 
1, 42357, 0.002, [1 100 255 127 127 0 385 7 130 128 80 85 128 128], 70.0, TPX, 1584392952, 2020-03-16 21:09:12, I07-W0167, 0, 0, 67.789463579, -16.0833794083 
2, 42360, 0.002, [1 100 255 127 127 0 385 7 130 128 80 85 128 128], 70.0, TPX, 1584393492, 2020-03-16 21:18:12, I07-W0167, 0, 0, 74.8363473297, -151.692340616 
3, 42361, 0.002, [1 100 255 127 127 0 385 7 130 128 80 85 128 128], 70.0, TPX, 1584393672, 2020-03-16 21:21:12, I07-W0167, 0, 0, 64.2526277027, -165.291793666 
4, 42364, 1.5, [1 100 255 127 127 0 385 7 130 128 80 85 128 128], 70.0, TPX, 1584394214, 2020-03-16 21:30:14, I07-W0167, 0, 0, 30.5640310223, -178.649116511 
5, 42365, 1.5, [1 100 255 127 127 0 385 7 130 128 80 85 128 128], 70.0, TPX, 1584394394, 2020-03-16 21:33:14, I07-W0167, 0, 0, 19.2636025703, 178.822890184 
6, 42366, 1.5, [1 100 255 127 127 0 385 7 130 128 80 85 128 128], 70.0, TPX, 1584394574, 2020-03-16 21:36:14, I07-W0167, 0, 0, 7.95372540536, 176.527864661 
7, 42367, 1.5, [1 100 255 127 127 0 385 7 130 128 80 85 128 128], 70.0, TPX, 1584394754, 2020-03-16 21:39:14, I07-W0167, 0, 0, -3.356408532, 174.317506163 
8, 42368, 1.5, [1 100 255 127 127 0 385 7 130 128 80 85 128 128], 70.0, TPX, 1584394934, 2020-03-16 21:42:14, I07-W0167, 0, 0, -14.6596913627, 172.073133323 
9, 42371, 0.002, [1 100 255 127 127 0 385 7 130 128 80 85 128 128], 70.0, TPX, 1584396210, 2020-03-16 22:03:30, I07-W0167, 0, 0, -80.8261500234, 41.3928246669 
10, 42372, 0.002, [1 100 255 127 127 0 385 7 130 128 80 85 128 128], 70.0, TPX, 1584396390, 2020-03-16 22:06:30, I07-W0167, 0, 0, -71.5830667567, 10.6292744274 
11, 42374, 0.002, [1 100 255 127 127 0 385 7 130 128 80 85 128 128], 70.0, TPX, 1584396750, 2020-03-16 22:12:30, I07-W0167, 0, 0, -49.6702489587, -4.86284495962 
12, 42375, 0.002, [1 100 255 127 127 0 385 7 130 128 80 85 128 128], 70.0, TPX, 1584396930, 2020-03-16 22:15:30, I07-W0167, 0, 0, -38.4289528694, -8.46671871574 
13, 42376, 0.002, [1 100 255 127 127 0 385 7 130 128 80 85 128 128], 70.0, TPX, 1584397110, 2020-03-16 22:18:30, I07-W0167, 0, 0, -27.1295779741, -11.2930398949 
14, 42378, 1.5, [1 100 255 127 127 0 385 7 130 128 80 85 128 128], 70.0, TPX, 1584397472, 2020-03-16 22:24:32, I07-W0167, 0, 0, -4.32212748452, -16.0196605735 
15, 42379, 1.5, [1 100 255 127 127 0 385 7 130 128 80 85 128 128], 70.0, TPX, 1584397652, 2020-03-16 22:27:32, I07-W0167, 0, 0, 7.03596569331, -18.2346857984 
16, 42386, 0.002, [1 100 255 127 127 0 385 7 130 128 80 85 128 128], 70.0, TPX, 1584398910, 2020-03-16 22:48:30, I07-W0167, 0, 0, 82.1490757032, -91.2840985471 
17, 42387, 0.002, [1 100 255 127 127 0 385 7 130 128 80 85 128 128], 70.0, TPX, 1584399090, 2020-03-16 22:51:30, I07-W0167, 0, 0, 78.7214067404, -163.208353743 
18, 42388, 0.002, [1 100 255 127 127 0 385 7 130 128 80 85 128 128], 70.0, TPX, 1584399270, 2020-03-16 22:54:30, I07-W0167, 0, 0, 68.7141140981, 175.187740565 
19, 42392, 1.5, [1 100 255 127 127 0 385 7 130 128 80 85 128 128], 70.0, TPX, 1584399992, 2020-03-16 23:06:32, I07-W0167, 0, 0, 23.9205587345, 156.190798825 
20, 42393, 1.5, [1 100 255 127 127 0 385 7 130 128 80 85 128 128], 70.0, TPX, 1584400172, 2020-03-16 23:09:32, I07-W0167, 0, 0, 12.613259966, 153.821173976 
21, 42394, 1.5, [1 100 255 127 127 0 385 7 130 128 80 85 128 128], 70.0, TPX, 1584400352, 2020-03-16 23:12:32, I07-W0167, 0, 0, 1.30232646958, 151.590994269 
22, 42395, 1.5, [1 100 255 127 127 0 385 7 130 128 80 85 128 128], 70.0, TPX, 1584433747, 2020-03-17 08:29:07, I07-W0167, 0, 0, 41.3413216255, 18.7647938553 
23, 42396, 1.5, [1 100 255 127 127 0 385 7 130 128 80 85 128 128], 70.0, TPX, 1584433927, 2020-03-17 08:32:07, I07-W0167, 0, 0, 30.0645734393, 15.7894012362 
24, 42397, 1.5, [1 100 255 127 127 0 385 7 130 128 80 85 128 128], 70.0, TPX, 1584434107, 2020-03-17 08:35:07, I07-W0167, 0, 0, 18.7636651665, 13.2758361267 
25, 42398, 1.5, [1 100 255 127 127 0 385 7 130 128 80 85 128 128], 70.0, TPX, 1584434287, 2020-03-17 08:38:07, I07-W0167, 0, 0, 7.4536676195, 10.987304406 
26, 42399, 1.5, [1 100 255 127 127 0 385 7 130 128 80 85 128 128], 70.0, TPX, 1584434467, 2020-03-17 08:41:07, I07-W0167, 0, 0, -3.85638670348, 8.77788591259 
27, 42401, 0.002, [1 100 255 127 127 0 385 7 130 128 80 85 128 128], 70.0, TPX, 1584435535, 2020-03-17 08:58:55, I07-W0167, 0, 0, -70.139007672, -16.0116692522 
28, 42402, 0.002, [1 100 255 127 127 0 385 7 130 128 80 85 128 128], 70.0, TPX, 1584435715, 2020-03-17 09:01:55, I07-W0167, 0, 0, -79.8011708556, -41.5009363162 
29, 42404, 0.002, [1 100 255 127 127 0 385 7 130 128 80 85 128 128], 70.0, TPX, 1584436368, 2020-03-17 09:12:48, I07-W0167, 0, 0, -55.0640254399, -168.048102845 
30, 42406, 1.5, [1 100 255 127 127 0 385 7 130 128 80 85 128 128], 70.0, TPX, 1584436730, 2020-03-17 09:18:50, I07-W0167, 0, 0, -32.4665016682, -175.466262019 
31, 42407, 1.5, [1 100 255 127 127 0 385 7 130 128 80 85 128 128], 70.0, TPX, 1584436910, 2020-03-17 09:21:50, I07-W0167, 0, 0, -21.1476931771, -178.056501978 
32, 42408, 1.5, [1 100 255 127 127 0 385 7 130 128 80 85 128 128], 70.0, TPX, 1584437090, 2020-03-17 09:24:50, I07-W0167, 0, 0, -9.80506184003, 179.617008958 
33, 42409, 1.5, [1 100 255 127 127 0 385 7 130 128 80 85 128 128], 70.0, TPX, 1584437270, 2020-03-17 09:27:50, I07-W0167, 0, 0, 1.55014398205, 177.395435289 
34, 42411, 1.5, [1 100 255 127 127 0 385 7 130 128 80 85 128 128], 70.0, TPX, 1584437630, 2020-03-17 09:33:50, I07-W0167, 0, 0, 24.2612707684, 172.774866958 
35, 42414, 0.002, [1 100 255 127 127 0 385 7 130 128 80 85 128 128], 70.0, TPX, 1584438348, 2020-03-17 09:45:48, I07-W0167, 0, 0, 68.9172507542, 153.635351849 
36, 42417, 0.002, [1 100 255 127 127 0 385 7 130 128 80 85 128 128], 70.0, TPX, 1584438888, 2020-03-17 09:54:48, I07-W0167, 0, 0, 73.7798263482, 17.0628695162 
37, 42418, 0.002, [1 100 255 127 127 0 385 7 130 128 80 85 128 128], 70.0, TPX, 1584439069, 2020-03-17 09:57:49, I07-W0167, 0, 0, 63.0454190878, 4.73350380176 
38, 42419, 1.5, [1 100 255 127 127 0 385 7 130 128 80 85 128 128], 70.0, TPX, 1584439250, 2020-03-17 10:00:50, I07-W0167, 0, 0, 51.8884007027, -1.22844025792 
39, 42420, 1.5, [1 100 255 127 127 0 385 7 130 128 80 85 128 128], 70.0, TPX, 1584439430, 2020-03-17 10:03:50, I07-W0167, 0, 0, 40.6623461805, -5.06914015131 
40, 42421, 1.5, [1 100 255 127 127 0 385 7 130 128 80 85 128 128], 70.0, TPX, 1584439610, 2020-03-17 10:06:50, I07-W0167, 0, 0, 29.3835523527, -8.00673535728 
41, 42422, 1.5, [1 100 255 127 127 0 385 7 130 128 80 85 128 128], 70.0, TPX, 1584439970, 2020-03-17 10:12:50, I07-W0167, 0, 0, 6.77158571916, -12.7815046007 
42, 42423, 1.5, [1 100 255 127 127 0 385 7 130 128 80 85 128 128], 70.0, TPX, 1584440150, 2020-03-17 10:15:50, I07-W0167, 0, 0, -4.53824363445, -14.9899941883 
43, 42424, 0.002, [1 100 255 127 127 0 385 7 130 128 80 85 128 128], 70.0, TPX, 1584440328, 2020-03-17 10:18:48, I07-W0167, 0, 0, -15.7151280517, -17.2191527822 
44, 42425, 0.002, [1 100 255 127 127 0 385 7 130 128 80 85 128 128], 70.0, TPX, 1584440508, 2020-03-17 10:21:48, I07-W0167, 0, 0, -27.0024476631, -19.6513694849 
45, 42426, 0.002, [1 100 255 127 127 0 385 7 130 128 80 85 128 128], 70.0, TPX, 1584440688, 2020-03-17 10:24:48, I07-W0167, 0, 0, -38.2625148197, -22.4633873941 
46, 42427, 0.002, [1 100 255 127 127 0 385 7 130 128 80 85 128 128], 70.0, TPX, 1584440868, 2020-03-17 10:27:48, I07-W0167, 0, 0, -49.4714665482, -26.0407758111 
47, 42428, 0.002, [1 100 255 127 127 0 385 7 130 128 80 85 128 128], 70.0, TPX, 1584441048, 2020-03-17 10:30:48, I07-W0167, 0, 0, -60.5698101933, -31.3115679061 
48, 42429, 0.002, [1 100 255 127 127 0 385 7 130 128 80 85 128 128], 70.0, TPX, 1584441228, 2020-03-17 10:33:48, I07-W0167, 0, 0, -71.3565298726, -41.2823053759 
49, 42430, 0.002, [1 100 255 127 127 0 385 7 130 128 80 85 128 128], 70.0, TPX, 1584441408, 2020-03-17 10:36:48, I07-W0167, 0, 0, -80.6700665405, -71.0953639293 
50, 42431, 0.002, [1 100 255 127 127 0 385 7 130 128 80 85 128 128], 70.0, TPX, 1584441588, 2020-03-17 10:39:48, I07-W0167, 0, 0, -80.7921698323, -147.968671745 
51, 42432, 0.002, [1 100 255 127 127 0 385 7 130 128 80 85 128 128], 70.0, TPX, 1584441768, 2020-03-17 10:42:48, I07-W0167, 0, 0, -71.5307475077, -178.52342737 
52, 42433, 0.002, [1 100 255 127 127 0 385 7 130 128 80 85 128 128], 70.0, TPX, 1584441948, 2020-03-17 10:45:48, I07-W0167, 0, 0, -60.7353056768, 171.357520743 
53, 42436, 1.5, [1 100 255 127 127 0 385 7 130 128 80 85 128 128], 70.0, TPX, 1584442490, 2020-03-17 10:54:50, I07-W0167, 0, 0, -26.9449528382, 159.588735974 
54, 42437, 1.5, [1 100 255 127 127 0 385 7 130 128 80 85 128 128], 70.0, TPX, 1584442670, 2020-03-17 10:57:50, I07-W0167, 0, 0, -15.6128015726, 157.151656177 
55, 42438, 1.5, [1 100 255 127 127 0 385 7 130 128 80 85 128 128], 70.0, TPX, 1584443030, 2020-03-17 11:03:50, I07-W0167, 0, 0, 7.09518727539, 152.677663705 
56, 42439, 1.5, [1 100 255 127 127 0 385 7 130 128 80 85 128 128], 70.0, TPX, 1584443210, 2020-03-17 11:06:50, I07-W0167, 0, 0, 18.4521368234, 150.386927541 
57, 42442, 0.002, [1 100 255 127 127 0 385 7 130 128 80 85 128 128], 70.0, TPX, 1584443748, 2020-03-17 11:15:48, I07-W0167, 0, 0, 52.2439291244, 141.052586117 
58, 42444, 0.002, [1 100 255 127 127 0 385 7 130 128 80 85 128 128], 70.0, TPX, 1584444108, 2020-03-17 11:21:48, I07-W0167, 0, 0, 74.0270860264, 122.430580781 
59, 42446, 0.002, [1 100 255 127 127 0 385 7 130 128 80 85 128 128], 70.0, TPX, 1584444468, 2020-03-17 11:27:48, I07-W0167, 0, 0, 78.6797903978, 7.529860941 
60, 42447, 0.002, [1 100 255 127 127 0 385 7 130 128 80 85 128 128], 70.0, TPX, 1584444648, 2020-03-17 11:30:48, I07-W0167, 0, 0, 68.6635160568, -13.9443084482 
61, 42448, 0.002, [1 100 255 127 127 0 385 7 130 128 80 85 128 128], 70.0, TPX, 1584444828, 2020-03-17 11:33:48, I07-W0167, 0, 0, 57.717045083, -22.1634584198 
62, 42449, 0.002, [1 100 255 127 127 0 385 7 130 128 80 85 128 128], 70.0, TPX, 1584445008, 2020-03-17 11:36:48, I07-W0167, 0, 0, 46.5434020174, -26.854606511 
63, 42450, 1.5, [1 100 255 127 127 0 385 7 130 128 80 85 128 128], 70.0, TPX, 1584445190, 2020-03-17 11:39:50, I07-W0167, 0, 0, 35.1614859936, -30.2135091292 
64, 42451, 1.5, [1 100 255 127 127 0 385 7 130 128 80 85 128 128], 70.0, TPX, 1584445370, 2020-03-17 11:42:50, I07-W0167, 0, 0, 23.8690966742, -32.8970392274 
65, 42452, 1.5, [1 100 255 127 127 0 385 7 130 128 80 85 128 128], 70.0, TPX, 1584445550, 2020-03-17 11:45:50, I07-W0167, 0, 0, 12.5619037736, -35.2656771142 
66, 42453, 0.002, [1 100 255 127 127 0 385 7 130 128 80 85 128 128], 70.0, TPX, 1584445728, 2020-03-17 11:48:48, I07-W0167, 0, 0, 1.3766288959, -37.4710461592 
67, 42454, 0.002, [1 100 255 127 127 0 385 7 130 128 80 85 128 128], 70.0, TPX, 1584445908, 2020-03-17 11:51:48, I07-W0167, 0, 0, -9.93053924526, -39.6869268653 
68, 42455, 0.002, [1 100 255 127 127 0 385 7 130 128 80 85 128 128], 70.0, TPX, 1584446088, 2020-03-17 11:54:48, I07-W0167, 0, 0, -21.2268089658, -42.0085149941 
69, 42456, 0.002, [1 100 255 127 127 0 385 7 130 128 80 85 128 128], 70.0, TPX, 1584446268, 2020-03-17 11:57:48, I07-W0167, 0, 0, -32.5028451048, -44.5936254814 
70, 42457, 0.002, [1 100 255 127 127 0 385 7 130 128 80 85 128 128], 70.0, TPX, 1584446448, 2020-03-17 12:00:48, I07-W0167, 0, 0, -43.742297043, -47.7111901955 
71, 42458, 0.002, [1 100 255 127 127 0 385 7 130 128 80 85 128 128], 70.0, TPX, 1584446628, 2020-03-17 12:03:48, I07-W0167, 0, 0, -54.9090142967, -51.9353241023 
72, 42459, 0.002, [1 100 255 127 127 0 385 7 130 128 80 85 128 128], 70.0, TPX, 1584446808, 2020-03-17 12:06:48, I07-W0167, 0, 0, -65.9007865001, -58.8406112013 
73, 42460, 0.002, [1 100 255 127 127 0 385 7 130 128 80 85 128 128], 70.0, TPX, 1584446988, 2020-03-17 12:09:48, I07-W0167, 0, 0, -76.2833912071, -74.6600259963 
74, 42461, 0.002, [1 100 255 127 127 0 385 7 130 128 80 85 128 128], 70.0, TPX, 1584447168, 2020-03-17 12:12:48, I07-W0167, 0, 0, -82.674884156, -131.80337617 
75, 42464, 0.002, [1 100 255 127 127 0 385 7 130 128 80 85 128 128], 70.0, TPX, 1584447708, 2020-03-17 12:21:48, I07-W0167, 0, 0, -55.3273804588, 144.806157556 
76, 42465, 0.002, [1 100 255 127 127 0 385 7 130 128 80 85 128 128], 70.0, TPX, 1584447888, 2020-03-17 12:24:48, I07-W0167, 0, 0, -44.1343259956, 140.512741625 
77, 42468, 1.5, [1 100 255 127 127 0 385 7 130 128 80 85 128 128], 70.0, TPX, 1584448430, 2020-03-17 12:33:50, I07-W0167, 0, 0, -10.0737469678, 132.401318251 
78, 42469, 1.5, [1 100 255 127 127 0 385 7 130 128 80 85 128 128], 70.0, TPX, 1584448610, 2020-03-17 12:36:50, I07-W0167, 0, 0, 1.28113506064, 130.178761035 
79, 42470, 1.5, [1 100 255 127 127 0 385 7 130 128 80 85 128 128], 70.0, TPX, 1584448790, 2020-03-17 12:39:50, I07-W0167, 0, 0, 12.6396535245, 127.942297554 
80, 42471, 1.5, [1 100 255 127 127 0 385 7 130 128 80 85 128 128], 70.0, TPX, 1584448970, 2020-03-17 12:42:50, I07-W0167, 0, 0, 23.9921954661, 125.565214138 
81, 42474, 0.002, [1 100 255 127 127 0 385 7 130 128 80 85 128 128], 70.0, TPX, 1584449508, 2020-03-17 12:51:48, I07-W0167, 0, 0, 57.6952841003, 114.877388768 
82, 42476, 0.002, [1 100 255 127 127 0 385 7 130 128 80 85 128 128], 70.0, TPX, 1584450048, 2020-03-17 13:00:48, I07-W0167, 0, 0, 82.1644299685, 13.3595443638 
83, 42477, 0.002, [1 100 255 127 127 0 385 7 130 128 80 85 128 128], 70.0, TPX, 1584450228, 2020-03-17 13:03:48, I07-W0167, 0, 0, 74.0221068185, -29.7366594724 
84, 42478, 0.002, [1 100 255 127 127 0 385 7 130 128 80 85 128 128], 70.0, TPX, 1584450408, 2020-03-17 13:06:48, I07-W0167, 0, 0, 63.3679816015, -42.3028995624 
85, 42481, 1.5, [1 100 255 127 127 0 385 7 130 128 80 85 128 128], 70.0, TPX, 1584450950, 2020-03-17 13:15:50, I07-W0167, 0, 0, 29.6530169758, -55.2122132241 
86, 42482, 1.5, [1 100 255 127 127 0 385 7 130 128 80 85 128 128], 70.0, TPX, 1584451130, 2020-03-17 13:18:50, I07-W0167, 0, 0, 18.3515315521, -57.714231045 
87, 42483, 0.002, [1 100 255 127 127 0 385 7 130 128 80 85 128 128], 70.0, TPX, 1584451308, 2020-03-17 13:21:48, I07-W0167, 0, 0, 7.16697725931, -59.9728789806 
88, 42484, 0.002, [1 100 255 127 127 0 385 7 130 128 80 85 128 128], 70.0, TPX, 1584451848, 2020-03-17 13:30:48, I07-W0167, 0, 0, -26.7341134363, -66.8591644934 
89, 42485, 0.002, [1 100 255 127 127 0 385 7 130 128 80 85 128 128], 70.0, TPX, 1584452028, 2020-03-17 13:33:48, I07-W0167, 0, 0, -37.9952631779, -69.6587907319 
90, 42486, 0.002, [1 100 255 127 127 0 385 7 130 128 80 85 128 128], 70.0, TPX, 1584452208, 2020-03-17 13:36:48, I07-W0167, 0, 0, -49.2061307745, -73.2107076659 
91, 42487, 0.002, [1 100 255 127 127 0 385 7 130 128 80 85 128 128], 70.0, TPX, 1584452388, 2020-03-17 13:39:48, I07-W0167, 0, 0, -60.3086647406, -78.4211038132 
92, 42489, 0.002, [1 100 255 127 127 0 385 7 130 128 80 85 128 128], 70.0, TPX, 1584452748, 2020-03-17 13:45:48, I07-W0167, 0, 0, -80.5008759246, -117.059948396 
93, 42493, 0.002, [1 100 255 127 127 0 385 7 130 128 80 85 128 128], 70.0, TPX, 1584453468, 2020-03-17 13:57:48, I07-W0167, 0, 0, -49.8776954641, 118.870508601 
94, 42494, 0.002, [1 100 255 127 127 0 385 7 130 128 80 85 128 128], 70.0, TPX, 1584453648, 2020-03-17 14:00:48, I07-W0167, 0, 0, -38.6373658466, 115.246000417 
95, 42497, 1.5, [1 100 255 127 127 0 385 7 130 128 80 85 128 128], 70.0, TPX, 1584454190, 2020-03-17 14:09:50, I07-W0167, 0, 0, -4.53159956794, 107.676224704 
96, 42498, 1.5, [1 100 255 127 127 0 385 7 130 128 80 85 128 128], 70.0, TPX, 1584454370, 2020-03-17 14:12:50, I07-W0167, 0, 0, 6.8261661877, 105.461501715 
97, 42499, 1.5, [1 100 255 127 127 0 385 7 130 128 80 85 128 128], 70.0, TPX, 1584454550, 2020-03-17 14:15:50, I07-W0167, 0, 0, 18.1830700588, 103.174091853 
98, 42500, 1.5, [1 100 255 127 127 0 385 7 130 128 80 85 128 128], 70.0, TPX, 1584454910, 2020-03-17 14:21:50, I07-W0167, 0, 0, 40.8453167031, 97.7151041404 
99, 42501, 0.002, [1 100 255 127 127 0 385 7 130 128 80 85 128 128], 70.0, TPX, 1584455088, 2020-03-17 14:24:48, I07-W0167, 0, 0, 51.9776644449, 93.893422055 
100, 42502, 0.002, [1 100 255 127 127 0 385 7 130 128 80 85 128 128], 70.0, TPX, 1584455268, 2020-03-17 14:27:48, I07-W0167, 0, 0, 63.0962493556, 87.933398986 
101, 42503, 0.002, [1 100 255 127 127 0 385 7 130 128 80 85 128 128], 70.0, TPX, 1584455448, 2020-03-17 14:30:48, I07-W0167, 0, 0, 73.7851197449, 75.6315657641 
102, 42506, 0.002, [1 100 255 127 127 0 385 7 130 128 80 85 128 128], 70.0, TPX, 1584455988, 2020-03-17 14:39:48, I07-W0167, 0, 0, 68.9187329053, -60.930321238 
103, 42507, 0.002, [1 100 255 127 127 0 385 7 130 128 80 85 128 128], 70.0, TPX, 1584456168, 2020-03-17 14:42:48, I07-W0167, 0, 0, 57.9817490642, -69.2921939887 
104, 42508, 0.002, [1 100 255 127 127 0 385 7 130 128 80 85 128 128], 70.0, TPX, 1584456348, 2020-03-17 14:45:48, I07-W0167, 0, 0, 46.8112034895, -74.032201838 
105, 42509, 1.5, [1 100 255 127 127 0 385 7 130 128 80 85 128 128], 70.0, TPX, 1584456530, 2020-03-17 14:48:50, I07-W0167, 0, 0, 35.4305476355, -77.4127356654 
106, 42515, 0.002, [1 100 255 127 127 0 385 7 130 128 80 85 128 128], 70.0, TPX, 1584457788, 2020-03-17 15:09:48, I07-W0167, 0, 0, -43.4759162503, -94.8965787684 
107, 42516, 0.002, [1 100 255 127 127 0 385 7 130 128 80 85 128 128], 70.0, TPX, 1584457968, 2020-03-17 15:12:48, I07-W0167, 0, 0, -54.6453450891, -99.0828700121 
108, 42517, 0.002, [1 100 255 127 127 0 385 7 130 128 80 85 128 128], 70.0, TPX, 1584458148, 2020-03-17 15:15:48, I07-W0167, 0, 0, -65.643452293, -105.886995179 
109, 42518, 0.002, [1 100 255 127 127 0 385 7 130 128 80 85 128 128], 70.0, TPX, 1584458328, 2020-03-17 15:18:48, I07-W0167, 0, 0, -76.0544500963, -121.307861606 
110, 42522, 0.002, [1 100 255 127 127 0 385 7 130 128 80 85 128 128], 70.0, TPX, 1584459048, 2020-03-17 15:30:48, I07-W0167, 0, 0, -55.5908584211, 97.6620882121 
111, 42525, 1.5, [1 100 255 127 127 0 385 7 130 128 80 85 128 128], 70.0, TPX, 1584459590, 2020-03-17 15:39:50, I07-W0167, 0, 0, -21.683900593, 87.5205345413 
112, 42527, 0.002, [1 100 255 127 127 0 385 7 130 128 80 85 128 128], 70.0, TPX, 1584461053, 2020-03-17 16:04:13, I07-W0167, 0, 0, 69.8927042204, 57.9504326469 
113, 42531, 0.002, [1 100 255 127 127 0 385 7 130 128 80 85 128 128], 70.0, TPX, 1584461773, 2020-03-17 16:16:13, I07-W0167, 0, 0, 62.1038433599, -90.4579803369 
114, 42532, 0.002, [1 100 255 127 127 0 385 7 130 128 80 85 128 128], 70.0, TPX, 1584461953, 2020-03-17 16:19:13, I07-W0167, 0, 0, 50.9920852233, -96.1272832341 
115, 42533, 0.002, [1 100 255 127 127 0 385 7 130 128 80 85 128 128], 70.0, TPX, 1584462133, 2020-03-17 16:22:13, I07-W0167, 0, 0, 39.7601225875, -99.8675494646 
116, 42539, 0.002, [1 100 255 127 127 0 385 7 130 128 80 85 128 128], 70.0, TPX, 1584463688, 2020-03-17 16:48:08, I07-W0167, 0, 0, -57.5936986968, -124.160968226 
117, 42540, 0.002, [1 100 255 127 127 0 385 7 130 128 80 85 128 128], 70.0, TPX, 1584463868, 2020-03-17 16:51:08, I07-W0167, 0, 0, -68.5051786114, -132.275055374 
118, 42541, 0.002, [1 100 255 127 127 0 385 7 130 128 80 85 128 128], 70.0, TPX, 1584464048, 2020-03-17 16:54:08, I07-W0167, 0, 0, -78.5160844238, -153.212030385 
119, 42545, 0.002, [1 100 255 127 127 0 385 7 130 128 80 85 128 128], 70.0, TPX, 1584464768, 2020-03-17 17:06:08, I07-W0167, 0, 0, -52.6269593028, 72.7004378935 
120, 42546, 0.002, [1 100 255 127 127 0 385 7 130 128 80 85 128 128], 70.0, TPX, 1584464948, 2020-03-17 17:09:08, I07-W0167, 0, 0, -41.4080798944, 68.7724029325 
121, 42547, 1.5, [1 100 255 127 127 0 385 7 130 128 80 85 128 128], 70.0, TPX, 1584465130, 2020-03-17 17:12:10, I07-W0167, 0, 0, -29.9945776607, 65.7613413581 
122, 42548, 1.5, [1 100 255 127 127 0 385 7 130 128 80 85 128 128], 70.0, TPX, 1584465310, 2020-03-17 17:15:10, I07-W0167, 0, 0, -18.6693095182, 63.2463086116 
123, 42549, 1.5, [1 100 255 127 127 0 385 7 130 128 80 85 128 128], 70.0, TPX, 1584465490, 2020-03-17 17:18:10, I07-W0167, 0, 0, -7.3231418507, 60.9542747114 
124, 42550, 1.5, [1 100 255 127 127 0 385 7 130 128 80 85 128 128], 70.0, TPX, 1584465670, 2020-03-17 17:21:10, I07-W0167, 0, 0, 4.03343331759, 58.7390736091 
125, 42551, 1.5, [1 100 255 127 127 0 385 7 130 128 80 85 128 128], 70.0, TPX, 1584465850, 2020-03-17 17:24:10, I07-W0167, 0, 0, 15.3913958681, 56.4812213906 
126, 42552, 1.5, [1 100 255 127 127 0 385 7 130 128 80 85 128 128], 70.0, TPX, 1584466030, 2020-03-17 17:27:10, I07-W0167, 0, 0, 26.7406294368, 54.0465492348 
127, 42553, 1.5, [1 100 255 127 127 0 385 7 130 128 80 85 128 128], 70.0, TPX, 1584466210, 2020-03-17 17:30:10, I07-W0167, 0, 0, 38.066573768, 51.2331294293 
128, 42556, 0.002, [1 100 255 127 127 0 385 7 130 128 80 85 128 128], 70.0, TPX, 1584466748, 2020-03-17 17:39:08, I07-W0167, 0, 0, 71.236455147, 32.5440243153 
129, 42557, 0.002, [1 100 255 127 127 0 385 7 130 128 80 85 128 128], 70.0, TPX, 1584466928, 2020-03-17 17:42:08, I07-W0167, 0, 0, 80.6233207259, 2.93288984597 
130, 42558, 0.002, [1 100 255 127 127 0 385 7 130 128 80 85 128 128], 70.0, TPX, 1584467468, 2020-03-17 17:51:08, I07-W0167, 0, 0, 60.7043171086, -114.995933531 
131, 42559, 0.002, [1 100 255 127 127 0 385 7 130 128 80 85 128 128], 70.0, TPX, 1584467648, 2020-03-17 17:54:08, I07-W0167, 0, 0, 49.570067159, -120.310080252 
132, 42560, 0.002, [1 100 255 127 127 0 385 7 130 128 80 85 128 128], 70.0, TPX, 1584467828, 2020-03-17 17:57:08, I07-W0167, 0, 0, 38.3293823717, -123.903811604 
133, 42561, 1.5, [1 100 255 127 127 0 385 7 130 128 80 85 128 128], 70.0, TPX, 1584468010, 2020-03-17 18:00:10, I07-W0167, 0, 0, 26.9186992986, -126.75172728 
134, 42562, 1.5, [1 100 255 127 127 0 385 7 130 128 80 85 128 128], 70.0, TPX, 1584468190, 2020-03-17 18:03:10, I07-W0167, 0, 0, 15.6141454123, -129.184353794 
135, 42565, 0.002, [1 100 255 127 127 0 385 7 130 128 80 85 128 128], 70.0, TPX, 1584469319, 2020-03-17 18:21:59, I07-W0167, 0, 0, -55.0601868736, -146.543539114 
136, 42566, 0.002, [1 100 255 127 127 0 385 7 130 128 80 85 128 128], 70.0, TPX, 1584469499, 2020-03-17 18:24:59, I07-W0167, 0, 0, -66.0478951145, -153.508037123 
137, 42567, 0.002, [1 100 255 127 127 0 385 7 130 128 80 85 128 128], 70.0, TPX, 1584469679, 2020-03-17 18:27:59, I07-W0167, 0, 0, -76.4141141976, -169.563708161 
138, 42570, 0.002, [1 100 255 127 127 0 385 7 130 128 80 85 128 128], 70.0, TPX, 1584470219, 2020-03-17 18:36:59, I07-W0167, 0, 0, -66.1807081428, 57.2238473684 
139, 42572, 0.002, [1 100 255 127 127 0 385 7 130 128 80 85 128 128], 70.0, TPX, 1584470579, 2020-03-17 18:42:59, I07-W0167, 0, 0, -43.9793080222, 45.9255328599 
140, 42574, 1.5, [1 100 255 127 127 0 385 7 130 128 80 85 128 128], 70.0, TPX, 1584470941, 2020-03-17 18:49:01, I07-W0167, 0, 0, -21.2592352889, 40.1603580125 
141, 42575, 1.5, [1 100 255 127 127 0 385 7 130 128 80 85 128 128], 70.0, TPX, 1584471121, 2020-03-17 18:52:01, I07-W0167, 0, 0, -9.91678324427, 37.8321685059 
142, 42576, 1.5, [1 100 255 127 127 0 385 7 130 128 80 85 128 128], 70.0, TPX, 1584471301, 2020-03-17 18:55:01, I07-W0167, 0, 0, 1.4382214074, 35.6102123465 
143, 42580, 1.5, [1 100 255 127 127 0 385 7 130 128 80 85 128 128], 70.0, TPX, 1584472021, 2020-03-17 19:07:01, I07-W0167, 0, 0, 46.7727870905, 24.9386462415 
144, 42584, 0.002, [1 100 255 127 127 0 385 7 130 128 80 85 128 128], 70.0, TPX, 1584472739, 2020-03-17 19:18:59, I07-W0167, 0, 0, 82.1076096248, -82.2518563898 
145, 42585, 0.002, [1 100 255 127 127 0 385 7 130 128 80 85 128 128], 70.0, TPX, 1584472919, 2020-03-17 19:21:59, I07-W0167, 0, 0, 73.8839389218, -124.544688253 
146, 42586, 0.002, [1 100 255 127 127 0 385 7 130 128 80 85 128 128], 70.0, TPX, 1584473099, 2020-03-17 19:24:59, I07-W0167, 0, 0, 63.2190766474, -136.94922703 
147, 42587, 0.002, [1 100 255 127 127 0 385 7 130 128 80 85 128 128], 70.0, TPX, 1584473279, 2020-03-17 19:27:59, I07-W0167, 0, 0, 52.1278671349, -142.937527082 
148, 42588, 0.002, [1 100 255 127 127 0 385 7 130 128 80 85 128 128], 70.0, TPX, 1584473459, 2020-03-17 19:30:59, I07-W0167, 0, 0, 40.9037831224, -146.806064265 
149, 42591, 1.5, [1 100 255 127 127 0 385 7 130 128 80 85 128 128], 70.0, TPX, 1584474001, 2020-03-17 19:40:01, I07-W0167, 0, 0, 6.88863808605, -154.565869501 
150, 42592, 1.5, [1 100 255 127 127 0 385 7 130 128 80 85 128 128], 70.0, TPX, 1584474181, 2020-03-17 19:43:01, I07-W0167, 0, 0, -4.42140513787, -156.774493131 
151, 42595, 0.002, [1 100 255 127 127 0 385 7 130 128 80 85 128 128], 70.0, TPX, 1584475142, 2020-03-17 19:59:02, I07-W0167, 0, 0, -64.2909997054, -175.686972752 
152, 42596, 0.002, [1 100 255 127 127 0 385 7 130 128 80 85 128 128], 70.0, TPX, 1584475322, 2020-03-17 20:02:02, I07-W0167, 0, 0, -74.8323994803, 170.749333379 
153, 42599, 0.002, [1 100 255 127 127 0 385 7 130 128 80 85 128 128], 70.0, TPX, 1584475862, 2020-03-17 20:11:02, I07-W0167, 0, 0, -67.925657551, 35.2610735667 
154, 42601, 0.002, [1 100 255 127 127 0 385 7 130 128 80 85 128 128], 70.0, TPX, 1584476402, 2020-03-17 20:20:02, I07-W0167, 0, 0, -34.5315820427, 19.6123025104 
155, 42602, 0.002, [1 100 255 127 127 0 385 7 130 128 80 85 128 128], 70.0, TPX, 1584476582, 2020-03-17 20:23:02, I07-W0167, 0, 0, -23.2185877502, 16.9498435459 
156, 42603, 1.5, [1 100 255 127 127 0 385 7 130 128 80 85 128 128], 70.0, TPX, 1584476764, 2020-03-17 20:26:04, I07-W0167, 0, 0, -11.7532230364, 14.5637340351 
157, 42605, 1.5, [1 100 255 127 127 0 385 7 130 128 80 85 128 128], 70.0, TPX, 1584477124, 2020-03-17 20:32:04, I07-W0167, 0, 0, 10.9588745973, 10.1063013569 
158, 42606, 1.5, [1 100 255 127 127 0 385 7 130 128 80 85 128 128], 70.0, TPX, 1584477304, 2020-03-17 20:35:04, I07-W0167, 0, 0, 22.312838072, 7.75938261784 
159, 42608, 1.5, [1 100 255 127 127 0 385 7 130 128 80 85 128 128], 70.0, TPX, 1584477663, 2020-03-17 20:41:03, I07-W0167, 0, 0, 44.887371427, 1.93324427663 
160, 42618, 0.002, [1 100 255 127 127 0 385 7 130 128 80 85 128 128], 70.0, TPX, 1584520881, 2020-03-18 08:41:21, I07-W0167, 0, 0, -82.4627384804, -66.9673820106 
161, 42619, 0.002, [1 100 255 127 127 0 385 7 130 128 80 85 128 128], 70.0, TPX, 1584521241, 2020-03-18 08:47:21, I07-W0167, 0, 0, -67.8038479574, -153.939472852 
162, 42620, 0.002, [1 100 255 127 127 0 385 7 130 128 80 85 128 128], 70.0, TPX, 1584521421, 2020-03-18 08:50:21, I07-W0167, 0, 0, -56.8464760017, -161.700507522 
163, 42621, 0.002, [1 100 255 127 127 0 385 7 130 128 80 85 128 128], 70.0, TPX, 1584521601, 2020-03-18 08:53:21, I07-W0167, 0, 0, -45.669397351, -166.23646347 
164, 42623, 1.5, [1 100 255 127 127 0 385 7 130 128 80 85 128 128], 70.0, TPX, 1584521963, 2020-03-18 08:59:23, I07-W0167, 0, 0, -22.9625154205, -172.181569406 
165, 42624, 1.5, [1 100 255 127 127 0 385 7 130 128 80 85 128 128], 70.0, TPX, 1584522143, 2020-03-18 09:02:23, I07-W0167, 0, 0, -11.6227553242, -174.537875386 
166, 42625, 1.5, [1 100 255 127 127 0 385 7 130 128 80 85 128 128], 70.0, TPX, 1584522323, 2020-03-18 09:05:23, I07-W0167, 0, 0, -0.269140162434, -176.767617961 
167, 42626, 1.5, [1 100 255 127 127 0 385 7 130 128 80 85 128 128], 70.0, TPX, 1584522503, 2020-03-18 09:08:23, I07-W0167, 0, 0, 11.0890844699, -178.995147555 
168, 42627, 1.5, [1 100 255 127 127 0 385 7 130 128 80 85 128 128], 70.0, TPX, 1584522683, 2020-03-18 09:11:23, I07-W0167, 0, 0, 22.4425331191, 178.655796436 
169, 42630, 0.002, [1 100 255 127 127 0 385 7 130 128 80 85 128 128], 70.0, TPX, 1584523221, 2020-03-18 09:20:21, I07-W0167, 0, 0, 56.1712810665, 168.403231701 
170, 42631, 0.002, [1 100 255 127 127 0 385 7 130 128 80 85 128 128], 70.0, TPX, 1584523401, 2020-03-18 09:23:21, I07-W0167, 0, 0, 67.1870818754, 160.920800447 
171, 42634, 0.002, [1 100 255 127 127 0 385 7 130 128 80 85 128 128], 70.0, TPX, 1584523941, 2020-03-18 09:32:21, I07-W0167, 0, 0, 75.3961359736, 26.0009609309 
172, 42637, 1.5, [1 100 255 127 127 0 385 7 130 128 80 85 128 128], 70.0, TPX, 1584524484, 2020-03-18 09:41:24, I07-W0167, 0, 0, 42.4159528535, 0.934560910189 
173, 42639, 0.002, [1 100 255 127 127 0 385 7 130 128 80 85 128 128], 70.0, TPX, 1584525637, 2020-03-18 10:00:37, I07-W0167, 0, 0, -29.9447138647, -14.8554018956 
174, 42640, 0.002, [1 100 255 127 127 0 385 7 130 128 80 85 128 128], 70.0, TPX, 1584525817, 2020-03-18 10:03:37, I07-W0167, 0, 0, -41.1957019924, -17.8179964478 
175, 42641, 0.002, [1 100 255 127 127 0 385 7 130 128 80 85 128 128], 70.0, TPX, 1584525997, 2020-03-18 10:06:37, I07-W0167, 0, 0, -52.3854062478, -21.7096777269 
176, 42642, 0.002, [1 100 255 127 127 0 385 7 130 128 80 85 128 128], 70.0, TPX, 1584526177, 2020-03-18 10:09:37, I07-W0167, 0, 0, -63.4348081723, -27.7506470752 
177, 42644, 0.002, [1 100 255 127 127 0 385 7 130 128 80 85 128 128], 70.0, TPX, 1584526537, 2020-03-18 10:15:37, I07-W0167, 0, 0, -82.1581052133, -83.2453483856 
178, 42645, 0.002, [1 100 255 127 127 0 385 7 130 128 80 85 128 128], 70.0, TPX, 1584526717, 2020-03-18 10:18:37, I07-W0167, 0, 0, -78.7361326283, -154.938005528 
179, 42647, 0.002, [1 100 255 127 127 0 385 7 130 128 80 85 128 128], 70.0, TPX, 1584527077, 2020-03-18 10:24:37, I07-W0167, 0, 0, -57.8399475069, 175.179749244 
180, 42650, 1.5, [1 100 255 127 127 0 385 7 130 128 80 85 128 128], 70.0, TPX, 1584527619, 2020-03-18 10:33:39, I07-W0167, 0, 0, -23.9767933895, 164.406259641 
181, 42651, 1.5, [1 100 255 127 127 0 385 7 130 128 80 85 128 128], 70.0, TPX, 1584527799, 2020-03-18 10:36:39, I07-W0167, 0, 0, -12.6387655999, 162.031457508 
182, 42652, 1.5, [1 100 255 127 127 0 385 7 130 128 80 85 128 128], 70.0, TPX, 1584527979, 2020-03-18 10:39:39, I07-W0167, 0, 0, -1.28599452679, 159.795759008 
183, 42653, 1.5, [1 100 255 127 127 0 385 7 130 128 80 85 128 128], 70.0, TPX, 1584528159, 2020-03-18 10:42:39, I07-W0167, 0, 0, 10.0721649252, 157.572805641 
184, 42654, 1.5, [1 100 255 127 127 0 385 7 130 128 80 85 128 128], 70.0, TPX, 1584528339, 2020-03-18 10:45:39, I07-W0167, 0, 0, 21.4264400273, 155.240432644 
185, 42657, 0.002, [1 100 255 127 127 0 385 7 130 128 80 85 128 128], 70.0, TPX, 1584528877, 2020-03-18 10:54:37, I07-W0167, 0, 0, 55.171952674, 145.247087248 
186, 42659, 0.002, [1 100 255 127 127 0 385 7 130 128 80 85 128 128], 70.0, TPX, 1584529237, 2020-03-18 11:00:37, I07-W0167, 0, 0, 76.6105436079, 121.722481409 
187, 42661, 0.002, [1 100 255 127 127 0 385 7 130 128 80 85 128 128], 70.0, TPX, 1584529597, 2020-03-18 11:06:37, I07-W0167, 0, 0, 76.270823659, 4.61638142544 
188, 42662, 0.002, [1 100 255 127 127 0 385 7 130 128 80 85 128 128], 70.0, TPX, 1584529780, 2020-03-18 11:09:40, I07-W0167, 0, 0, 65.6640521435, -11.3701757825 
189, 42663, 0.002, [1 100 255 127 127 0 385 7 130 128 80 85 128 128], 70.0, TPX, 1584529960, 2020-03-18 11:12:40, I07-W0167, 0, 0, 54.6276378237, -18.1973707674 
190, 42664, 0.002, [1 100 255 127 127 0 385 7 130 128 80 85 128 128], 70.0, TPX, 1584530137, 2020-03-18 11:15:37, I07-W0167, 0, 0, 43.6112905996, -22.3308544035 
191, 42665, 1.5, [1 100 255 127 127 0 385 7 130 128 80 85 128 128], 70.0, TPX, 1584530319, 2020-03-18 11:18:39, I07-W0167, 0, 0, 32.2175890843, -25.4758030536 
192, 42666, 1.5, [1 100 255 127 127 0 385 7 130 128 80 85 128 128], 70.0, TPX, 1584530499, 2020-03-18 11:21:39, I07-W0167, 0, 0, 20.9201607929, -28.0546314744 
193, 42670, 0.002, [1 100 255 127 127 0 385 7 130 128 80 85 128 128], 70.0, TPX, 1584531217, 2020-03-18 11:33:37, I07-W0167, 0, 0, -24.1727532243, -37.1674749865 
194, 42671, 0.002, [1 100 255 127 127 0 385 7 130 128 80 85 128 128], 70.0, TPX, 1584531397, 2020-03-18 11:36:37, I07-W0167, 0, 0, -35.4423638628, -39.8585182927 
195, 42672, 0.002, [1 100 255 127 127 0 385 7 130 128 80 85 128 128], 70.0, TPX, 1584531577, 2020-03-18 11:39:37, I07-W0167, 0, 0, -46.6689306491, -43.1890995316 
196, 42673, 0.002, [1 100 255 127 127 0 385 7 130 128 80 85 128 128], 70.0, TPX, 1584531757, 2020-03-18 11:42:37, I07-W0167, 0, 0, -57.8061790516, -47.8867533779 
197, 42675, 0.002, [1 100 255 127 127 0 385 7 130 128 80 85 128 128], 70.0, TPX, 1584532117, 2020-03-18 11:48:37, I07-W0167, 0, 0, -78.6852340586, -77.5616679402 
198, 42676, 0.002, [1 100 255 127 127 0 385 7 130 128 80 85 128 128], 70.0, TPX, 1584532297, 2020-03-18 11:51:37, I07-W0167, 0, 0, -82.1826255924, -149.000904573 
199, 42679, 0.002, [1 100 255 127 127 0 385 7 130 128 80 85 128 128], 70.0, TPX, 1584532837, 2020-03-18 12:00:37, I07-W0167, 0, 0, -52.4060744002, 148.99427929 
200, 42680, 0.002, [1 100 255 127 127 0 385 7 130 128 80 85 128 128], 70.0, TPX, 1584533017, 2020-03-18 12:03:37, I07-W0167, 0, 0, -41.1846097652, 145.092834255 
201, 42684, 1.5, [1 100 255 127 127 0 385 7 130 128 80 85 128 128], 70.0, TPX, 1584533739, 2020-03-18 12:15:39, I07-W0167, 0, 0, 4.25947245172, 135.081593764 
202, 42685, 1.5, [1 100 255 127 127 0 385 7 130 128 80 85 128 128], 70.0, TPX, 1584533919, 2020-03-18 12:18:39, I07-W0167, 0, 0, 15.6169560352, 132.821730055 
203, 42686, 1.5, [1 100 255 127 127 0 385 7 130 128 80 85 128 128], 70.0, TPX, 1584534099, 2020-03-18 12:21:39, I07-W0167, 0, 0, 26.9652743585, 130.381972823 
204, 42689, 0.002, [1 100 255 127 127 0 385 7 130 128 80 85 128 128], 70.0, TPX, 1584534817, 2020-03-18 12:33:37, I07-W0167, 0, 0, 71.4409373503, 108.638577867 
205, 42690, 0.002, [1 100 255 127 127 0 385 7 130 128 80 85 128 128], 70.0, TPX, 1584534997, 2020-03-18 12:36:37, I07-W0167, 0, 0, 80.7598835281, 78.2252686293 
206, 42691, 0.002, [1 100 255 127 127 0 385 7 130 128 80 85 128 128], 70.0, TPX, 1584535177, 2020-03-18 12:39:37, I07-W0167, 0, 0, 80.67510039, 1.12349888365 
207, 42692, 0.002, [1 100 255 127 127 0 385 7 130 128 80 85 128 128], 70.0, TPX, 1584535357, 2020-03-18 12:42:37, I07-W0167, 0, 0, 71.322822889, -28.7735174222 
208, 42693, 0.002, [1 100 255 127 127 0 385 7 130 128 80 85 128 128], 70.0, TPX, 1584535537, 2020-03-18 12:45:37, I07-W0167, 0, 0, 60.4936126029, -38.7397742879 
209, 42694, 0.002, [1 100 255 127 127 0 385 7 130 128 80 85 128 128], 70.0, TPX, 1584535717, 2020-03-18 12:48:37, I07-W0167, 0, 0, 49.3569857475, -44.0040401372 
210, 42695, 1.5, [1 100 255 127 127 0 385 7 130 128 80 85 128 128], 70.0, TPX, 1584535899, 2020-03-18 12:51:39, I07-W0167, 0, 0, 37.9904478946, -47.6113123393 
211, 42696, 1.5, [1 100 255 127 127 0 385 7 130 128 80 85 128 128], 70.0, TPX, 1584536079, 2020-03-18 12:54:39, I07-W0167, 0, 0, 26.7048238776, -50.4146405404 
212, 42697, 1.5, [1 100 255 127 127 0 385 7 130 128 80 85 128 128], 70.0, TPX, 1584536259, 2020-03-18 12:57:39, I07-W0167, 0, 0, 15.4002170574, -52.8422912617 
213, 42699, 0.002, [1 100 255 127 127 0 385 7 130 128 80 85 128 128], 70.0, TPX, 1584536617, 2020-03-18 13:03:37, I07-W0167, 0, 0, -7.09431087674, -57.278318127 
214, 42700, 0.002, [1 100 255 127 127 0 385 7 130 128 80 85 128 128], 70.0, TPX, 1584536797, 2020-03-18 13:06:37, I07-W0167, 0, 0, -18.3948161684, -59.5609434416 
215, 42701, 0.002, [1 100 255 127 127 0 385 7 130 128 80 85 128 128], 70.0, TPX, 1584536977, 2020-03-18 13:09:37, I07-W0167, 0, 0, -29.6780871852, -62.0610317342 
216, 42702, 0.002, [1 100 255 127 127 0 385 7 130 128 80 85 128 128], 70.0, TPX, 1584537157, 2020-03-18 13:12:37, I07-W0167, 0, 0, -40.9302057092, -65.0088730777 
217, 42703, 0.002, [1 100 255 127 127 0 385 7 130 128 80 85 128 128], 70.0, TPX, 1584537337, 2020-03-18 13:15:37, I07-W0167, 0, 0, -52.1220990402, -68.8693916187 
218, 42704, 0.002, [1 100 255 127 127 0 385 7 130 128 80 85 128 128], 70.0, TPX, 1584537517, 2020-03-18 13:18:37, I07-W0167, 0, 0, -63.1768114368, -74.8320101596 
219, 42705, 0.002, [1 100 255 127 127 0 385 7 130 128 80 85 128 128], 70.0, TPX, 1584537697, 2020-03-18 13:21:37, I07-W0167, 0, 0, -73.8073383502, -87.1221227769 
220, 42706, 0.002, [1 100 255 127 127 0 385 7 130 128 80 85 128 128], 70.0, TPX, 1584537877, 2020-03-18 13:24:37, I07-W0167, 0, 0, -82.0581112439, -128.679288625 
221, 42717, 0.002, [1 100 255 127 127 0 385 7 130 128 80 85 128 128], 70.0, TPX, 1584540296, 2020-03-18 14:04:56, I07-W0167, 0, 0, 59.7932040243, 95.5586904763 
222, 42718, 0.002, [1 100 255 127 127 0 385 7 130 128 80 85 128 128], 70.0, TPX, 1584540476, 2020-03-18 14:07:56, I07-W0167, 0, 0, 70.6733197103, 86.0685182862 
223, 42720, 0.002, [1 100 255 127 127 0 385 7 130 128 80 85 128 128], 70.0, TPX, 1584540836, 2020-03-18 14:13:56, I07-W0167, 0, 0, 81.1661431799, -18.1804540964 
224, 42721, 0.002, [1 100 255 127 127 0 385 7 130 128 80 85 128 128], 70.0, TPX, 1584541016, 2020-03-18 14:16:56, I07-W0167, 0, 0, 72.0848944154, -51.2745169605 
225, 42722, 0.002, [1 100 255 127 127 0 385 7 130 128 80 85 128 128], 70.0, TPX, 1584541196, 2020-03-18 14:19:56, I07-W0167, 0, 0, 61.2980859436, -61.8704831167 
226, 42723, 0.002, [1 100 255 127 127 0 385 7 130 128 80 85 128 128], 70.0, TPX, 1584541376, 2020-03-18 14:22:56, I07-W0167, 0, 0, 50.1738797873, -67.3293000743 
227, 42724, 1.5, [1 100 255 127 127 0 385 7 130 128 80 85 128 128], 70.0, TPX, 1584541558, 2020-03-18 14:25:58, I07-W0167, 0, 0, 38.8122904063, -71.0182715841 
228, 42725, 1.5, [1 100 255 127 127 0 385 7 130 128 80 85 128 128], 70.0, TPX, 1584541738, 2020-03-18 14:28:58, I07-W0167, 0, 0, 27.5288315593, -73.8605113729 
229, 42726, 1.5, [1 100 255 127 127 0 385 7 130 128 80 85 128 128], 70.0, TPX, 1584541918, 2020-03-18 14:31:58, I07-W0167, 0, 0, 16.225122909, -76.3075222654 
230, 42730, 0.002, [1 100 255 127 127 0 385 7 130 128 80 85 128 128], 70.0, TPX, 1584542636, 2020-03-18 14:43:56, I07-W0167, 0, 0, -28.8559885413, -85.5016672267 
231, 42731, 0.002, [1 100 255 127 127 0 385 7 130 128 80 85 128 128], 70.0, TPX, 1584542816, 2020-03-18 14:46:56, I07-W0167, 0, 0, -40.1111464995, -88.4054401897 
232, 42732, 0.002, [1 100 255 127 127 0 385 7 130 128 80 85 128 128], 70.0, TPX, 1584542996, 2020-03-18 14:49:56, I07-W0167, 0, 0, -51.3091665102, -92.1733891769 
233, 42733, 0.002, [1 100 255 127 127 0 385 7 130 128 80 85 128 128], 70.0, TPX, 1584543176, 2020-03-18 14:52:56, I07-W0167, 0, 0, -62.3790385117, -97.9058303428 
234, 42734, 0.002, [1 100 255 127 127 0 385 7 130 128 80 85 128 128], 70.0, TPX, 1584543356, 2020-03-18 14:55:56, I07-W0167, 0, 0, -73.0642752403, -109.398668639 
235, 42735, 0.002, [1 100 255 127 127 0 385 7 130 128 80 85 128 128], 70.0, TPX, 1584543536, 2020-03-18 14:58:56, I07-W0167, 0, 0, -81.7017597844, -146.941875747 
236, 42736, 0.002, [1 100 255 127 127 0 385 7 130 128 80 85 128 128], 70.0, TPX, 1584543716, 2020-03-18 15:01:56, I07-W0167, 0, 0, -79.5453666108, 138.188359949 
237, 42740, 0.002, [1 100 255 127 127 0 385 7 130 128 80 85 128 128], 70.0, TPX, 1584544436, 2020-03-18 15:13:56, I07-W0167, 0, 0, -36.5010944104, 96.5134416391 
238, 42742, 1.5, [1 100 255 127 127 0 385 7 130 128 80 85 128 128], 70.0, TPX, 1584544798, 2020-03-18 15:19:58, I07-W0167, 0, 0, -13.7320586123, 91.3486506649 
239, 42743, 1.5, [1 100 255 127 127 0 385 7 130 128 80 85 128 128], 70.0, TPX, 1584544978, 2020-03-18 15:22:58, I07-W0167, 0, 0, -2.38026585704, 89.1054526172 
240, 42744, 1.5, [1 100 255 127 127 0 385 7 130 128 80 85 128 128], 70.0, TPX, 1584545158, 2020-03-18 15:25:58, I07-W0167, 0, 0, 8.97771675711, 86.8863651373 
241, 42745, 1.5, [1 100 255 127 127 0 385 7 130 128 80 85 128 128], 70.0, TPX, 1584545338, 2020-03-18 15:28:58, I07-W0167, 0, 0, 20.332716713, 84.5705553486 
242, 42746, 1.5, [1 100 255 127 127 0 385 7 130 128 80 85 128 128], 70.0, TPX, 1584545518, 2020-03-18 15:31:58, I07-W0167, 0, 0, 31.6732537434, 82.0028959946 
243, 42747, 1.5, [1 100 255 127 127 0 385 7 130 128 80 85 128 128], 70.0, TPX, 1584545698, 2020-03-18 15:34:58, I07-W0167, 0, 0, 42.980997328, 78.9228495096 
244, 42753, 0.002, [1 100 255 127 127 0 385 7 130 128 80 85 128 128], 70.0, TPX, 1584546956, 2020-03-18 15:55:56, I07-W0167, 0, 0, 55.8888459141, -88.5080228008 
245, 42755, 0.002, [1 100 255 127 127 0 385 7 130 128 80 85 128 128], 70.0, TPX, 1584547316, 2020-03-18 16:01:56, I07-W0167, 0, 0, 33.4330485677, -96.0765964003 
246, 42756, 0.002, [1 100 255 127 127 0 385 7 130 128 80 85 128 128], 70.0, TPX, 1584547496, 2020-03-18 16:04:56, I07-W0167, 0, 0, 22.1377922764, -98.6963222863 
247, 42757, 0.002, [1 100 255 127 127 0 385 7 130 128 80 85 128 128], 70.0, TPX, 1584547676, 2020-03-18 16:07:56, I07-W0167, 0, 0, 10.8294783711, -101.034179926 
248, 42758, 0.002, [1 100 255 127 127 0 385 7 130 128 80 85 128 128], 70.0, TPX, 1584547856, 2020-03-18 16:10:56, I07-W0167, 0, 0, -0.481635911902, -103.254408047 
249, 42759, 0.002, [1 100 255 127 127 0 385 7 130 128 80 85 128 128], 70.0, TPX, 1584548036, 2020-03-18 16:13:56, I07-W0167, 0, 0, -11.7881696992, -105.47901432 
250, 42761, 0.002, [1 100 255 127 127 0 385 7 130 128 80 85 128 128], 70.0, TPX, 1584548396, 2020-03-18 16:19:56, I07-W0167, 0, 0, -34.3554929357, -110.481123848 
251, 42766, 0.002, [1 100 255 127 127 0 385 7 130 128 80 85 128 128], 70.0, TPX, 1584550066, 2020-03-18 16:47:46, I07-W0167, 0, 0, -39.1403512223, 73.600909543 
252, 42767, 1.5, [1 100 255 127 127 0 385 7 130 128 80 85 128 128], 70.0, TPX, 1584550248, 2020-03-18 16:50:48, I07-W0167, 0, 0, -27.7168939879, 70.7110633357 
253, 42768, 1.5, [1 100 255 127 127 0 385 7 130 128 80 85 128 128], 70.0, TPX, 1584550428, 2020-03-18 16:53:48, I07-W0167, 0, 0, -16.3860797318, 68.2556649709 
254, 42769, 1.5, [1 100 255 127 127 0 385 7 130 128 80 85 128 128], 70.0, TPX, 1584550608, 2020-03-18 16:56:48, I07-W0167, 0, 0, -5.03703313957, 65.9893467329 
255, 42770, 1.5, [1 100 255 127 127 0 385 7 130 128 80 85 128 128], 70.0, TPX, 1584550788, 2020-03-18 16:59:48, I07-W0167, 0, 0, 6.32028438491, 63.7751086873 
256, 42771, 1.5, [1 100 255 127 127 0 385 7 130 128 80 85 128 128], 70.0, TPX, 1584550968, 2020-03-18 17:02:48, I07-W0167, 0, 0, 17.6768454659, 61.4937708633 
257, 42772, 1.5, [1 100 255 127 127 0 385 7 130 128 80 85 128 128], 70.0, TPX, 1584551148, 2020-03-18 17:05:48, I07-W0167, 0, 0, 29.0219997042, 59.0028008733 
258, 42773, 1.5, [1 100 255 127 127 0 385 7 130 128 80 85 128 128], 70.0, TPX, 1584551328, 2020-03-18 17:08:48, I07-W0167, 0, 0, 40.3396641385, 56.0762833804 
259, 42776, 0.002, [1 100 255 127 127 0 385 7 130 128 80 85 128 128], 70.0, TPX, 1584551866, 2020-03-18 17:17:46, I07-W0167, 0, 0, 73.3234604287, 34.7018757342 
260, 42777, 0.002, [1 100 255 127 127 0 385 7 130 128 80 85 128 128], 70.0, TPX, 1584552226, 2020-03-18 17:23:46, I07-W0167, 0, 0, 79.270533459, -78.709802249 
261, 42778, 0.002, [1 100 255 127 127 0 385 7 130 128 80 85 128 128], 70.0, TPX, 1584552406, 2020-03-18 17:26:46, I07-W0167, 0, 0, 69.4052950911, -102.15795095 
262, 42779, 0.002, [1 100 255 127 127 0 385 7 130 128 80 85 128 128], 70.0, TPX, 1584552586, 2020-03-18 17:29:46, I07-W0167, 0, 0, 58.4884398176, -110.804478664 
263, 42780, 0.002, [1 100 255 127 127 0 385 7 130 128 80 85 128 128], 70.0, TPX, 1584552766, 2020-03-18 17:32:46, I07-W0167, 0, 0, 47.3250386207, -115.640894634 
264, 42781, 0.002, [1 100 255 127 127 0 385 7 130 128 80 85 128 128], 70.0, TPX, 1584552946, 2020-03-18 17:35:46, I07-W0167, 0, 0, 36.0730191344, -119.030867782 
265, 42782, 1.5, [1 100 255 127 127 0 385 7 130 128 80 85 128 128], 70.0, TPX, 1584553128, 2020-03-18 17:38:48, I07-W0167, 0, 0, 24.6574627213, -121.778584583 
266, 42783, 1.5, [1 100 255 127 127 0 385 7 130 128 80 85 128 128], 70.0, TPX, 1584553308, 2020-03-18 17:41:48, I07-W0167, 0, 0, 13.3510168727, -124.162443547 
267, 42789, 0.002, [1 100 255 127 127 0 385 7 130 128 80 85 128 128], 70.0, TPX, 1584558076, 2020-03-18 19:01:16, I07-W0167, 0, 0, 69.5309569114, -125.643856936 
268, 42790, 0.002, [1 100 255 127 127 0 385 7 130 128 80 85 128 128], 70.0, TPX, 1584558256, 2020-03-18 19:04:16, I07-W0167, 0, 0, 58.6192516005, -134.366951071 
269, 42791, 0.002, [1 100 255 127 127 0 385 7 130 128 80 85 128 128], 70.0, TPX, 1584558436, 2020-03-18 19:07:16, I07-W0167, 0, 0, 47.4575272151, -139.229007571 
270, 42792, 0.002, [1 100 255 127 127 0 385 7 130 128 80 85 128 128], 70.0, TPX, 1584558616, 2020-03-18 19:10:16, I07-W0167, 0, 0, 36.2062214836, -142.630141249 
271, 42795, 1.5, [1 100 255 127 127 0 385 7 130 128 80 85 128 128], 70.0, TPX, 1584559158, 2020-03-18 19:19:18, I07-W0167, 0, 0, 2.1735106948, -150.006062532 
272, 42796, 1.5, [1 100 255 127 127 0 385 7 130 128 80 85 128 128], 70.0, TPX, 1584559338, 2020-03-18 19:22:18, I07-W0167, 0, 0, -9.13475475894, -152.219235068 
273, 42797, 0.002, [1 100 255 127 127 0 385 7 130 128 80 85 128 128], 70.0, TPX, 1584560015, 2020-03-18 19:33:35, I07-W0167, 0, 0, -51.4719401634, -163.142196531 
274, 42798, 0.002, [1 100 255 127 127 0 385 7 130 128 80 85 128 128], 70.0, TPX, 1584560195, 2020-03-18 19:36:35, I07-W0167, 0, 0, -62.539144976, -168.919498379 
275, 42799, 0.002, [1 100 255 127 127 0 385 7 130 128 80 85 128 128], 70.0, TPX, 1584560375, 2020-03-18 19:39:35, I07-W0167, 0, 0, -73.214177402, 179.434164794 
276, 42802, 0.002, [1 100 255 127 127 0 385 7 130 128 80 85 128 128], 70.0, TPX, 1584560915, 2020-03-18 19:48:35, I07-W0167, 0, 0, -69.6332868056, 42.6417691527 
277, 42803, 0.002, [1 100 255 127 127 0 385 7 130 128 80 85 128 128], 70.0, TPX, 1584561095, 2020-03-18 19:51:35, I07-W0167, 0, 0, -58.7444421378, 33.8644808817 
278, 42804, 0.002, [1 100 255 127 127 0 385 7 130 128 80 85 128 128], 70.0, TPX, 1584561275, 2020-03-18 19:54:35, I07-W0167, 0, 0, -47.5909105643, 28.9794647011 
279, 42805, 0.002, [1 100 255 127 127 0 385 7 130 128 80 85 128 128], 70.0, TPX, 1584561455, 2020-03-18 19:57:35, I07-W0167, 0, 0, -36.3343148513, 25.565812994 
280, 42808, 1.5, [1 100 255 127 127 0 385 7 130 128 80 85 128 128], 70.0, TPX, 1584561997, 2020-03-18 20:06:37, I07-W0167, 0, 0, -2.21226497471, 18.169445539 
281, 42809, 1.5, [1 100 255 127 127 0 385 7 130 128 80 85 128 128], 70.0, TPX, 1584562177, 2020-03-18 20:09:37, I07-W0167, 0, 0, 9.14569330689, 15.9498423798 
282, 42810, 1.5, [1 100 255 127 127 0 385 7 130 128 80 85 128 128], 70.0, TPX, 1584562357, 2020-03-18 20:12:37, I07-W0167, 0, 0, 20.5004695741, 13.6315967749 
283, 42811, 1.5, [1 100 255 127 127 0 385 7 130 128 80 85 128 128], 70.0, TPX, 1584562538, 2020-03-18 20:15:38, I07-W0167, 0, 0, 31.903455024, 11.0432752449 
284, 42812, 1.5, [1 100 255 127 127 0 385 7 130 128 80 85 128 128], 70.0, TPX, 1584562717, 2020-03-18 20:18:37, I07-W0167, 0, 0, 43.1473807361, 7.96812088281 
285, 42813, 0.002, [1 100 255 127 127 0 385 7 130 128 80 85 128 128], 70.0, TPX, 1584562895, 2020-03-18 20:21:35, I07-W0167, 0, 0, 54.2592276652, 3.85909999612 
286, 42817, 0.002, [1 100 255 127 127 0 385 7 130 128 80 85 128 128], 70.0, TPX, 1584563615, 2020-03-18 20:33:35, I07-W0167, 0, 0, 77.0514459791, -134.884078353 
287, 42818, 0.002, [1 100 255 127 127 0 385 7 130 128 80 85 128 128], 70.0, TPX, 1584563795, 2020-03-18 20:36:35, I07-W0167, 0, 0, 66.733680258, -152.220573786 
288, 42819, 0.002, [1 100 255 127 127 0 385 7 130 128 80 85 128 128], 70.0, TPX, 1584563975, 2020-03-18 20:39:35, I07-W0167, 0, 0, 55.7264786572, -159.489684571 
289, 42820, 0.002, [1 100 255 127 127 0 385 7 130 128 80 85 128 128], 70.0, TPX, 1584564155, 2020-03-18 20:42:35, I07-W0167, 0, 0, 44.5331885525, -163.845022997 
290, 42821, 0.002, [1 100 255 127 127 0 385 7 130 128 80 85 128 128], 70.0, TPX, 1584564335, 2020-03-18 20:45:35, I07-W0167, 0, 0, 33.2687859333, -167.021334168 
291, 42822, 1.5, [1 100 255 127 127 0 385 7 130 128 80 85 128 128], 70.0, TPX, 1584564517, 2020-03-18 20:48:37, I07-W0167, 0, 0, 21.847734633, -169.662445376 
292, 42823, 1.5, [1 100 255 127 127 0 385 7 130 128 80 85 128 128], 70.0, TPX, 1584603904, 2020-03-19 07:45:04, I07-W0167, 0, 0, 41.7751103547, 29.8585237076 
293, 42824, 1.5, [1 100 255 127 127 0 385 7 130 128 80 85 128 128], 70.0, TPX, 1584604084, 2020-03-19 07:48:04, I07-W0167, 0, 0, 30.5009337348, 26.8583938509 
294, 42825, 1.5, [1 100 255 127 127 0 385 7 130 128 80 85 128 128], 70.0, TPX, 1584604264, 2020-03-19 07:51:04, I07-W0167, 0, 0, 19.2012566036, 24.3324208489 
295, 42826, 1.5, [1 100 255 127 127 0 385 7 130 128 80 85 128 128], 70.0, TPX, 1584604444, 2020-03-19 07:54:04, I07-W0167, 0, 0, 7.89148701411, 22.0382747127 
296, 42830, 0.002, [1 100 255 127 127 0 385 7 130 128 80 85 128 128], 70.0, TPX, 1584605833, 2020-03-19 08:17:13, I07-W0167, 0, 0, -77.6171222461, -20.5865897218 
297, 42831, 0.002, [1 100 255 127 127 0 385 7 130 128 80 85 128 128], 70.0, TPX, 1584606013, 2020-03-19 08:20:13, I07-W0167, 0, 0, -82.5495501848, -86.2639778097 
298, 42832, 0.002, [1 100 255 127 127 0 385 7 130 128 80 85 128 128], 70.0, TPX, 1584606193, 2020-03-19 08:23:13, I07-W0167, 0, 0, -75.2937924191, -136.960701748 
299, 42833, 0.002, [1 100 255 127 127 0 385 7 130 128 80 85 128 128], 70.0, TPX, 1584606373, 2020-03-19 08:26:13, I07-W0167, 0, 0, -64.7813526463, -151.188668806 
300, 42834, 0.002, [1 100 255 127 127 0 385 7 130 128 80 85 128 128], 70.0, TPX, 1584606553, 2020-03-19 08:29:13, I07-W0167, 0, 0, -53.736837722, -157.683031234 
301, 42835, 0.002, [1 100 255 127 127 0 385 7 130 128 80 85 128 128], 70.0, TPX, 1584606733, 2020-03-19 08:32:13, I07-W0167, 0, 0, -42.5263355406, -161.752485262 
302, 42836, 1.5, [1 100 255 127 127 0 385 7 130 128 80 85 128 128], 70.0, TPX, 1584606915, 2020-03-19 08:35:15, I07-W0167, 0, 0, -31.1167162695, -164.830182162 
303, 42838, 1.5, [1 100 255 127 127 0 385 7 130 128 80 85 128 128], 70.0, TPX, 1584607275, 2020-03-19 08:41:15, I07-W0167, 0, 0, -8.44870323803, -169.684793755 
304, 42839, 1.5, [1 100 255 127 127 0 385 7 130 128 80 85 128 128], 70.0, TPX, 1584607455, 2020-03-19 08:44:15, I07-W0167, 0, 0, 2.90699489128, -171.902119046 
305, 42840, 1.5, [1 100 255 127 127 0 385 7 130 128 80 85 128 128], 70.0, TPX, 1584607635, 2020-03-19 08:47:15, I07-W0167, 0, 0, 14.2645119853, -174.150193849 
306, 42841, 1.5, [1 100 255 127 127 0 385 7 130 128 80 85 128 128], 70.0, TPX, 1584607815, 2020-03-19 08:50:15, I07-W0167, 0, 0, 25.6139914409, -176.559775305 
307, 42842, 0.002, [1 100 255 127 127 0 385 7 130 128 80 85 128 128], 70.0, TPX, 1584607993, 2020-03-19 08:53:13, I07-W0167, 0, 0, 36.815928565, -179.288763727 
308, 42844, 0.002, [1 100 255 127 127 0 385 7 130 128 80 85 128 128], 70.0, TPX, 1584608353, 2020-03-19 08:59:13, I07-W0167, 0, 0, 59.2775247421, 172.244448127 
309, 42845, 0.002, [1 100 255 127 127 0 385 7 130 128 80 85 128 128], 70.0, TPX, 1584608533, 2020-03-19 09:02:13, I07-W0167, 0, 0, 70.1797224297, 163.096229358 
310, 42848, 0.002, [1 100 255 127 127 0 385 7 130 128 80 85 128 128], 70.0, TPX, 1584609073, 2020-03-19 09:11:13, I07-W0167, 0, 0, 72.5717639597, 25.88909097 
311, 42849, 1.5, [1 100 255 127 127 0 385 7 130 128 80 85 128 128], 70.0, TPX, 1584609435, 2020-03-19 09:17:15, I07-W0167, 0, 0, 50.5764408916, 9.21270770792 
312, 42850, 1.5, [1 100 255 127 127 0 385 7 130 128 80 85 128 128], 70.0, TPX, 1584609615, 2020-03-19 09:20:15, I07-W0167, 0, 0, 39.3432249161, 5.51716256787 
313, 42851, 1.5, [1 100 255 127 127 0 385 7 130 128 80 85 128 128], 70.0, TPX, 1584609795, 2020-03-19 09:23:15, I07-W0167, 0, 0, 28.06169389, 2.64879495767 
314, 42852, 1.5, [1 100 255 127 127 0 385 7 130 128 80 85 128 128], 70.0, TPX, 1584609975, 2020-03-19 09:26:15, I07-W0167, 0, 0, 16.7588612114, 0.188731867162 
315, 42853, 1.5, [1 100 255 127 127 0 385 7 130 128 80 85 128 128], 70.0, TPX, 1584610155, 2020-03-19 09:29:15, I07-W0167, 0, 0, 5.44823272566, -2.07648038714 
316, 42854, 0.002, [1 100 255 127 127 0 385 7 130 128 80 85 128 128], 70.0, TPX, 1584610962, 2020-03-19 09:42:42, I07-W0167, 0, 0, -45.1314584822, -13.5571169771 
317, 42856, 0.002, [1 100 255 127 127 0 385 7 130 128 80 85 128 128], 70.0, TPX, 1584611322, 2020-03-19 09:48:42, I07-W0167, 0, 0, -67.2427205964, -25.4765151008 
318, 42857, 0.002, [1 100 255 127 127 0 385 7 130 128 80 85 128 128], 70.0, TPX, 1584611502, 2020-03-19 09:51:42, I07-W0167, 0, 0, -77.4580608007, -43.668677849 
319, 42858, 0.002, [1 100 255 127 127 0 385 7 130 128 80 85 128 128], 70.0, TPX, 1584611682, 2020-03-19 09:54:42, I07-W0167, 0, 0, -82.5834757344, -108.38486366 
320, 42859, 0.002, [1 100 255 127 127 0 385 7 130 128 80 85 128 128], 70.0, TPX, 1584611862, 2020-03-19 09:57:42, I07-W0167, 0, 0, -75.4639051105, -160.188016772 
321, 42860, 0.002, [1 100 255 127 127 0 385 7 130 128 80 85 128 128], 70.0, TPX, 1584612042, 2020-03-19 10:00:42, I07-W0167, 0, 0, -64.9693604333, -174.670804528 
322, 42861, 0.002, [1 100 255 127 127 0 385 7 130 128 80 85 128 128], 70.0, TPX, 1584612222, 2020-03-19 10:03:42, I07-W0167, 0, 0, -53.9293295283, 178.767633954 
323, 42862, 0.002, [1 100 255 127 127 0 385 7 130 128 80 85 128 128], 70.0, TPX, 1584612402, 2020-03-19 10:06:42, I07-W0167, 0, 0, -42.7205587999, 174.672471094 
324, 42863, 1.5, [1 100 255 127 127 0 385 7 130 128 80 85 128 128], 70.0, TPX, 1584612584, 2020-03-19 10:09:44, I07-W0167, 0, 0, -31.3117967174, 171.58272574 
325, 42864, 1.5, [1 100 255 127 127 0 385 7 130 128 80 85 128 128], 70.0, TPX, 1584612764, 2020-03-19 10:12:44, I07-W0167, 0, 0, -19.9890950186, 169.028986312 
326, 42866, 1.5, [1 100 255 127 127 0 385 7 130 128 80 85 128 128], 70.0, TPX, 1584613124, 2020-03-19 10:18:44, I07-W0167, 0, 0, 2.71106643265, 164.501650063 
327, 42867, 1.5, [1 100 255 127 127 0 385 7 130 128 80 85 128 128], 70.0, TPX, 1584613304, 2020-03-19 10:21:44, I07-W0167, 0, 0, 14.0686016694, 162.255132543 
328, 42868, 1.5, [1 100 255 127 127 0 385 7 130 128 80 85 128 128], 70.0, TPX, 1584613484, 2020-03-19 10:24:44, I07-W0167, 0, 0, 25.4182740778, 159.849703842 
329, 42871, 0.002, [1 100 255 127 127 0 385 7 130 128 80 85 128 128], 70.0, TPX, 1584614202, 2020-03-19 10:36:42, I07-W0167, 0, 0, 69.9962089071, 139.692190019 
330, 42873, 0.002, [1 100 255 127 127 0 385 7 130 128 80 85 128 128], 70.0, TPX, 1584614562, 2020-03-19 10:42:42, I07-W0167, 0, 0, 81.5537017737, 38.7672043276 
331, 42874, 0.002, [1 100 255 127 127 0 385 7 130 128 80 85 128 128], 70.0, TPX, 1584614742, 2020-03-19 10:45:42, I07-W0167, 0, 0, 72.7506944254, 2.55163146131 
332, 42875, 0.002, [1 100 255 127 127 0 385 7 130 128 80 85 128 128], 70.0, TPX, 1584614925, 2020-03-19 10:48:45, I07-W0167, 0, 0, 61.8228288869, -8.77679735119 
333, 42877, 0.002, [1 100 255 127 127 0 385 7 130 128 80 85 128 128], 70.0, TPX, 1584615282, 2020-03-19 10:54:42, I07-W0167, 0, 0, 39.6635232221, -18.0264521137 
334, 42878, 1.5, [1 100 255 127 127 0 385 7 130 128 80 85 128 128], 70.0, TPX, 1584615464, 2020-03-19 10:57:44, I07-W0167, 0, 0, 28.2574385739, -20.9402347189 
335, 42879, 1.5, [1 100 255 127 127 0 385 7 130 128 80 85 128 128], 70.0, TPX, 1584615644, 2020-03-19 11:00:44, I07-W0167, 0, 0, 16.9548586123, -23.405215839 
336, 42880, 1.5, [1 100 255 127 127 0 385 7 130 128 80 85 128 128], 70.0, TPX, 1584615824, 2020-03-19 11:03:44, I07-W0167, 0, 0, 5.64428647557, -25.6725142092 
337, 42881, 0.002, [1 100 255 127 127 0 385 7 130 128 80 85 128 128], 70.0, TPX, 1584616182, 2020-03-19 11:09:42, I07-W0167, 0, 0, -16.8427325193, -30.1208576132 
338, 42882, 0.002, [1 100 255 127 127 0 385 7 130 128 80 85 128 128], 70.0, TPX, 1584616362, 2020-03-19 11:12:42, I07-W0167, 0, 0, -28.129719159, -32.5804121481 
339, 42883, 0.002, [1 100 255 127 127 0 385 7 130 128 80 85 128 128], 70.0, TPX, 1584616542, 2020-03-19 11:15:42, I07-W0167, 0, 0, -39.3882426929, -35.4472542782 
340, 42884, 0.002, [1 100 255 127 127 0 385 7 130 128 80 85 128 128], 70.0, TPX, 1584616722, 2020-03-19 11:18:42, I07-W0167, 0, 0, -50.5923279116, -39.1381928825 
341, 42885, 0.002, [1 100 255 127 127 0 385 7 130 128 80 85 128 128], 70.0, TPX, 1584616902, 2020-03-19 11:21:42, I07-W0167, 0, 0, -61.6756792914, -44.6822847519 
342, 42886, 0.002, [1 100 255 127 127 0 385 7 130 128 80 85 128 128], 70.0, TPX, 1584617082, 2020-03-19 11:24:42, I07-W0167, 0, 0, -72.4052439478, -55.5423811534 
343, 42887, 0.002, [1 100 255 127 127 0 385 7 130 128 80 85 128 128], 70.0, TPX, 1584617262, 2020-03-19 11:27:42, I07-W0167, 0, 0, -81.3359007015, -89.8667045209 
344, 42890, 0.002, [1 100 255 127 127 0 385 7 130 128 80 85 128 128], 70.0, TPX, 1584617802, 2020-03-19 11:36:42, I07-W0167, 0, 0, -59.6109404264, 158.013352842 
345, 42891, 0.002, [1 100 255 127 127 0 385 7 130 128 80 85 128 128], 70.0, TPX, 1584617982, 2020-03-19 11:39:42, I07-W0167, 0, 0, -48.4689894386, 152.948904177 
346, 42892, 0.002, [1 100 255 127 127 0 385 7 130 128 80 85 128 128], 70.0, TPX, 1584618162, 2020-03-19 11:42:42, I07-W0167, 0, 0, -37.2174070844, 149.458035474 
347, 42894, 1.5, [1 100 255 127 127 0 385 7 130 128 80 85 128 128], 70.0, TPX, 1584618524, 2020-03-19 11:48:44, I07-W0167, 0, 0, -14.4513996214, 144.247106572 
348, 42895, 1.5, [1 100 255 127 127 0 385 7 130 128 80 85 128 128], 70.0, TPX, 1584618704, 2020-03-19 11:51:44, I07-W0167, 0, 0, -3.10027110207, 141.99833509 
349, 42896, 1.5, [1 100 255 127 127 0 385 7 130 128 80 85 128 128], 70.0, TPX, 1584618884, 2020-03-19 11:54:44, I07-W0167, 0, 0, 8.25736487997, 139.781214705 
350, 42897, 1.5, [1 100 255 127 127 0 385 7 130 128 80 85 128 128], 70.0, TPX, 1584619064, 2020-03-19 11:57:44, I07-W0167, 0, 0, 19.6123981331, 137.475588728 
351, 42900, 0.002, [1 100 255 127 127 0 385 7 130 128 80 85 128 128], 70.0, TPX, 1584619602, 2020-03-19 12:06:42, I07-W0167, 0, 0, 53.3821528287, 127.902177022 
352, 42901, 0.002, [1 100 255 127 127 0 385 7 130 128 80 85 128 128], 70.0, TPX, 1584619782, 2020-03-19 12:09:42, I07-W0167, 0, 0, 64.4689397937, 121.50371045 
353, 42904, 0.002, [1 100 255 127 127 0 385 7 130 128 80 85 128 128], 70.0, TPX, 1584620322, 2020-03-19 12:18:42, I07-W0167, 0, 0, 77.781763956, -8.74854171237 
354, 42905, 0.002, [1 100 255 127 127 0 385 7 130 128 80 85 128 128], 70.0, TPX, 1584620502, 2020-03-19 12:21:42, I07-W0167, 0, 0, 67.5848925832, -27.7436102728 
355, 42909, 1.5, [1 100 255 127 127 0 385 7 130 128 80 85 128 128], 70.0, TPX, 1584621224, 2020-03-19 12:33:44, I07-W0167, 0, 0, 22.7408740744, -45.8136714368 
356, 42910, 1.5, [1 100 255 127 127 0 385 7 130 128 80 85 128 128], 70.0, TPX, 1584621404, 2020-03-19 12:36:44, I07-W0167, 0, 0, 11.4331313436, -48.1617743599 
357, 42913, 0.002, [1 100 255 127 127 0 385 7 130 128 80 85 128 128], 70.0, TPX, 1584621942, 2020-03-19 12:45:42, I07-W0167, 0, 0, -22.3560048676, -54.9213530334 
358, 42914, 0.002, [1 100 255 127 127 0 385 7 130 128 80 85 128 128], 70.0, TPX, 1584622122, 2020-03-19 12:48:42, I07-W0167, 0, 0, -33.6312709027, -57.5450950707 
359, 42915, 0.002, [1 100 255 127 127 0 385 7 130 128 80 85 128 128], 70.0, TPX, 1584622482, 2020-03-19 12:54:42, I07-W0167, 0, 0, -56.0263410372, -65.1342890112 
360, 42916, 0.002, [1 100 255 127 127 0 385 7 130 128 80 85 128 128], 70.0, TPX, 1584622662, 2020-03-19 12:57:42, I07-W0167, 0, 0, -66.9899489556, -72.5022941057 
361, 42917, 0.002, [1 100 255 127 127 0 385 7 130 128 80 85 128 128], 70.0, TPX, 1584622842, 2020-03-19 13:00:42, I07-W0167, 0, 0, -77.2405807474, -90.2093819417 
362, 42918, 0.002, [1 100 255 127 127 0 385 7 130 128 80 85 128 128], 70.0, TPX, 1584623022, 2020-03-19 13:03:42, I07-W0167, 0, 0, -82.6213696239, -153.580764977 
363, 42926, 0.002, [1 100 255 127 127 0 385 7 130 128 80 85 128 128], 70.0, TPX, 1584625419, 2020-03-19 13:43:39, I07-W0167, 0, 0, 62.3278530741, 99.4373841507 
364, 42927, 0.002, [1 100 255 127 127 0 385 7 130 128 80 85 128 128], 70.0, TPX, 1584625599, 2020-03-19 13:46:39, I07-W0167, 0, 0, 73.0672327122, 87.9080999653 
365, 42929, 0.002, [1 100 255 127 127 0 385 7 130 128 80 85 128 128], 70.0, TPX, 1584625959, 2020-03-19 13:52:39, I07-W0167, 0, 0, 79.4784512475, -24.8603551981 
366, 42930, 0.002, [1 100 255 127 127 0 385 7 130 128 80 85 128 128], 70.0, TPX, 1584626139, 2020-03-19 13:55:39, I07-W0167, 0, 0, 69.674138167, -49.0858545583 
367, 42931, 0.002, [1 100 255 127 127 0 385 7 130 128 80 85 128 128], 70.0, TPX, 1584626319, 2020-03-19 13:58:39, I07-W0167, 0, 0, 58.7692425547, -57.8973074355 
368, 42934, 1.5, [1 100 255 127 127 0 385 7 130 128 80 85 128 128], 70.0, TPX, 1584627041, 2020-03-19 14:10:41, I07-W0167, 0, 0, 13.6398305679, -71.3521995326 
369, 42937, 0.002, [1 100 255 127 127 0 385 7 130 128 80 85 128 128], 70.0, TPX, 1584627579, 2020-03-19 14:19:39, I07-W0167, 0, 0, -20.1534344926, -78.0832075248 
370, 42938, 0.002, [1 100 255 127 127 0 385 7 130 128 80 85 128 128], 70.0, TPX, 1584627759, 2020-03-19 14:22:39, I07-W0167, 0, 0, -31.4338726885, -80.6345768776 
371, 42939, 0.002, [1 100 255 127 127 0 385 7 130 128 80 85 128 128], 70.0, TPX, 1584627939, 2020-03-19 14:25:39, I07-W0167, 0, 0, -42.6802538536, -83.6847481153 
372, 42940, 0.002, [1 100 255 127 127 0 385 7 130 128 80 85 128 128], 70.0, TPX, 1584628119, 2020-03-19 14:28:39, I07-W0167, 0, 0, -53.8592483723, -87.7632316531 
373, 42941, 0.002, [1 100 255 127 127 0 385 7 130 128 80 85 128 128], 70.0, TPX, 1584628299, 2020-03-19 14:31:39, I07-W0167, 0, 0, -64.8788057853, -94.283767366 
374, 42942, 0.002, [1 100 255 127 127 0 385 7 130 128 80 85 128 128], 70.0, TPX, 1584628479, 2020-03-19 14:34:39, I07-W0167, 0, 0, -75.3694435943, -108.61376379 
375, 42943, 0.002, [1 100 255 127 127 0 385 7 130 128 80 85 128 128], 70.0, TPX, 1584628659, 2020-03-19 14:37:39, I07-W0167, 0, 0, -82.5643033934, -159.760214704 
376, 42946, 0.002, [1 100 255 127 127 0 385 7 130 128 80 85 128 128], 70.0, TPX, 1584629199, 2020-03-19 14:46:39, I07-W0167, 0, 0, -56.3608495518, 109.002565478 
377, 42947, 0.002, [1 100 255 127 127 0 385 7 130 128 80 85 128 128], 70.0, TPX, 1584629379, 2020-03-19 14:49:39, I07-W0167, 0, 0, -45.1769168062, 104.547028178 
378, 42950, 1.5, [1 100 255 127 127 0 385 7 130 128 80 85 128 128], 70.0, TPX, 1584629921, 2020-03-19 14:58:41, I07-W0167, 0, 0, -11.1233190855, 96.3083788697 
379, 42951, 1.5, [1 100 255 127 127 0 385 7 130 128 80 85 128 128], 70.0, TPX, 1584630101, 2020-03-19 15:01:41, I07-W0167, 0, 0, 0.230631849383, 94.0812181062 
380, 42952, 1.5, [1 100 255 127 127 0 385 7 130 128 80 85 128 128], 70.0, TPX, 1584630281, 2020-03-19 15:04:41, I07-W0167, 0, 0, 11.5884378925, 91.8511271915 
381, 42953, 1.5, [1 100 255 127 127 0 385 7 130 128 80 85 128 128], 70.0, TPX, 1584630461, 2020-03-19 15:07:41, I07-W0167, 0, 0, 22.940670768, 89.4935439658 
382, 42954, 1.5, [1 100 255 127 127 0 385 7 130 128 80 85 128 128], 70.0, TPX, 1584630641, 2020-03-19 15:10:41, I07-W0167, 0, 0, 34.2748386469, 86.837501964 
383, 42957, 0.002, [1 100 255 127 127 0 385 7 130 128 80 85 128 128], 70.0, TPX, 1584631182, 2020-03-19 15:19:42, I07-W0167, 0, 0, 67.8356561483, 71.2220775988 
384, 42959, 0.002, [1 100 255 127 127 0 385 7 130 128 80 85 128 128], 70.0, TPX, 1584631899, 2020-03-19 15:31:39, I07-W0167, 0, 0, 64.4027552606, -77.8243023742 
385, 42960, 0.002, [1 100 255 127 127 0 385 7 130 128 80 85 128 128], 70.0, TPX, 1584632079, 2020-03-19 15:34:39, I07-W0167, 0, 0, 53.3379307689, -84.191561812 
386, 42966, 0.002, [1 100 255 127 127 0 385 7 130 128 80 85 128 128], 70.0, TPX, 1584633744, 2020-03-19 16:02:24, I07-W0167, 0, 0, -50.9430649556, -110.179161185 
387, 42967, 0.002, [1 100 255 127 127 0 385 7 130 128 80 85 128 128], 70.0, TPX, 1584633924, 2020-03-19 16:05:24, I07-W0167, 0, 0, -62.0207336181, -115.814340457 
388, 42968, 0.002, [1 100 255 127 127 0 385 7 130 128 80 85 128 128], 70.0, TPX, 1584634104, 2020-03-19 16:08:24, I07-W0167, 0, 0, -72.7298964994, -126.978680805 
389, 42969, 0.002, [1 100 255 127 127 0 385 7 130 128 80 85 128 128], 70.0, TPX, 1584634284, 2020-03-19 16:11:24, I07-W0167, 0, 0, -81.5220165262, -162.854727529 
390, 42970, 0.002, [1 100 255 127 127 0 385 7 130 128 80 85 128 128], 70.0, TPX, 1584634464, 2020-03-19 16:14:24, I07-W0167, 0, 0, -79.8042376105, 121.522493471 
391, 42972, 0.002, [1 100 255 127 127 0 385 7 130 128 80 85 128 128], 70.0, TPX, 1584634824, 2020-03-19 16:20:24, I07-W0167, 0, 0, -59.2619450806, 86.9087886484 
392, 42973, 0.002, [1 100 255 127 127 0 385 7 130 128 80 85 128 128], 70.0, TPX, 1584635004, 2020-03-19 16:23:24, I07-W0167, 0, 0, -48.1147416773, 81.9181196867 
393, 42975, 1.5, [1 100 255 127 127 0 385 7 130 128 80 85 128 128], 70.0, TPX, 1584635366, 2020-03-19 16:29:26, I07-W0167, 0, 0, -25.4283878804, 75.674855503 
394, 42976, 1.5, [1 100 255 127 127 0 385 7 130 128 80 85 128 128], 70.0, TPX, 1584635546, 2020-03-19 16:32:26, I07-W0167, 0, 0, -14.0926396664, 73.2711070287 
395, 42978, 1.5, [1 100 255 127 127 0 385 7 130 128 80 85 128 128], 70.0, TPX, 1584635906, 2020-03-19 16:38:26, I07-W0167, 0, 0, 8.61646463686, 68.8071685954 
396, 42983, 0.002, [1 100 255 127 127 0 385 7 130 128 80 85 128 128], 70.0, TPX, 1584636804, 2020-03-19 16:53:24, I07-W0167, 0, 0, 64.8136321203, 50.3259778548 
397, 42984, 0.002, [1 100 255 127 127 0 385 7 130 128 80 85 128 128], 70.0, TPX, 1584636984, 2020-03-19 16:56:24, I07-W0167, 0, 0, 75.35665065, 35.97735892 
398, 42986, 0.002, [1 100 255 127 127 0 385 7 130 128 80 85 128 128], 70.0, TPX, 1584637524, 2020-03-19 17:05:24, I07-W0167, 0, 0, 67.2458898041, -98.9810045708 
399, 42987, 0.002, [1 100 255 127 127 0 385 7 130 128 80 85 128 128], 70.0, TPX, 1584637704, 2020-03-19 17:08:24, I07-W0167, 0, 0, 56.2547596385, -106.481016731 
400, 42988, 0.002, [1 100 255 127 127 0 385 7 130 128 80 85 128 128], 70.0, TPX, 1584637884, 2020-03-19 17:11:24, I07-W0167, 0, 0, 45.0674835154, -110.919895201 
401, 42990, 1.5, [1 100 255 127 127 0 385 7 130 128 80 85 128 128], 70.0, TPX, 1584638246, 2020-03-19 17:17:26, I07-W0167, 0, 0, 22.386223332, -116.794062792 
402, 42991, 1.5, [1 100 255 127 127 0 385 7 130 128 80 85 128 128], 70.0, TPX, 1584638426, 2020-03-19 17:20:26, I07-W0167, 0, 0, 11.0782654502, -119.136080016 
403, 42994, 0.002, [1 100 255 127 127 0 385 7 130 128 80 85 128 128], 70.0, TPX, 1584639559, 2020-03-19 17:39:19, I07-W0167, 0, 0, -59.7537460215, -138.027645598 
404, 42995, 0.002, [1 100 255 127 127 0 385 7 130 128 80 85 128 128], 70.0, TPX, 1584639739, 2020-03-19 17:42:19, I07-W0167, 0, 0, -70.582498685, -147.42438763 
405, 42996, 0.002, [1 100 255 127 127 0 385 7 130 128 80 85 128 128], 70.0, TPX, 1584639919, 2020-03-19 17:45:19, I07-W0167, 0, 0, -80.1305225773, -174.400779829 
406, 42999, 0.002, [1 100 255 127 127 0 385 7 130 128 80 85 128 128], 70.0, TPX, 1584640459, 2020-03-19 17:54:19, I07-W0167, 0, 0, -61.5354964889, 64.6598025998 
407, 43000, 0.002, [1 100 255 127 127 0 385 7 130 128 80 85 128 128], 70.0, TPX, 1584640639, 2020-03-19 17:57:19, I07-W0167, 0, 0, -50.4240935222, 59.143605223 
408, 43005, 0.002, [1 100 255 127 127 0 385 7 130 128 80 85 128 128], 70.0, TPX, 1584642469, 2020-03-19 18:27:49, I07-W0167, 0, 0, 64.381936844, 27.0342934201 
409, 43006, 0.002, [1 100 255 127 127 0 385 7 130 128 80 85 128 128], 70.0, TPX, 1584642649, 2020-03-19 18:30:49, I07-W0167, 0, 0, 74.9645499804, 13.2509810683 
410, 43007, 0.002, [1 100 255 127 127 0 385 7 130 128 80 85 128 128], 70.0, TPX, 1584643656, 2020-03-19 18:47:36, I07-W0167, 0, 0, 38.8239290487, -136.435460201 
411, 43008, 0.002, [1 100 255 127 127 0 385 7 130 128 80 85 128 128], 70.0, TPX, 1584643836, 2020-03-19 18:50:36, I07-W0167, 0, 0, 27.5412010319, -139.278143952 
412, 43010, 1.5, [1 100 255 127 127 0 385 7 130 128 80 85 128 128], 70.0, TPX, 1584644198, 2020-03-19 18:56:38, I07-W0167, 0, 0, 4.80143302126, -144.009866782 
413, 43012, 0.002, [1 100 255 127 127 0 385 7 130 128 80 85 128 128], 70.0, TPX, 1584645007, 2020-03-19 19:10:07, I07-W0167, 0, 0, -45.8978364428, -155.617336142 
414, 43013, 0.002, [1 100 255 127 127 0 385 7 130 128 80 85 128 128], 70.0, TPX, 1584645367, 2020-03-19 19:16:07, I07-W0167, 0, 0, -67.9783046491, -168.020249334 
415, 43014, 0.002, [1 100 255 127 127 0 385 7 130 128 80 85 128 128], 70.0, TPX, 1584645547, 2020-03-19 19:19:07, I07-W0167, 0, 0, -78.0820532229, 172.252548732 
416, 43017, 0.002, [1 100 255 127 127 0 385 7 130 128 80 85 128 128], 70.0, TPX, 1584646087, 2020-03-19 19:28:07, I07-W0167, 0, 0, -64.2206350966, 42.9282307015 
417, 43018, 0.002, [1 100 255 127 127 0 385 7 130 128 80 85 128 128], 70.0, TPX, 1584646267, 2020-03-19 19:31:07, I07-W0167, 0, 0, -53.1625417563, 36.6263020231 
418, 43019, 0.002, [1 100 255 127 127 0 385 7 130 128 80 85 128 128], 70.0, TPX, 1584646447, 2020-03-19 19:34:07, I07-W0167, 0, 0, -41.9464012538, 32.6312458309 
419, 43020, 0.002, [1 100 255 127 127 0 385 7 130 128 80 85 128 128], 70.0, TPX, 1584646627, 2020-03-19 19:37:07, I07-W0167, 0, 0, -30.6594965763, 29.6187430866 
420, 43022, 1.5, [1 100 255 127 127 0 385 7 130 128 80 85 128 128], 70.0, TPX, 1584646989, 2020-03-19 19:43:09, I07-W0167, 0, 0, -7.86333809699, 24.759036172 
421, 43023, 1.5, [1 100 255 127 127 0 385 7 130 128 80 85 128 128], 70.0, TPX, 1584647169, 2020-03-19 19:46:09, I07-W0167, 0, 0, 3.49258927054, 22.5429983715 
422, 43024, 1.5, [1 100 255 127 127 0 385 7 130 128 80 85 128 128], 70.0, TPX, 1584647349, 2020-03-19 19:49:09, I07-W0167, 0, 0, 14.8497379613, 20.2900946251 
423, 43025, 1.5, [1 100 255 127 127 0 385 7 130 128 80 85 128 128], 70.0, TPX, 1584647529, 2020-03-19 19:52:09, I07-W0167, 0, 0, 26.1981467846, 17.8678824419 
424, 43026, 1.5, [1 100 255 127 127 0 385 7 130 128 80 85 128 128], 70.0, TPX, 1584647710, 2020-03-19 19:55:10, I07-W0167, 0, 0, 37.5864763562, 15.0625307973 
425, 43027, 1.5, [1 100 255 127 127 0 385 7 130 128 80 85 128 128], 70.0, TPX, 1584647889, 2020-03-19 19:58:09, I07-W0167, 0, 0, 48.8007248963, 11.5526775833 
426, 43031, 0.002, [1 100 255 127 127 0 385 7 130 128 80 85 128 128], 70.0, TPX, 1584648787, 2020-03-19 20:13:07, I07-W0167, 0, 0, 72.0408260348, -140.397338749 
427, 43032, 0.002, [1 100 255 127 127 0 385 7 130 128 80 85 128 128], 70.0, TPX, 1584648967, 2020-03-19 20:16:07, I07-W0167, 0, 0, 61.252931563, -150.954106449 
428, 43033, 0.002, [1 100 255 127 127 0 385 7 130 128 80 85 128 128], 70.0, TPX, 1584649147, 2020-03-19 20:19:07, I07-W0167, 0, 0, 50.1293128029, -156.401195972 
429, 43036, 1.5, [1 100 255 127 127 0 385 7 130 128 80 85 128 128], 70.0, TPX, 1584649689, 2020-03-19 20:28:09, I07-W0167, 0, 0, 16.1822993304, -165.371283408 
430, 43037, 1.5, [1 100 255 127 127 0 385 7 130 128 80 85 128 128], 70.0, TPX, 1584649869, 2020-03-19 20:31:09, I07-W0167, 0, 0, 4.87151887298, -167.630587042 
