# ordinar image ID, original image ID, exposure [s], dacs, bias [V], detector type, UTC time, human readable time, chip-board id, adrenalin mode, anomaly mode, latitude [deg], longitude [deg], 
1, 43968, 2.0, [1 100 255 127 127 0 380 7 130 128 80 85 128 128], 70.0, TPX, 1591694101, 2020-06-09 09:15:01, I07-W0167, 0, 0, -3.01378639304, -0.437427085618 
2, 43969, 2.0, [1 100 255 127 127 0 380 7 130 128 80 85 128 128], 70.0, TPX, 1591694281, 2020-06-09 09:18:01, I07-W0167, 0, 0, -14.3253860463, -2.67764418261 
3, 43971, 0.004, [1 100 255 127 127 0 380 7 130 128 80 85 128 128], 70.0, TPX, 1591695419, 2020-06-09 09:36:59, I07-W0167, 0, 0, -81.8594142108, -69.2730011571 
4, 43972, 0.004, [1 100 255 127 127 0 380 7 130 128 80 85 128 128], 70.0, TPX, 1591695599, 2020-06-09 09:39:59, I07-W0167, 0, 0, -79.338159162, -143.343827715 
5, 43980, 0.004, [1 100 255 127 127 0 380 7 130 128 80 85 128 128], 70.0, TPX, 1591697614, 2020-06-09 10:13:34, I07-W0167, 0, 0, 45.221029583, 157.884494494 
6, 43981, 0.004, [1 100 255 127 127 0 380 7 130 128 80 85 128 128], 70.0, TPX, 1591697794, 2020-06-09 10:16:34, I07-W0167, 0, 0, 56.4543514264, 153.406731757 
7, 43982, 0.004, [1 100 255 127 127 0 380 7 130 128 80 85 128 128], 70.0, TPX, 1591698154, 2020-06-09 10:22:34, I07-W0167, 0, 0, 77.730599009, 126.917564273 
8, 43988, 2.0, [1 100 255 127 127 0 380 7 130 128 80 85 128 128], 70.0, TPX, 1591699236, 2020-06-09 10:40:36, I07-W0167, 0, 0, 30.7114265046, -17.0770028852 
9, 43989, 2.0, [1 100 255 127 127 0 380 7 130 128 80 85 128 128], 70.0, TPX, 1591699416, 2020-06-09 10:43:36, I07-W0167, 0, 0, 19.3903247775, -19.6093740668 
10, 43990, 2.0, [1 100 255 127 127 0 380 7 130 128 80 85 128 128], 70.0, TPX, 1591699596, 2020-06-09 10:46:36, I07-W0167, 0, 0, 8.06347373871, -21.9057553824 
11, 43991, 2.0, [1 100 255 127 127 0 380 7 130 128 80 85 128 128], 70.0, TPX, 1591699776, 2020-06-09 10:49:36, I07-W0167, 0, 0, -3.25930117126, -24.1155538051 
12, 43992, 0.004, [1 100 255 127 127 0 380 7 130 128 80 85 128 128], 70.0, TPX, 1591699954, 2020-06-09 10:52:34, I07-W0167, 0, 0, -14.4448989888, -26.3321960773 
13, 43993, 0.004, [1 100 255 127 127 0 380 7 130 128 80 85 128 128], 70.0, TPX, 1591700134, 2020-06-09 10:55:34, I07-W0167, 0, 0, -25.7369467987, -28.7338510986 
14, 43994, 0.004, [1 100 255 127 127 0 380 7 130 128 80 85 128 128], 70.0, TPX, 1591700314, 2020-06-09 10:58:34, I07-W0167, 0, 0, -36.9984209744, -31.4852493714 
15, 43995, 0.004, [1 100 255 127 127 0 380 7 130 128 80 85 128 128], 70.0, TPX, 1591700494, 2020-06-09 11:01:34, I07-W0167, 0, 0, -48.2078200802, -34.9393477512 
16, 43996, 0.004, [1 100 255 127 127 0 380 7 130 128 80 85 128 128], 70.0, TPX, 1591700674, 2020-06-09 11:04:34, I07-W0167, 0, 0, -59.3129461031, -39.9214414104 
17, 43997, 0.004, [1 100 255 127 127 0 380 7 130 128 80 85 128 128], 70.0, TPX, 1591700854, 2020-06-09 11:07:34, I07-W0167, 0, 0, -70.1443693705, -48.9947261744 
18, 43998, 0.004, [1 100 255 127 127 0 380 7 130 128 80 85 128 128], 70.0, TPX, 1591701034, 2020-06-09 11:10:34, I07-W0167, 0, 0, -79.7968746666, -74.3918864299 
19, 43999, 0.004, [1 100 255 127 127 0 380 7 130 128 80 85 128 128], 70.0, TPX, 1591701214, 2020-06-09 11:13:34, I07-W0167, 0, 0, -81.556959774, -149.902489544 
20, 44003, 2.0, [1 100 255 127 127 0 380 7 130 128 80 85 128 128], 70.0, TPX, 1591702779, 2020-06-09 11:39:39, I07-W0167, 0, 0, 13.3520977501, 142.045449735 
21, 44005, 0.004, [1 100 255 127 127 0 380 7 130 128 80 85 128 128], 70.0, TPX, 1591703497, 2020-06-09 11:51:37, I07-W0167, 0, 0, 58.4313462663, 128.748833611 
22, 44006, 0.004, [1 100 255 127 127 0 380 7 130 128 80 85 128 128], 70.0, TPX, 1591703677, 2020-06-09 11:54:37, I07-W0167, 0, 0, 69.3918054675, 120.103767557 
23, 44009, 0.004, [1 100 255 127 127 0 380 7 130 128 80 85 128 128], 70.0, TPX, 1591704217, 2020-06-09 12:03:37, I07-W0167, 0, 0, 73.2655609151, -16.9486943665 
24, 44010, 0.004, [1 100 255 127 127 0 380 7 130 128 80 85 128 128], 70.0, TPX, 1591704397, 2020-06-09 12:06:37, I07-W0167, 0, 0, 62.5240980693, -28.671870547 
25, 44011, 2.0, [1 100 255 127 127 0 380 7 130 128 80 85 128 128], 70.0, TPX, 1591704579, 2020-06-09 12:09:39, I07-W0167, 0, 0, 51.2666724883, -34.5080247203 
26, 44012, 2.0, [1 100 255 127 127 0 380 7 130 128 80 85 128 128], 70.0, TPX, 1591704759, 2020-06-09 12:12:39, I07-W0167, 0, 0, 40.0099606621, -38.2791292549 
27, 44013, 2.0, [1 100 255 127 127 0 380 7 130 128 80 85 128 128], 70.0, TPX, 1591704939, 2020-06-09 12:15:39, I07-W0167, 0, 0, 28.7054682475, -41.1822772556 
28, 44015, 2.0, [1 100 255 127 127 0 380 7 130 128 80 85 128 128], 70.0, TPX, 1591705299, 2020-06-09 12:21:39, I07-W0167, 0, 0, 6.05589160415, -45.9304881622 
29, 44017, 0.004, [1 100 255 127 127 0 380 7 130 128 80 85 128 128], 70.0, TPX, 1591705657, 2020-06-09 12:27:37, I07-W0167, 0, 0, -16.4479988118, -50.3721704241 
30, 44018, 0.004, [1 100 255 127 127 0 380 7 130 128 80 85 128 128], 70.0, TPX, 1591705837, 2020-06-09 12:30:37, I07-W0167, 0, 0, -27.7355557723, -52.8192086374 
31, 44019, 0.004, [1 100 255 127 127 0 380 7 130 128 80 85 128 128], 70.0, TPX, 1591706017, 2020-06-09 12:33:37, I07-W0167, 0, 0, -38.9898001927, -55.6619470299 
32, 44020, 0.004, [1 100 255 127 127 0 380 7 130 128 80 85 128 128], 70.0, TPX, 1591706197, 2020-06-09 12:36:37, I07-W0167, 0, 0, -50.1860067881, -59.3037731591 
33, 44021, 0.004, [1 100 255 127 127 0 380 7 130 128 80 85 128 128], 70.0, TPX, 1591706377, 2020-06-09 12:39:37, I07-W0167, 0, 0, -61.2614283183, -64.7298256992 
34, 44022, 0.004, [1 100 255 127 127 0 380 7 130 128 80 85 128 128], 70.0, TPX, 1591706557, 2020-06-09 12:42:37, I07-W0167, 0, 0, -71.9982124846, -75.2014824125 
35, 44023, 0.004, [1 100 255 127 127 0 380 7 130 128 80 85 128 128], 70.0, TPX, 1591706737, 2020-06-09 12:45:37, I07-W0167, 0, 0, -81.082487023, -107.535891637 
36, 44028, 0.004, [1 100 255 127 127 0 380 7 130 128 80 85 128 128], 70.0, TPX, 1591707637, 2020-06-09 13:00:37, I07-W0167, 0, 0, -37.8153389197, 129.261207082 
37, 44029, 2.0, [1 100 255 127 127 0 380 7 130 128 80 85 128 128], 70.0, TPX, 1591707819, 2020-06-09 13:03:39, I07-W0167, 0, 0, -26.4057777052, 126.441131257 
38, 44030, 2.0, [1 100 255 127 127 0 380 7 130 128 80 85 128 128], 70.0, TPX, 1591707999, 2020-06-09 13:06:39, I07-W0167, 0, 0, -15.0870699594, 124.021085952 
39, 44031, 2.0, [1 100 255 127 127 0 380 7 130 128 80 85 128 128], 70.0, TPX, 1591708179, 2020-06-09 13:09:39, I07-W0167, 0, 0, -3.74689877109, 121.770743526 
40, 44032, 2.0, [1 100 255 127 127 0 380 7 130 128 80 85 128 128], 70.0, TPX, 1591708359, 2020-06-09 13:12:39, I07-W0167, 0, 0, 7.60560005492, 119.558008122 
41, 44033, 2.0, [1 100 255 127 127 0 380 7 130 128 80 85 128 128], 70.0, TPX, 1591708539, 2020-06-09 13:15:39, I07-W0167, 0, 0, 18.9616945487, 117.263474373 
42, 44034, 2.0, [1 100 255 127 127 0 380 7 130 128 80 85 128 128], 70.0, TPX, 1591708719, 2020-06-09 13:18:39, I07-W0167, 0, 0, 30.3104636645, 114.738899852 
43, 44036, 0.004, [1 100 255 127 127 0 380 7 130 128 80 85 128 128], 70.0, TPX, 1591709077, 2020-06-09 13:24:37, I07-W0167, 0, 0, 52.7755944644, 107.827206035 
44, 44038, 0.004, [1 100 255 127 127 0 380 7 130 128 80 85 128 128], 70.0, TPX, 1591709437, 2020-06-09 13:30:37, I07-W0167, 0, 0, 74.5465355731, 88.4025715102 
45, 44041, 0.004, [1 100 255 127 127 0 380 7 130 128 80 85 128 128], 70.0, TPX, 1591709977, 2020-06-09 13:39:37, I07-W0167, 0, 0, 68.0457322766, -47.6476113797 
46, 44043, 2.0, [1 100 255 127 127 0 380 7 130 128 80 85 128 128], 70.0, TPX, 1591710339, 2020-06-09 13:45:39, I07-W0167, 0, 0, 45.7151869392, -60.1537697106 
47, 44044, 2.0, [1 100 255 127 127 0 380 7 130 128 80 85 128 128], 70.0, TPX, 1591710519, 2020-06-09 13:48:39, I07-W0167, 0, 0, 34.429699526, -63.4165305861 
48, 44045, 2.0, [1 100 255 127 127 0 380 7 130 128 80 85 128 128], 70.0, TPX, 1591710699, 2020-06-09 13:51:39, I07-W0167, 0, 0, 23.1137733747, -66.0724564747 
49, 44046, 2.0, [1 100 255 127 127 0 380 7 130 128 80 85 128 128], 70.0, TPX, 1591710879, 2020-06-09 13:54:39, I07-W0167, 0, 0, 11.787736836, -68.4270002662 
50, 44047, 2.0, [1 100 255 127 127 0 380 7 130 128 80 85 128 128], 70.0, TPX, 1591711059, 2020-06-09 13:57:39, I07-W0167, 0, 0, 0.462935440927, -70.6515450673 
51, 44049, 0.004, [1 100 255 127 127 0 380 7 130 128 80 85 128 128], 70.0, TPX, 1591711417, 2020-06-09 14:03:37, I07-W0167, 0, 0, -22.0262757779, -75.1772352409 
52, 44050, 0.004, [1 100 255 127 127 0 380 7 130 128 80 85 128 128], 70.0, TPX, 1591711597, 2020-06-09 14:06:37, I07-W0167, 0, 0, -33.29935786, -77.7859098809 
53, 44051, 0.004, [1 100 255 127 127 0 380 7 130 128 80 85 128 128], 70.0, TPX, 1591711957, 2020-06-09 14:12:37, I07-W0167, 0, 0, -55.6783463141, -85.2821039657 
54, 44052, 0.004, [1 100 255 127 127 0 380 7 130 128 80 85 128 128], 70.0, TPX, 1591712137, 2020-06-09 14:15:37, I07-W0167, 0, 0, -66.6358582887, -92.475782142 
55, 44053, 0.004, [1 100 255 127 127 0 380 7 130 128 80 85 128 128], 70.0, TPX, 1591712317, 2020-06-09 14:18:37, I07-W0167, 0, 0, -76.918462196, -109.458214228 
56, 44057, 0.004, [1 100 255 127 127 0 380 7 130 128 80 85 128 128], 70.0, TPX, 1591713037, 2020-06-09 14:30:37, I07-W0167, 0, 0, -54.6842156957, 111.478522712 
57, 44058, 2.0, [1 100 255 127 127 0 380 7 130 128 80 85 128 128], 70.0, TPX, 1591713399, 2020-06-09 14:36:39, I07-W0167, 0, 0, -32.1215976057, 104.15789864 
58, 44059, 2.0, [1 100 255 127 127 0 380 7 130 128 80 85 128 128], 70.0, TPX, 1591713579, 2020-06-09 14:39:39, I07-W0167, 0, 0, -20.8180904459, 101.584290192 
59, 44060, 2.0, [1 100 255 127 127 0 380 7 130 128 80 85 128 128], 70.0, TPX, 1591713759, 2020-06-09 14:42:39, I07-W0167, 0, 0, -9.48739913329, 99.2670324027 
60, 44061, 2.0, [1 100 255 127 127 0 380 7 130 128 80 85 128 128], 70.0, TPX, 1591713939, 2020-06-09 14:45:39, I07-W0167, 0, 0, 1.86001952609, 97.0500417908 
61, 44062, 2.0, [1 100 255 127 127 0 380 7 130 128 80 85 128 128], 70.0, TPX, 1591714119, 2020-06-09 14:48:39, I07-W0167, 0, 0, 13.215541778, 94.8125469511 
62, 44064, 2.0, [1 100 255 127 127 0 380 7 130 128 80 85 128 128], 70.0, TPX, 1591714479, 2020-06-09 14:54:39, I07-W0167, 0, 0, 35.9092209528, 89.709104736 
63, 44066, 0.004, [1 100 255 127 127 0 380 7 130 128 80 85 128 128], 70.0, TPX, 1591714837, 2020-06-09 15:00:37, I07-W0167, 0, 0, 58.2978024077, 81.561078378 
64, 44067, 0.004, [1 100 255 127 127 0 380 7 130 128 80 85 128 128], 70.0, TPX, 1591715017, 2020-06-09 15:03:37, I07-W0167, 0, 0, 69.2633774205, 72.9929134239 
65, 44069, 0.004, [1 100 255 127 127 0 380 7 130 128 80 85 128 128], 70.0, TPX, 1591715557, 2020-06-09 15:12:37, I07-W0167, 0, 0, 73.3891805089, -63.9869196836 
66, 44070, 0.004, [1 100 255 127 127 0 380 7 130 128 80 85 128 128], 70.0, TPX, 1591715737, 2020-06-09 15:15:37, I07-W0167, 0, 0, 62.6567540033, -75.8404056281 
67, 44071, 0.004, [1 100 255 127 127 0 380 7 130 128 80 85 128 128], 70.0, TPX, 1591715917, 2020-06-09 15:18:37, I07-W0167, 0, 0, 51.5265236201, -81.6643508383 
68, 44072, 2.0, [1 100 255 127 127 0 380 7 130 128 80 85 128 128], 70.0, TPX, 1591716099, 2020-06-09 15:21:39, I07-W0167, 0, 0, 40.1463151435, -85.5004924342 
69, 44073, 2.0, [1 100 255 127 127 0 380 7 130 128 80 85 128 128], 70.0, TPX, 1591716279, 2020-06-09 15:24:39, I07-W0167, 0, 0, 28.8423964649, -88.4107677372 
70, 44074, 2.0, [1 100 255 127 127 0 380 7 130 128 80 85 128 128], 70.0, TPX, 1591716459, 2020-06-09 15:27:39, I07-W0167, 0, 0, 17.5197955113, -90.8909255378 
71, 44075, 2.0, [1 100 255 127 127 0 380 7 130 128 80 85 128 128], 70.0, TPX, 1591716639, 2020-06-09 15:30:39, I07-W0167, 0, 0, 6.19334873429, -93.1640603046 
72, 44076, 2.0, [1 100 255 127 127 0 380 7 130 128 80 85 128 128], 70.0, TPX, 1591716819, 2020-06-09 15:33:39, I07-W0167, 0, 0, -5.12772908711, -95.3711608025 
73, 44077, 2.0, [1 100 255 127 127 0 380 7 130 128 80 85 128 128], 70.0, TPX, 1591716999, 2020-06-09 15:36:39, I07-W0167, 0, 0, -16.4360596411, -97.6302458702 
74, 44079, 0.004, [1 100 255 127 127 0 380 7 130 128 80 85 128 128], 70.0, TPX, 1591717357, 2020-06-09 15:42:37, I07-W0167, 0, 0, -38.852933447, -102.884198134 
75, 44080, 0.004, [1 100 255 127 127 0 380 7 130 128 80 85 128 128], 70.0, TPX, 1591717537, 2020-06-09 15:45:37, I07-W0167, 0, 0, -50.0500552878, -106.512258017 
76, 44081, 0.004, [1 100 255 127 127 0 380 7 130 128 80 85 128 128], 70.0, TPX, 1591717717, 2020-06-09 15:48:37, I07-W0167, 0, 0, -61.1276863842, -111.905245611 
77, 44082, 0.004, [1 100 255 127 127 0 380 7 130 128 80 85 128 128], 70.0, TPX, 1591717897, 2020-06-09 15:51:37, I07-W0167, 0, 0, -71.871819834, -122.2694976 
78, 44083, 0.004, [1 100 255 127 127 0 380 7 130 128 80 85 128 128], 70.0, TPX, 1591718077, 2020-06-09 15:54:37, I07-W0167, 0, 0, -81.0026421116, -154.060285238 
79, 44087, 0.004, [1 100 255 127 127 0 380 7 130 128 80 85 128 128], 70.0, TPX, 1591718797, 2020-06-09 16:06:37, I07-W0167, 0, 0, -49.1764809233, 85.5852824025 
80, 44088, 0.004, [1 100 255 127 127 0 380 7 130 128 80 85 128 128], 70.0, TPX, 1591718977, 2020-06-09 16:09:37, I07-W0167, 0, 0, -37.9515567974, 82.0379826764 
81, 44089, 2.0, [1 100 255 127 127 0 380 7 130 128 80 85 128 128], 70.0, TPX, 1591719159, 2020-06-09 16:12:39, I07-W0167, 0, 0, -26.5423012339, 79.2116230775 
82, 44090, 2.0, [1 100 255 127 127 0 380 7 130 128 80 85 128 128], 70.0, TPX, 1591719339, 2020-06-09 16:15:39, I07-W0167, 0, 0, -15.2236959409, 76.7884905263 
83, 44091, 2.0, [1 100 255 127 127 0 380 7 130 128 80 85 128 128], 70.0, TPX, 1591719519, 2020-06-09 16:18:39, I07-W0167, 0, 0, -3.88351706863, 74.5369323271 
84, 44092, 2.0, [1 100 255 127 127 0 380 7 130 128 80 85 128 128], 70.0, TPX, 1591719879, 2020-06-09 16:24:39, I07-W0167, 0, 0, 18.8253366521, 70.0316166077 
85, 44093, 2.0, [1 100 255 127 127 0 380 7 130 128 80 85 128 128], 70.0, TPX, 1591720059, 2020-06-09 16:27:39, I07-W0167, 0, 0, 30.1743994661, 67.510942125 
86, 44094, 2.0, [1 100 255 127 127 0 380 7 130 128 80 85 128 128], 70.0, TPX, 1591720239, 2020-06-09 16:30:39, I07-W0167, 0, 0, 41.4991365613, 64.5219147409 
87, 44096, 0.004, [1 100 255 127 127 0 380 7 130 128 80 85 128 128], 70.0, TPX, 1591720597, 2020-06-09 16:36:37, I07-W0167, 0, 0, 63.7655327621, 54.4592326795 
88, 44097, 0.004, [1 100 255 127 127 0 380 7 130 128 80 85 128 128], 70.0, TPX, 1591720777, 2020-06-09 16:39:37, I07-W0167, 0, 0, 74.4254909606, 41.3958880067 
89, 44098, 0.004, [1 100 255 127 127 0 380 7 130 128 80 85 128 128], 70.0, TPX, 1591720957, 2020-06-09 16:42:37, I07-W0167, 0, 0, 82.3340918674, -4.31422837075 
90, 44099, 0.004, [1 100 255 127 127 0 380 7 130 128 80 85 128 128], 70.0, TPX, 1591721137, 2020-06-09 16:45:37, I07-W0167, 0, 0, 78.3050725596, -74.4116325068 
91, 44100, 0.004, [1 100 255 127 127 0 380 7 130 128 80 85 128 128], 70.0, TPX, 1591721317, 2020-06-09 16:48:37, I07-W0167, 0, 0, 68.1753351161, -94.7728157407 
92, 44101, 0.004, [1 100 255 127 127 0 380 7 130 128 80 85 128 128], 70.0, TPX, 1591721497, 2020-06-09 16:51:37, I07-W0167, 0, 0, 57.1829003843, -102.730846727 
93, 44102, 0.004, [1 100 255 127 127 0 380 7 130 128 80 85 128 128], 70.0, TPX, 1591721677, 2020-06-09 16:54:37, I07-W0167, 0, 0, 45.9760694296, -107.327270339 
94, 44103, 0.004, [1 100 255 127 127 0 380 7 130 128 80 85 128 128], 70.0, TPX, 1591721857, 2020-06-09 16:57:37, I07-W0167, 0, 0, 34.6918899976, -110.609818273 
95, 44104, 0.004, [1 100 255 127 127 0 380 7 130 128 80 85 128 128], 70.0, TPX, 1591722037, 2020-06-09 17:00:37, I07-W0167, 0, 0, 23.3766075917, -113.275531822 
96, 44105, 0.004, [1 100 255 127 127 0 380 7 130 128 80 85 128 128], 70.0, TPX, 1591722217, 2020-06-09 17:03:37, I07-W0167, 0, 0, 12.0508698737, -115.634802105 
97, 44106, 2.0, [1 100 255 127 127 0 380 7 130 128 80 85 128 128], 70.0, TPX, 1591722399, 2020-06-09 17:06:39, I07-W0167, 0, 0, 0.600346307209, -117.885322115 
98, 44107, 2.0, [1 100 255 127 127 0 380 7 130 128 80 85 128 128], 70.0, TPX, 1591722579, 2020-06-09 17:09:39, I07-W0167, 0, 0, -10.7152571176, -120.103207482 
99, 44108, 2.0, [1 100 255 127 127 0 380 7 130 128 80 85 128 128], 70.0, TPX, 1591722759, 2020-06-09 17:12:39, I07-W0167, 0, 0, -22.0143810034, -122.435197989 
100, 44109, 0.004, [1 100 255 127 127 0 380 7 130 128 80 85 128 128], 70.0, TPX, 1591722937, 2020-06-09 17:15:37, I07-W0167, 0, 0, -33.1623306049, -125.012105419 
101, 44110, 0.004, [1 100 255 127 127 0 380 7 130 128 80 85 128 128], 70.0, TPX, 1591723117, 2020-06-09 17:18:37, I07-W0167, 0, 0, -44.3929579387, -128.168404136 
102, 44112, 0.004, [1 100 255 127 127 0 380 7 130 128 80 85 128 128], 70.0, TPX, 1591724284, 2020-06-09 17:38:04, I07-W0167, 0, 0, -60.5347030209, 67.3060432802 
103, 44114, 0.004, [1 100 255 127 127 0 380 7 130 128 80 85 128 128], 70.0, TPX, 1591724644, 2020-06-09 17:44:04, I07-W0167, 0, 0, -38.2072415139, 58.4779827979 
104, 44115, 2.0, [1 100 255 127 127 0 380 7 130 128 80 85 128 128], 70.0, TPX, 1591724826, 2020-06-09 17:47:06, I07-W0167, 0, 0, -26.7988807051, 55.6397181793 
105, 44116, 2.0, [1 100 255 127 127 0 380 7 130 128 80 85 128 128], 70.0, TPX, 1591725006, 2020-06-09 17:50:06, I07-W0167, 0, 0, -15.4807808462, 53.2107731371 
106, 44117, 2.0, [1 100 255 127 127 0 380 7 130 128 80 85 128 128], 70.0, TPX, 1591725186, 2020-06-09 17:53:06, I07-W0167, 0, 0, -4.14087816963, 50.9569029189 
107, 44118, 2.0, [1 100 255 127 127 0 380 7 130 128 80 85 128 128], 70.0, TPX, 1591725366, 2020-06-09 17:56:06, I07-W0167, 0, 0, 7.21161510685, 48.7447993074 
108, 44119, 2.0, [1 100 255 127 127 0 380 7 130 128 80 85 128 128], 70.0, TPX, 1591725546, 2020-06-09 17:59:06, I07-W0167, 0, 0, 18.5679836619, 46.4552413507 
109, 44120, 2.0, [1 100 255 127 127 0 380 7 130 128 80 85 128 128], 70.0, TPX, 1591725726, 2020-06-09 18:02:06, I07-W0167, 0, 0, 29.9174272589, 43.9418478497 
110, 44121, 0.004, [1 100 255 127 127 0 380 7 130 128 80 85 128 128], 70.0, TPX, 1591726665, 2020-06-09 18:17:45, I07-W0167, 0, 0, 82.6904501571, -46.0243042255 
111, 44124, 2.0, [1 100 255 127 127 0 380 7 130 128 80 85 128 128], 70.0, TPX, 1591727755, 2020-06-09 18:35:55, I07-W0167, 0, 0, 20.4253374933, -137.54171862 
112, 44125, 2.0, [1 100 255 127 127 0 380 7 130 128 80 85 128 128], 70.0, TPX, 1591727935, 2020-06-09 18:38:55, I07-W0167, 0, 0, 9.09906872808, -139.8525492 
113, 44127, 0.004, [1 100 255 127 127 0 380 7 130 128 80 85 128 128], 70.0, TPX, 1591728899, 2020-06-09 18:54:59, I07-W0167, 0, 0, -51.2767982437, -154.251940346 
114, 44128, 0.004, [1 100 255 127 127 0 380 7 130 128 80 85 128 128], 70.0, TPX, 1591729079, 2020-06-09 18:57:59, I07-W0167, 0, 0, -62.3334948103, -159.95867268 
115, 44129, 0.004, [1 100 255 127 127 0 380 7 130 128 80 85 128 128], 70.0, TPX, 1591729259, 2020-06-09 19:00:59, I07-W0167, 0, 0, -73.0066762551, -171.364050404 
116, 44132, 0.004, [1 100 255 127 127 0 380 7 130 128 80 85 128 128], 70.0, TPX, 1591729799, 2020-06-09 19:09:59, I07-W0167, 0, 0, -69.9245124114, 51.7507689758 
117, 44133, 0.004, [1 100 255 127 127 0 380 7 130 128 80 85 128 128], 70.0, TPX, 1591729979, 2020-06-09 19:12:59, I07-W0167, 0, 0, -59.0708432178, 42.8147983349 
118, 44134, 0.004, [1 100 255 127 127 0 380 7 130 128 80 85 128 128], 70.0, TPX, 1591730159, 2020-06-09 19:15:59, I07-W0167, 0, 0, -47.9444855519, 37.8774833959 
119, 44135, 0.004, [1 100 255 127 127 0 380 7 130 128 80 85 128 128], 70.0, TPX, 1591730339, 2020-06-09 19:18:59, I07-W0167, 0, 0, -36.7109997839, 34.4419802061 
120, 44136, 0.004, [1 100 255 127 127 0 380 7 130 128 80 85 128 128], 70.0, TPX, 1591730519, 2020-06-09 19:21:59, I07-W0167, 0, 0, -25.4224234177, 31.6987508395 
121, 44138, 2.0, [1 100 255 127 127 0 380 7 130 128 80 85 128 128], 70.0, TPX, 1591730881, 2020-06-09 19:28:01, I07-W0167, 0, 0, -2.63288253789, 27.0329034766 
122, 44139, 2.0, [1 100 255 127 127 0 380 7 130 128 80 85 128 128], 70.0, TPX, 1591731061, 2020-06-09 19:31:01, I07-W0167, 0, 0, 8.72073686604, 24.8175128366 
123, 44140, 0.004, [1 100 255 127 127 0 380 7 130 128 80 85 128 128], 70.0, TPX, 1591732042, 2020-06-09 19:47:22, I07-W0167, 0, 0, 69.9616344895, 1.266697855 
124, 44143, 0.004, [1 100 255 127 127 0 380 7 130 128 80 85 128 128], 70.0, TPX, 1591732582, 2020-06-09 19:56:22, I07-W0167, 0, 0, 72.7153072153, -136.048543644 
125, 44145, 0.004, [1 100 255 127 127 0 380 7 130 128 80 85 128 128], 70.0, TPX, 1591732942, 2020-06-09 20:02:22, I07-W0167, 0, 0, 50.7944434544, -152.845836623 
126, 44148, 0.004, [1 100 255 127 127 0 380 7 130 128 80 85 128 128], 70.0, TPX, 1591735367, 2020-06-09 20:42:47, I07-W0167, 0, 0, -75.7808668691, 38.4144353023 
127, 44149, 0.004, [1 100 255 127 127 0 380 7 130 128 80 85 128 128], 70.0, TPX, 1591735547, 2020-06-09 20:45:47, I07-W0167, 0, 0, -65.3429786111, 23.4790331085 
128, 44150, 0.004, [1 100 255 127 127 0 380 7 130 128 80 85 128 128], 70.0, TPX, 1591735727, 2020-06-09 20:48:47, I07-W0167, 0, 0, -54.3357838405, 16.799229337 
129, 44151, 0.004, [1 100 255 127 127 0 380 7 130 128 80 85 128 128], 70.0, TPX, 1591735907, 2020-06-09 20:51:47, I07-W0167, 0, 0, -43.1534288686, 12.6596540259 
130, 44152, 0.004, [1 100 255 127 127 0 380 7 130 128 80 85 128 128], 70.0, TPX, 1591736087, 2020-06-09 20:54:47, I07-W0167, 0, 0, -31.8924174383, 9.58072939941 
131, 44153, 0.004, [1 100 255 127 127 0 380 7 130 128 80 85 128 128], 70.0, TPX, 1591736267, 2020-06-09 20:57:47, I07-W0167, 0, 0, -20.5877713445, 7.01433192289 
132, 44154, 2.0, [1 100 255 127 127 0 380 7 130 128 80 85 128 128], 70.0, TPX, 1591736449, 2020-06-09 21:00:49, I07-W0167, 0, 0, -9.13019987654, 4.67548561364 
133, 44155, 2.0, [1 100 255 127 127 0 380 7 130 128 80 85 128 128], 70.0, TPX, 1591736629, 2020-06-09 21:03:49, I07-W0167, 0, 0, 2.21799763785, 2.4595801481 
134, 44158, 0.004, [1 100 255 127 127 0 380 7 130 128 80 85 128 128], 70.0, TPX, 1591737776, 2020-06-09 21:22:56, I07-W0167, 0, 0, 73.621058601, -27.9106835301 
135, 44161, 0.004, [1 100 255 127 127 0 380 7 130 128 80 85 128 128], 70.0, TPX, 1591738316, 2020-06-09 21:31:56, I07-W0167, 0, 0, 69.0254067997, -164.736922759 
136, 44168, 0.004, [1 100 255 127 127 0 380 7 130 128 80 85 128 128], 70.0, TPX, 1591741104, 2020-06-09 22:18:24, I07-W0167, 0, 0, -72.0880636231, 7.47931754115 
137, 44169, 0.004, [1 100 255 127 127 0 380 7 130 128 80 85 128 128], 70.0, TPX, 1591741284, 2020-06-09 22:21:24, I07-W0167, 0, 0, -61.3449888526, -3.07655305674 
138, 44170, 0.004, [1 100 255 127 127 0 380 7 130 128 80 85 128 128], 70.0, TPX, 1591741464, 2020-06-09 22:24:24, I07-W0167, 0, 0, -50.2539125288, -8.5288922202 
139, 44171, 0.004, [1 100 255 127 127 0 380 7 130 128 80 85 128 128], 70.0, TPX, 1591741644, 2020-06-09 22:27:24, I07-W0167, 0, 0, -39.0363650073, -12.1823014964 
140, 44172, 0.004, [1 100 255 127 127 0 380 7 130 128 80 85 128 128], 70.0, TPX, 1591741824, 2020-06-09 22:30:24, I07-W0167, 0, 0, -27.7565825096, -15.0315388139 
141, 44173, 2.0, [1 100 255 127 127 0 380 7 130 128 80 85 128 128], 70.0, TPX, 1591742006, 2020-06-09 22:33:26, I07-W0167, 0, 0, -16.3146257079, -17.5089577086 
142, 44174, 2.0, [1 100 255 127 127 0 380 7 130 128 80 85 128 128], 70.0, TPX, 1591742186, 2020-06-09 22:36:26, I07-W0167, 0, 0, -4.97567840404, -19.7707731444 
143, 44175, 2.0, [1 100 255 127 127 0 380 7 130 128 80 85 128 128], 70.0, TPX, 1591742366, 2020-06-09 22:39:26, I07-W0167, 0, 0, 6.37645884884, -21.9819871238 
144, 44177, 2.0, [1 100 255 127 127 0 380 7 130 128 80 85 128 128], 70.0, TPX, 1591742726, 2020-06-09 22:45:26, I07-W0167, 0, 0, 29.0837070482, -26.7520426829 
145, 44180, 0.004, [1 100 255 127 127 0 380 7 130 128 80 85 128 128], 70.0, TPX, 1591743264, 2020-06-09 22:54:24, I07-W0167, 0, 0, 62.7072427616, -39.2969435543 
146, 44181, 0.004, [1 100 255 127 127 0 380 7 130 128 80 85 128 128], 70.0, TPX, 1591743444, 2020-06-09 22:57:24, I07-W0167, 0, 0, 73.4458437583, -51.2175634281 
147, 44182, 0.004, [1 100 255 127 127 0 380 7 130 128 80 85 128 128], 70.0, TPX, 1591743624, 2020-06-09 23:00:24, I07-W0167, 0, 0, 81.933945235, -91.2420860535 
148, 44184, 0.004, [1 100 255 127 127 0 380 7 130 128 80 85 128 128], 70.0, TPX, 1591743984, 2020-06-09 23:06:24, I07-W0167, 0, 0, 69.208585643, 171.842054363 
149, 44185, 0.004, [1 100 255 127 127 0 380 7 130 128 80 85 128 128], 70.0, TPX, 1591744164, 2020-06-09 23:09:24, I07-W0167, 0, 0, 58.2540482158, 163.31256877 
150, 44186, 2.0, [1 100 255 127 127 0 380 7 130 128 80 85 128 128], 70.0, TPX, 1591744346, 2020-06-09 23:12:26, I07-W0167, 0, 0, 46.9346898946, 158.47724563 
151, 44187, 2.0, [1 100 255 127 127 0 380 7 130 128 80 85 128 128], 70.0, TPX, 1591744526, 2020-06-09 23:15:26, I07-W0167, 0, 0, 35.655148161, 155.118882597 
152, 44190, 0.004, [1 100 255 127 127 0 380 7 130 128 80 85 128 128], 70.0, TPX, 1591746565, 2020-06-09 23:49:25, I07-W0167, 0, 0, -82.0576331306, 28.1819530307 
153, 44191, 0.004, [1 100 255 127 127 0 380 7 130 128 80 85 128 128], 70.0, TPX, 1591746745, 2020-06-09 23:52:25, I07-W0167, 0, 0, -73.8018468781, -13.2033217158 
154, 44192, 0.004, [1 100 255 127 127 0 380 7 130 128 80 85 128 128], 70.0, TPX, 1591746925, 2020-06-09 23:55:25, I07-W0167, 0, 0, -63.1762172104, -25.4621870715 
155, 44193, 0.004, [1 100 255 127 127 0 380 7 130 128 80 85 128 128], 70.0, TPX, 1591747285, 2020-06-10 00:01:25, I07-W0167, 0, 0, -40.9165931422, -35.2739484733 
156, 44194, 0.004, [1 100 255 127 127 0 380 7 130 128 80 85 128 128], 70.0, TPX, 1591747465, 2020-06-10 00:04:25, I07-W0167, 0, 0, -29.6447490318, -38.2207755337 
157, 44195, 0.004, [1 100 255 127 127 0 380 7 130 128 80 85 128 128], 70.0, TPX, 1591747645, 2020-06-10 00:07:25, I07-W0167, 0, 0, -18.3334896074, -40.7210687319 
158, 44196, 0.004, [1 100 255 127 127 0 380 7 130 128 80 85 128 128], 70.0, TPX, 1591747825, 2020-06-10 00:10:25, I07-W0167, 0, 0, -6.99770852312, -43.0050361788 
159, 44197, 2.0, [1 100 255 127 127 0 380 7 130 128 80 85 128 128], 70.0, TPX, 1591748007, 2020-06-10 00:13:27, I07-W0167, 0, 0, 4.478963142, -45.2412230372 
160, 44199, 2.0, [1 100 255 127 127 0 380 7 130 128 80 85 128 128], 70.0, TPX, 1591748367, 2020-06-10 00:19:27, I07-W0167, 0, 0, 27.1881690443, -49.9434462802 
161, 44200, 2.0, [1 100 255 127 127 0 380 7 130 128 80 85 128 128], 70.0, TPX, 1591748547, 2020-06-10 00:22:27, I07-W0167, 0, 0, 38.5218263666, -52.7763287098 
162, 44202, 0.004, [1 100 255 127 127 0 380 7 130 128 80 85 128 128], 70.0, TPX, 1591748905, 2020-06-10 00:28:25, I07-W0167, 0, 0, 60.8608308934, -61.7094750674 
163, 44204, 0.004, [1 100 255 127 127 0 380 7 130 128 80 85 128 128], 70.0, TPX, 1591749265, 2020-06-10 00:34:25, I07-W0167, 0, 0, 80.9580614669, -103.619160639 
164, 44205, 0.004, [1 100 255 127 127 0 380 7 130 128 80 85 128 128], 70.0, TPX, 1591749445, 2020-06-10 00:37:25, I07-W0167, 0, 0, 80.4681934695, 179.152788321 
165, 44206, 0.004, [1 100 255 127 127 0 380 7 130 128 80 85 128 128], 70.0, TPX, 1591749625, 2020-06-10 00:40:25, I07-W0167, 0, 0, 70.9851861478, 150.444751922 
166, 44207, 0.004, [1 100 255 127 127 0 380 7 130 128 80 85 128 128], 70.0, TPX, 1591749805, 2020-06-10 00:43:25, I07-W0167, 0, 0, 60.108833896, 140.736662547 
167, 44208, 2.0, [1 100 255 127 127 0 380 7 130 128 80 85 128 128], 70.0, TPX, 1591749987, 2020-06-10 00:46:27, I07-W0167, 0, 0, 48.8136476142, 135.513767153 
168, 44209, 2.0, [1 100 255 127 127 0 380 7 130 128 80 85 128 128], 70.0, TPX, 1591750167, 2020-06-10 00:49:27, I07-W0167, 0, 0, 37.5434427493, 131.991629844 
169, 44210, 2.0, [1 100 255 127 127 0 380 7 130 128 80 85 128 128], 70.0, TPX, 1591750347, 2020-06-10 00:52:27, I07-W0167, 0, 0, 26.2340325985, 129.208368739 
170, 44211, 2.0, [1 100 255 127 127 0 380 7 130 128 80 85 128 128], 70.0, TPX, 1591750707, 2020-06-10 00:58:27, I07-W0167, 0, 0, 3.5848512524, 124.54457897 
171, 44212, 2.0, [1 100 255 127 127 0 380 7 130 128 80 85 128 128], 70.0, TPX, 1591750887, 2020-06-10 01:01:27, I07-W0167, 0, 0, -7.73339630937, 122.336037303 
172, 44213, 2.0, [1 100 255 127 127 0 380 7 130 128 80 85 128 128], 70.0, TPX, 1591751067, 2020-06-10 01:04:27, I07-W0167, 0, 0, -19.0372791295, 120.047336535 
173, 44215, 0.004, [1 100 255 127 127 0 380 7 130 128 80 85 128 128], 70.0, TPX, 1591751425, 2020-06-10 01:10:25, I07-W0167, 0, 0, -41.4370398965, 114.590650596 
174, 44216, 0.004, [1 100 255 127 127 0 380 7 130 128 80 85 128 128], 70.0, TPX, 1591751605, 2020-06-10 01:13:25, I07-W0167, 0, 0, -52.6144634717, 110.679008089 
175, 44217, 0.004, [1 100 255 127 127 0 380 7 130 128 80 85 128 128], 70.0, TPX, 1591751785, 2020-06-10 01:16:25, I07-W0167, 0, 0, -63.6454853572, 104.586615954 
176, 44220, 0.004, [1 100 255 127 127 0 380 7 130 128 80 85 128 128], 70.0, TPX, 1591752325, 2020-06-10 01:25:25, I07-W0167, 0, 0, -78.6279356016, -23.0329619916 
177, 44221, 0.004, [1 100 255 127 127 0 380 7 130 128 80 85 128 128], 70.0, TPX, 1591752505, 2020-06-10 01:28:25, I07-W0167, 0, 0, -68.6473968103, -44.2538235702 
178, 44222, 0.004, [1 100 255 127 127 0 380 7 130 128 80 85 128 128], 70.0, TPX, 1591752685, 2020-06-10 01:31:25, I07-W0167, 0, 0, -57.7417293866, -52.4317559115 
179, 44223, 0.004, [1 100 255 127 127 0 380 7 130 128 80 85 128 128], 70.0, TPX, 1591752865, 2020-06-10 01:34:25, I07-W0167, 0, 0, -46.5971351156, -57.1128021529 
180, 44224, 0.004, [1 100 255 127 127 0 380 7 130 128 80 85 128 128], 70.0, TPX, 1591753045, 2020-06-10 01:37:25, I07-W0167, 0, 0, -35.3547393659, -60.4363961082 
181, 44225, 0.004, [1 100 255 127 127 0 380 7 130 128 80 85 128 128], 70.0, TPX, 1591753225, 2020-06-10 01:40:25, I07-W0167, 0, 0, -24.0608764332, -63.1245263387 
182, 44226, 2.0, [1 100 255 127 127 0 380 7 130 128 80 85 128 128], 70.0, TPX, 1591753587, 2020-06-10 01:46:27, I07-W0167, 0, 0, -1.26561078771, -67.7538441425 
183, 44227, 2.0, [1 100 255 127 127 0 380 7 130 128 80 85 128 128], 70.0, TPX, 1591753767, 2020-06-10 01:49:27, I07-W0167, 0, 0, 10.0891695349, -69.974038113 
184, 44228, 2.0, [1 100 255 127 127 0 380 7 130 128 80 85 128 128], 70.0, TPX, 1591753947, 2020-06-10 01:52:27, I07-W0167, 0, 0, 21.4453203777, -72.3043757141 
185, 44229, 2.0, [1 100 255 127 127 0 380 7 130 128 80 85 128 128], 70.0, TPX, 1591754127, 2020-06-10 01:55:27, I07-W0167, 0, 0, 32.79098005, -74.9063977498 
186, 44231, 0.004, [1 100 255 127 127 0 380 7 130 128 80 85 128 128], 70.0, TPX, 1591754485, 2020-06-10 02:01:25, I07-W0167, 0, 0, 55.2267205459, -82.3040322049 
187, 44233, 0.004, [1 100 255 127 127 0 380 7 130 128 80 85 128 128], 70.0, TPX, 1591754845, 2020-06-10 02:07:25, I07-W0167, 0, 0, 76.6995819539, -106.019234472 
188, 44235, 0.004, [1 100 255 127 127 0 380 7 130 128 80 85 128 128], 70.0, TPX, 1591755205, 2020-06-10 02:13:25, I07-W0167, 0, 0, 76.1466713105, 136.683191162 
189, 44236, 0.004, [1 100 255 127 127 0 380 7 130 128 80 85 128 128], 70.0, TPX, 1591755385, 2020-06-10 02:16:25, I07-W0167, 0, 0, 65.6746594273, 121.076249891 
190, 44238, 2.0, [1 100 255 127 127 0 380 7 130 128 80 85 128 128], 70.0, TPX, 1591755747, 2020-06-10 02:22:27, I07-W0167, 0, 0, 43.2535491966, 110.014867815 
191, 44239, 2.0, [1 100 255 127 127 0 380 7 130 128 80 85 128 128], 70.0, TPX, 1591755927, 2020-06-10 02:25:27, I07-W0167, 0, 0, 31.9597187073, 106.92361982 
192, 44240, 2.0, [1 100 255 127 127 0 380 7 130 128 80 85 128 128], 70.0, TPX, 1591756107, 2020-06-10 02:28:27, I07-W0167, 0, 0, 20.6411697634, 104.353030315 
193, 44241, 2.0, [1 100 255 127 127 0 380 7 130 128 80 85 128 128], 70.0, TPX, 1591756287, 2020-06-10 02:31:27, I07-W0167, 0, 0, 9.31544485209, 102.039078337 
194, 44242, 0.004, [1 100 255 127 127 0 380 7 130 128 80 85 128 128], 70.0, TPX, 1591757307, 2020-06-10 02:48:27, I07-W0167, 0, 0, -54.5227910048, 86.2147116552 
195, 44246, 0.004, [1 100 255 127 127 0 380 7 130 128 80 85 128 128], 70.0, TPX, 1591758027, 2020-06-10 03:00:27, I07-W0167, 0, 0, -77.0740948864, -52.4371312703 
196, 44247, 0.004, [1 100 255 127 127 0 380 7 130 128 80 85 128 128], 70.0, TPX, 1591758207, 2020-06-10 03:03:27, I07-W0167, 0, 0, -66.805677282, -69.7476241723 
197, 44248, 0.004, [1 100 255 127 127 0 380 7 130 128 80 85 128 128], 70.0, TPX, 1591758567, 2020-06-10 03:09:27, I07-W0167, 0, 0, -44.6745734683, -81.3807887047 
198, 44249, 0.004, [1 100 255 127 127 0 380 7 130 128 80 85 128 128], 70.0, TPX, 1591758747, 2020-06-10 03:12:27, I07-W0167, 0, 0, -33.4211572084, -84.5610682158 
199, 44250, 2.0, [1 100 255 127 127 0 380 7 130 128 80 85 128 128], 70.0, TPX, 1591758929, 2020-06-10 03:15:29, I07-W0167, 0, 0, -21.9951506058, -87.2051983677 
200, 44251, 2.0, [1 100 255 127 127 0 380 7 130 128 80 85 128 128], 70.0, TPX, 1591759109, 2020-06-10 03:18:29, I07-W0167, 0, 0, -10.6660105999, -89.5408703466 
201, 44252, 2.0, [1 100 255 127 127 0 380 7 130 128 80 85 128 128], 70.0, TPX, 1591759289, 2020-06-10 03:21:29, I07-W0167, 0, 0, 0.680728188859, -91.7625123173 
202, 44253, 2.0, [1 100 255 127 127 0 380 7 130 128 80 85 128 128], 70.0, TPX, 1591759469, 2020-06-10 03:24:29, I07-W0167, 0, 0, 12.0363599906, -93.9924393074 
203, 44254, 2.0, [1 100 255 127 127 0 380 7 130 128 80 85 128 128], 70.0, TPX, 1591759649, 2020-06-10 03:27:29, I07-W0167, 0, 0, 23.3916101022, -96.3559443071 
204, 44255, 0.004, [1 100 255 127 127 0 380 7 130 128 80 85 128 128], 70.0, TPX, 1591759827, 2020-06-10 03:30:27, I07-W0167, 0, 0, 34.6078650105, -98.9950474398 
205, 44256, 0.004, [1 100 255 127 127 0 380 7 130 128 80 85 128 128], 70.0, TPX, 1591760007, 2020-06-10 03:33:27, I07-W0167, 0, 0, 45.9155744441, -102.277397298 
206, 44257, 0.004, [1 100 255 127 127 0 380 7 130 128 80 85 128 128], 70.0, TPX, 1591760187, 2020-06-10 03:36:27, I07-W0167, 0, 0, 57.1414855323, -106.871573778 
207, 44261, 0.004, [1 100 255 127 127 0 380 7 130 128 80 85 128 128], 70.0, TPX, 1591760907, 2020-06-10 03:48:27, I07-W0167, 0, 0, 74.4473339056, 109.027099518 
208, 44264, 2.0, [1 100 255 127 127 0 380 7 130 128 80 85 128 128], 70.0, TPX, 1591761449, 2020-06-10 03:57:29, I07-W0167, 0, 0, 41.3209813221, 85.7996683801 
209, 44265, 2.0, [1 100 255 127 127 0 380 7 130 128 80 85 128 128], 70.0, TPX, 1591761629, 2020-06-10 04:00:29, I07-W0167, 0, 0, 30.02108904, 82.8251892989 
210, 44266, 2.0, [1 100 255 127 127 0 380 7 130 128 80 85 128 128], 70.0, TPX, 1591761809, 2020-06-10 04:03:29, I07-W0167, 0, 0, 18.7003458978, 80.31295693 
211, 44267, 2.0, [1 100 255 127 127 0 380 7 130 128 80 85 128 128], 70.0, TPX, 1591762169, 2020-06-10 04:09:29, I07-W0167, 0, 0, -3.946879026, 75.8173742302 
212, 44269, 0.004, [1 100 255 127 127 0 380 7 130 128 80 85 128 128], 70.0, TPX, 1591762527, 2020-06-10 04:15:27, I07-W0167, 0, 0, -26.4208314421, 71.1786717466 
213, 44271, 0.004, [1 100 255 127 127 0 380 7 130 128 80 85 128 128], 70.0, TPX, 1591762887, 2020-06-10 04:21:27, I07-W0167, 0, 0, -48.8845005816, 64.8819476723 
214, 44272, 0.004, [1 100 255 127 127 0 380 7 130 128 80 85 128 128], 70.0, TPX, 1591763067, 2020-06-10 04:24:27, I07-W0167, 0, 0, -59.9801053208, 59.7565327387 
215, 44273, 0.004, [1 100 255 127 127 0 380 7 130 128 80 85 128 128], 70.0, TPX, 1591763247, 2020-06-10 04:27:27, I07-W0167, 0, 0, -70.7820563219, 50.2420348299 
216, 44275, 0.004, [1 100 255 127 127 0 380 7 130 128 80 85 128 128], 70.0, TPX, 1591763607, 2020-06-10 04:33:27, I07-W0167, 0, 0, -81.1918451817, -53.7940405563 
217, 44276, 0.004, [1 100 255 127 127 0 380 7 130 128 80 85 128 128], 70.0, TPX, 1591763787, 2020-06-10 04:36:27, I07-W0167, 0, 0, -72.1689535535, -86.9158442338 
218, 44277, 0.004, [1 100 255 127 127 0 380 7 130 128 80 85 128 128], 70.0, TPX, 1591763967, 2020-06-10 04:39:27, I07-W0167, 0, 0, -61.4304208588, -97.5426418639 
219, 44278, 0.004, [1 100 255 127 127 0 380 7 130 128 80 85 128 128], 70.0, TPX, 1591764147, 2020-06-10 04:42:27, I07-W0167, 0, 0, -50.3404783464, -103.016601351 
220, 44279, 0.004, [1 100 255 127 127 0 380 7 130 128 80 85 128 128], 70.0, TPX, 1591764327, 2020-06-10 04:45:27, I07-W0167, 0, 0, -39.1232347683, -106.678962444 
221, 44280, 2.0, [1 100 255 127 127 0 380 7 130 128 80 85 128 128], 70.0, TPX, 1591764509, 2020-06-10 04:48:29, I07-W0167, 0, 0, -27.7179065635, -109.561473028 
222, 44281, 2.0, [1 100 255 127 127 0 380 7 130 128 80 85 128 128], 70.0, TPX, 1591764689, 2020-06-10 04:51:29, I07-W0167, 0, 0, -16.4014254594, -112.012110751 
223, 44284, 0.004, [1 100 255 127 127 0 380 7 130 128 80 85 128 128], 70.0, TPX, 1591765407, 2020-06-10 05:03:27, I07-W0167, 0, 0, 28.8715272217, -121.223303864 
224, 44285, 0.004, [1 100 255 127 127 0 380 7 130 128 80 85 128 128], 70.0, TPX, 1591765587, 2020-06-10 05:06:27, I07-W0167, 0, 0, 40.2004990342, -124.140682564 
225, 44286, 0.004, [1 100 255 127 127 0 380 7 130 128 80 85 128 128], 70.0, TPX, 1591765767, 2020-06-10 05:09:27, I07-W0167, 0, 0, 51.4766359184, -127.939770384 
226, 44287, 0.004, [1 100 255 127 127 0 380 7 130 128 80 85 128 128], 70.0, TPX, 1591765947, 2020-06-10 05:12:27, I07-W0167, 0, 0, 62.6234021896, -133.759542348 
227, 44289, 0.004, [1 100 255 127 127 0 380 7 130 128 80 85 128 128], 70.0, TPX, 1591766307, 2020-06-10 05:18:27, I07-W0167, 0, 0, 81.8965977606, 174.806424764 
228, 44290, 0.004, [1 100 255 127 127 0 380 7 130 128 80 85 128 128], 70.0, TPX, 1591766487, 2020-06-10 05:21:27, I07-W0167, 0, 0, 79.2068009639, 100.619867481 
229, 44291, 0.004, [1 100 255 127 127 0 380 7 130 128 80 85 128 128], 70.0, TPX, 1591766667, 2020-06-10 05:24:27, I07-W0167, 0, 0, 69.2908757621, 77.4161712506 
230, 44292, 0.004, [1 100 255 127 127 0 380 7 130 128 80 85 128 128], 70.0, TPX, 1591766847, 2020-06-10 05:27:27, I07-W0167, 0, 0, 58.3398832031, 68.8380683712 
231, 44293, 2.0, [1 100 255 127 127 0 380 7 130 128 80 85 128 128], 70.0, TPX, 1591767209, 2020-06-10 05:33:29, I07-W0167, 0, 0, 35.7430970919, 60.620818046 
232, 44294, 2.0, [1 100 255 127 127 0 380 7 130 128 80 85 128 128], 70.0, TPX, 1591767389, 2020-06-10 05:36:29, I07-W0167, 0, 0, 24.4303862522, 57.9142189839 
233, 44295, 2.0, [1 100 255 127 127 0 380 7 130 128 80 85 128 128], 70.0, TPX, 1591767569, 2020-06-10 05:39:29, I07-W0167, 0, 0, 13.1057797843, 55.5350694359 
234, 44296, 2.0, [1 100 255 127 127 0 380 7 130 128 80 85 128 128], 70.0, TPX, 1591767749, 2020-06-10 05:42:29, I07-W0167, 0, 0, 1.78124321915, 53.3023147475 
235, 44297, 2.0, [1 100 255 127 127 0 380 7 130 128 80 85 128 128], 70.0, TPX, 1591767929, 2020-06-10 05:45:29, I07-W0167, 0, 0, -9.53508836784, 51.0891524567 
236, 44298, 2.0, [1 100 255 127 127 0 380 7 130 128 80 85 128 128], 70.0, TPX, 1591768109, 2020-06-10 05:48:29, I07-W0167, 0, 0, -20.8358830887, 48.7755693096 
237, 44299, 2.0, [1 100 255 127 127 0 380 7 130 128 80 85 128 128], 70.0, TPX, 1591768289, 2020-06-10 05:51:29, I07-W0167, 0, 0, -32.1119294729, 46.2063116914 
238, 44300, 0.004, [1 100 255 127 127 0 380 7 130 128 80 85 128 128], 70.0, TPX, 1591768467, 2020-06-10 05:54:27, I07-W0167, 0, 0, -43.2229738548, 43.1580973029 
239, 44301, 0.004, [1 100 255 127 127 0 380 7 130 128 80 85 128 128], 70.0, TPX, 1591768647, 2020-06-10 05:57:27, I07-W0167, 0, 0, -54.3847767874, 39.0166121002 
240, 44302, 0.004, [1 100 255 127 127 0 380 7 130 128 80 85 128 128], 70.0, TPX, 1591768827, 2020-06-10 06:00:27, I07-W0167, 0, 0, -65.3763099342, 32.3299969225 
241, 44303, 0.004, [1 100 255 127 127 0 380 7 130 128 80 85 128 128], 70.0, TPX, 1591769007, 2020-06-10 06:03:27, I07-W0167, 0, 0, -75.802778116, 17.3661111323 
242, 44304, 0.004, [1 100 255 127 127 0 380 7 130 128 80 85 128 128], 70.0, TPX, 1591769187, 2020-06-10 06:06:27, I07-W0167, 0, 0, -82.6439092482, -36.427963575 
243, 44305, 0.004, [1 100 255 127 127 0 380 7 130 128 80 85 128 128], 70.0, TPX, 1591769367, 2020-06-10 06:09:27, I07-W0167, 0, 0, -77.1898119513, -99.3267897277 
244, 44306, 0.004, [1 100 255 127 127 0 380 7 130 128 80 85 128 128], 70.0, TPX, 1591769547, 2020-06-10 06:12:27, I07-W0167, 0, 0, -66.9390025746, -116.882745968 
245, 44307, 0.004, [1 100 255 127 127 0 380 7 130 128 80 85 128 128], 70.0, TPX, 1591769907, 2020-06-10 06:18:27, I07-W0167, 0, 0, -44.8098692705, -128.597517601 
246, 44308, 0.004, [1 100 255 127 127 0 380 7 130 128 80 85 128 128], 70.0, TPX, 1591770087, 2020-06-10 06:21:27, I07-W0167, 0, 0, -33.5569686898, -131.787338886 
247, 44309, 2.0, [1 100 255 127 127 0 380 7 130 128 80 85 128 128], 70.0, TPX, 1591770269, 2020-06-10 06:24:29, I07-W0167, 0, 0, -22.131170408, -134.436263831 
248, 44310, 2.0, [1 100 255 127 127 0 380 7 130 128 80 85 128 128], 70.0, TPX, 1591770449, 2020-06-10 06:27:29, I07-W0167, 0, 0, -10.8020867512, -136.774196602 
249, 44311, 2.0, [1 100 255 127 127 0 380 7 130 128 80 85 128 128], 70.0, TPX, 1591770629, 2020-06-10 06:30:29, I07-W0167, 0, 0, 0.544690297321, -138.99646695 
250, 44312, 2.0, [1 100 255 127 127 0 380 7 130 128 80 85 128 128], 70.0, TPX, 1591770809, 2020-06-10 06:33:29, I07-W0167, 0, 0, 11.9004375186, -141.225622129 
251, 44313, 2.0, [1 100 255 127 127 0 380 7 130 128 80 85 128 128], 70.0, TPX, 1591770989, 2020-06-10 06:36:29, I07-W0167, 0, 0, 23.2558942434, -143.586681921 
252, 44314, 0.004, [1 100 255 127 127 0 380 7 130 128 80 85 128 128], 70.0, TPX, 1591771167, 2020-06-10 06:39:27, I07-W0167, 0, 0, 34.4725043215, -146.220771695 
253, 44316, 0.004, [1 100 255 127 127 0 380 7 130 128 80 85 128 128], 70.0, TPX, 1591771527, 2020-06-10 06:45:27, I07-W0167, 0, 0, 57.008279768, -154.063987201 
254, 44318, 0.004, [1 100 255 127 127 0 380 7 130 128 80 85 128 128], 70.0, TPX, 1591772496, 2020-06-10 07:01:36, I07-W0167, 0, 0, 59.7017409612, 45.9751029578 
255, 44319, 2.0, [1 100 255 127 127 0 380 7 130 128 80 85 128 128], 70.0, TPX, 1591772675, 2020-06-10 07:04:35, I07-W0167, 0, 0, 48.5885587302, 40.9106781984 
256, 44320, 2.0, [1 100 255 127 127 0 380 7 130 128 80 85 128 128], 70.0, TPX, 1591772858, 2020-06-10 07:07:38, I07-W0167, 0, 0, 37.1292464177, 37.3585939247 
257, 44321, 2.0, [1 100 255 127 127 0 380 7 130 128 80 85 128 128], 70.0, TPX, 1591773038, 2020-06-10 07:10:38, I07-W0167, 0, 0, 25.8193069273, 34.5937709151 
258, 44322, 2.0, [1 100 255 127 127 0 380 7 130 128 80 85 128 128], 70.0, TPX, 1591773218, 2020-06-10 07:13:38, I07-W0167, 0, 0, 14.4955004453, 32.1859892141 
259, 44323, 2.0, [1 100 255 127 127 0 380 7 130 128 80 85 128 128], 70.0, TPX, 1591773398, 2020-06-10 07:16:38, I07-W0167, 0, 0, 3.17057338542, 29.942668223 
260, 44326, 0.004, [1 100 255 127 127 0 380 7 130 128 80 85 128 128], 70.0, TPX, 1591773936, 2020-06-10 07:25:36, I07-W0167, 0, 0, -30.6046467422, 22.9424312493 
261, 44327, 0.004, [1 100 255 127 127 0 380 7 130 128 80 85 128 128], 70.0, TPX, 1591774116, 2020-06-10 07:28:36, I07-W0167, 0, 0, -41.8469707749, 19.9472925533 
262, 44328, 0.004, [1 100 255 127 127 0 380 7 130 128 80 85 128 128], 70.0, TPX, 1591774296, 2020-06-10 07:31:36, I07-W0167, 0, 0, -53.0210134066, 15.9855540239 
263, 44329, 0.004, [1 100 255 127 127 0 380 7 130 128 80 85 128 128], 70.0, TPX, 1591774476, 2020-06-10 07:34:36, I07-W0167, 0, 0, -64.043658065, 9.76571312023 
264, 44330, 0.004, [1 100 255 127 127 0 380 7 130 128 80 85 128 128], 70.0, TPX, 1591774656, 2020-06-10 07:37:36, I07-W0167, 0, 0, -74.5926666707, -3.44570535798 
265, 44331, 0.004, [1 100 255 127 127 0 380 7 130 128 80 85 128 128], 70.0, TPX, 1591774836, 2020-06-10 07:40:36, I07-W0167, 0, 0, -82.3610642845, -49.4722998313 
266, 44332, 0.004, [1 100 255 127 127 0 380 7 130 128 80 85 128 128], 70.0, TPX, 1591775196, 2020-06-10 07:46:36, I07-W0167, 0, 0, -68.255958669, -139.195990436 
267, 44333, 0.004, [1 100 255 127 127 0 380 7 130 128 80 85 128 128], 70.0, TPX, 1591775376, 2020-06-10 07:49:36, I07-W0167, 0, 0, -57.3357361122, -147.164908744 
268, 44336, 2.0, [1 100 255 127 127 0 380 7 130 128 80 85 128 128], 70.0, TPX, 1591775918, 2020-06-10 07:58:38, I07-W0167, 0, 0, -23.5192185265, -157.764556372 
269, 44337, 2.0, [1 100 255 127 127 0 380 7 130 128 80 85 128 128], 70.0, TPX, 1591776098, 2020-06-10 08:01:38, I07-W0167, 0, 0, -12.192867799, -160.12654507 
270, 44338, 2.0, [1 100 255 127 127 0 380 7 130 128 80 85 128 128], 70.0, TPX, 1591776278, 2020-06-10 08:04:38, I07-W0167, 0, 0, -0.847677328781, -162.356055418 
271, 44339, 2.0, [1 100 255 127 127 0 380 7 130 128 80 85 128 128], 70.0, TPX, 1591776458, 2020-06-10 08:07:38, I07-W0167, 0, 0, 10.5075211829, -164.578079879 
272, 44340, 2.0, [1 100 255 127 127 0 380 7 130 128 80 85 128 128], 70.0, TPX, 1591778449, 2020-06-10 08:40:49, I07-W0167, 0, 0, 42.1509790798, 15.1566900776 
273, 44341, 2.0, [1 100 255 127 127 0 380 7 130 128 80 85 128 128], 70.0, TPX, 1591778629, 2020-06-10 08:43:49, I07-W0167, 0, 0, 30.8539110808, 12.1338643561 
274, 44342, 2.0, [1 100 255 127 127 0 380 7 130 128 80 85 128 128], 70.0, TPX, 1591778809, 2020-06-10 08:46:49, I07-W0167, 0, 0, 19.5343751746, 9.59746507043 
275, 44343, 2.0, [1 100 255 127 127 0 380 7 130 128 80 85 128 128], 70.0, TPX, 1591778989, 2020-06-10 08:49:49, I07-W0167, 0, 0, 8.20884833876, 7.29930875937 
276, 44344, 2.0, [1 100 255 127 127 0 380 7 130 128 80 85 128 128], 70.0, TPX, 1591779169, 2020-06-10 08:52:49, I07-W0167, 0, 0, -3.11285038953, 5.08932293341 
277, 44347, 0.004, [1 100 255 127 127 0 380 7 130 128 80 85 128 128], 70.0, TPX, 1591780868, 2020-06-10 09:21:08, I07-W0167, 0, 0, -68.2017064765, -162.883441645 
278, 44348, 0.004, [1 100 255 127 127 0 380 7 130 128 80 85 128 128], 70.0, TPX, 1591781048, 2020-06-10 09:24:08, I07-W0167, 0, 0, -57.279472429, -170.824205912 
279, 44349, 0.004, [1 100 255 127 127 0 380 7 130 128 80 85 128 128], 70.0, TPX, 1591781228, 2020-06-10 09:27:08, I07-W0167, 0, 0, -46.1286626858, -175.422767374 
280, 44351, 2.0, [1 100 255 127 127 0 380 7 130 128 80 85 128 128], 70.0, TPX, 1591781590, 2020-06-10 09:33:10, I07-W0167, 0, 0, -23.461394145, 178.592562545 
281, 44352, 2.0, [1 100 255 127 127 0 380 7 130 128 80 85 128 128], 70.0, TPX, 1591781770, 2020-06-10 09:36:10, I07-W0167, 0, 0, -12.1348128986, 176.231625696 
282, 44353, 2.0, [1 100 255 127 127 0 380 7 130 128 80 85 128 128], 70.0, TPX, 1591781950, 2020-06-10 09:39:10, I07-W0167, 0, 0, -0.78945097997, 174.002429536 
283, 44354, 0.004, [1 100 255 127 127 0 380 7 130 128 80 85 128 128], 70.0, TPX, 1591783240, 2020-06-10 10:00:40, I07-W0167, 0, 0, 78.7152732305, 128.523259784 
284, 44356, 0.004, [1 100 255 127 127 0 380 7 130 128 80 85 128 128], 70.0, TPX, 1591783600, 2020-06-10 10:06:40, I07-W0167, 0, 0, 73.9578279082, 13.5192948045 
285, 44357, 0.004, [1 100 255 127 127 0 380 7 130 128 80 85 128 128], 70.0, TPX, 1591783780, 2020-06-10 10:09:40, I07-W0167, 0, 0, 63.2697020095, 1.03188587649 
286, 44358, 2.0, [1 100 255 127 127 0 380 7 130 128 80 85 128 128], 70.0, TPX, 1591783962, 2020-06-10 10:12:42, I07-W0167, 0, 0, 52.0275794674, -5.0234060584 
287, 44359, 2.0, [1 100 255 127 127 0 380 7 130 128 80 85 128 128], 70.0, TPX, 1591784142, 2020-06-10 10:15:42, I07-W0167, 0, 0, 40.777359736, -8.88070075015 
288, 44360, 2.0, [1 100 255 127 127 0 380 7 130 128 80 85 128 128], 70.0, TPX, 1591784322, 2020-06-10 10:18:42, I07-W0167, 0, 0, 29.4763677934, -11.8247453622 
289, 44361, 2.0, [1 100 255 127 127 0 380 7 130 128 80 85 128 128], 70.0, TPX, 1591784682, 2020-06-10 10:24:42, I07-W0167, 0, 0, 6.83011446393, -16.60219887 
290, 44363, 0.004, [1 100 255 127 127 0 380 7 130 128 80 85 128 128], 70.0, TPX, 1591785802, 2020-06-10 10:43:22, I07-W0167, 0, 0, -63.063730825, -36.7712215618 
291, 44364, 0.004, [1 100 255 127 127 0 380 7 130 128 80 85 128 128], 70.0, TPX, 1591785982, 2020-06-10 10:46:22, I07-W0167, 0, 0, -73.6879329832, -48.895384488 
292, 44365, 0.004, [1 100 255 127 127 0 380 7 130 128 80 85 128 128], 70.0, TPX, 1591786162, 2020-06-10 10:49:22, I07-W0167, 0, 0, -82.0050679948, -89.612013597 
293, 44366, 0.004, [1 100 255 127 127 0 380 7 130 128 80 85 128 128], 70.0, TPX, 1591786342, 2020-06-10 10:52:22, I07-W0167, 0, 0, -79.0839326909, -162.709695293 
294, 44367, 0.004, [1 100 255 127 127 0 380 7 130 128 80 85 128 128], 70.0, TPX, 1591786522, 2020-06-10 10:55:22, I07-W0167, 0, 0, -69.2139200208, 174.600945353 
295, 44368, 0.004, [1 100 255 127 127 0 380 7 130 128 80 85 128 128], 70.0, TPX, 1591786702, 2020-06-10 10:58:22, I07-W0167, 0, 0, -58.3295832779, 166.101526253 
296, 44371, 2.0, [1 100 255 127 127 0 380 7 130 128 80 85 128 128], 70.0, TPX, 1591787244, 2020-06-10 11:07:24, I07-W0167, 0, 0, -24.5347737408, 155.19878215 
297, 44372, 2.0, [1 100 255 127 127 0 380 7 130 128 80 85 128 128], 70.0, TPX, 1591787424, 2020-06-10 11:10:24, I07-W0167, 0, 0, -13.2103892541, 152.817600621 
298, 44373, 2.0, [1 100 255 127 127 0 380 7 130 128 80 85 128 128], 70.0, TPX, 1591787604, 2020-06-10 11:13:24, I07-W0167, 0, 0, -1.86631311853, 150.581601592 
299, 44374, 2.0, [1 100 255 127 127 0 380 7 130 128 80 85 128 128], 70.0, TPX, 1591787784, 2020-06-10 11:16:24, I07-W0167, 0, 0, 9.48851160035, 148.363661584 
300, 44375, 2.0, [1 100 255 127 127 0 380 7 130 128 80 85 128 128], 70.0, TPX, 1591787964, 2020-06-10 11:19:24, I07-W0167, 0, 0, 20.84513458, 146.042572059 
301, 44376, 2.0, [1 100 255 127 127 0 380 7 130 128 80 85 128 128], 70.0, TPX, 1591788144, 2020-06-10 11:22:24, I07-W0167, 0, 0, 32.1919246485, 143.460309761 
302, 44377, 0.004, [1 100 255 127 127 0 380 7 130 128 80 85 128 128], 70.0, TPX, 1591788322, 2020-06-10 11:25:22, I07-W0167, 0, 0, 43.3843643946, 140.387079805 
303, 44379, 0.004, [1 100 255 127 127 0 380 7 130 128 80 85 128 128], 70.0, TPX, 1591789194, 2020-06-10 11:39:54, I07-W0167, 0, 0, 78.1055080925, 1.23261649171 
304, 44380, 0.004, [1 100 255 127 127 0 380 7 130 128 80 85 128 128], 70.0, TPX, 1591789374, 2020-06-10 11:42:54, I07-W0167, 0, 0, 67.9366268348, -18.5833345121 
305, 44382, 0.004, [1 100 255 127 127 0 380 7 130 128 80 85 128 128], 70.0, TPX, 1591789734, 2020-06-10 11:48:54, I07-W0167, 0, 0, 45.7290488081, -30.9723909573 
306, 44383, 2.0, [1 100 255 127 127 0 380 7 130 128 80 85 128 128], 70.0, TPX, 1591789916, 2020-06-10 11:51:56, I07-W0167, 0, 0, 34.3194602728, -34.2680016276 
307, 44384, 2.0, [1 100 255 127 127 0 380 7 130 128 80 85 128 128], 70.0, TPX, 1591790096, 2020-06-10 11:54:56, I07-W0167, 0, 0, 23.0047823386, -36.919624497 
308, 44385, 2.0, [1 100 255 127 127 0 380 7 130 128 80 85 128 128], 70.0, TPX, 1591790276, 2020-06-10 11:57:56, I07-W0167, 0, 0, 11.6800631726, -39.2720475148 
309, 44388, 0.004, [1 100 255 127 127 0 380 7 130 128 80 85 128 128], 70.0, TPX, 1591790814, 2020-06-10 12:06:54, I07-W0167, 0, 0, -22.1305078797, -46.0234606971 
310, 44389, 0.004, [1 100 255 127 127 0 380 7 130 128 80 85 128 128], 70.0, TPX, 1591790994, 2020-06-10 12:09:54, I07-W0167, 0, 0, -33.4027156976, -48.6356119033 
311, 44390, 0.004, [1 100 255 127 127 0 380 7 130 128 80 85 128 128], 70.0, TPX, 1591791174, 2020-06-10 12:12:54, I07-W0167, 0, 0, -44.6319052766, -51.8083918668 
312, 44391, 0.004, [1 100 255 127 127 0 380 7 130 128 80 85 128 128], 70.0, TPX, 1591791354, 2020-06-10 12:15:54, I07-W0167, 0, 0, -55.7798156044, -56.1545334426 
313, 44392, 0.004, [1 100 255 127 127 0 380 7 130 128 80 85 128 128], 70.0, TPX, 1591791534, 2020-06-10 12:18:54, I07-W0167, 0, 0, -66.7347321071, -63.3912315654 
314, 44393, 0.004, [1 100 255 127 127 0 380 7 130 128 80 85 128 128], 70.0, TPX, 1591791714, 2020-06-10 12:21:54, I07-W0167, 0, 0, -77.0051509569, -80.5512553999 
315, 44396, 0.004, [1 100 255 127 127 0 380 7 130 128 80 85 128 128], 70.0, TPX, 1591792434, 2020-06-10 12:33:54, I07-W0167, 0, 0, -54.5772685936, 140.606260575 
316, 44398, 0.004, [1 100 255 127 127 0 380 7 130 128 80 85 128 128], 70.0, TPX, 1591792794, 2020-06-10 12:39:54, I07-W0167, 0, 0, -32.135507286, 133.338092356 
317, 44399, 2.0, [1 100 255 127 127 0 380 7 130 128 80 85 128 128], 70.0, TPX, 1591792976, 2020-06-10 12:42:56, I07-W0167, 0, 0, -20.7048117586, 130.737019716 
318, 44400, 2.0, [1 100 255 127 127 0 380 7 130 128 80 85 128 128], 70.0, TPX, 1591793156, 2020-06-10 12:45:56, I07-W0167, 0, 0, -9.37255035618, 128.421257739 
319, 44402, 2.0, [1 100 255 127 127 0 380 7 130 128 80 85 128 128], 70.0, TPX, 1591793516, 2020-06-10 12:51:56, I07-W0167, 0, 0, 13.3327999044, 123.966034627 
320, 44403, 2.0, [1 100 255 127 127 0 380 7 130 128 80 85 128 128], 70.0, TPX, 1591793696, 2020-06-10 12:54:56, I07-W0167, 0, 0, 24.6876965537, 121.577654078 
321, 44404, 2.0, [1 100 255 127 127 0 380 7 130 128 80 85 128 128], 70.0, TPX, 1591793876, 2020-06-10 12:57:56, I07-W0167, 0, 0, 36.0274925085, 118.855208977 
322, 44405, 0.004, [1 100 255 127 127 0 380 7 130 128 80 85 128 128], 70.0, TPX, 1591794054, 2020-06-10 13:00:54, I07-W0167, 0, 0, 47.2033383101, 115.50318436 
323, 44406, 0.004, [1 100 255 127 127 0 380 7 130 128 80 85 128 128], 70.0, TPX, 1591794234, 2020-06-10 13:03:54, I07-W0167, 0, 0, 58.4142776236, 110.674950957 
324, 44407, 0.004, [1 100 255 127 127 0 380 7 130 128 80 85 128 128], 70.0, TPX, 1591794414, 2020-06-10 13:06:54, I07-W0167, 0, 0, 69.375071504, 102.040137017 
325, 44408, 0.004, [1 100 255 127 127 0 380 7 130 128 80 85 128 128], 70.0, TPX, 1591794594, 2020-06-10 13:09:54, I07-W0167, 0, 0, 79.2782652332, 78.571948541 
326, 44410, 0.004, [1 100 255 127 127 0 380 7 130 128 80 85 128 128], 70.0, TPX, 1591794954, 2020-06-10 13:15:54, I07-W0167, 0, 0, 73.2842209919, -34.9987806423 
327, 44411, 0.004, [1 100 255 127 127 0 380 7 130 128 80 85 128 128], 70.0, TPX, 1591795134, 2020-06-10 13:18:54, I07-W0167, 0, 0, 62.5454560708, -46.7406203146 
328, 44412, 2.0, [1 100 255 127 127 0 380 7 130 128 80 85 128 128], 70.0, TPX, 1591795316, 2020-06-10 13:21:56, I07-W0167, 0, 0, 51.2899805088, -52.5823274317 
329, 44413, 2.0, [1 100 255 127 127 0 380 7 130 128 80 85 128 128], 70.0, TPX, 1591795496, 2020-06-10 13:24:56, I07-W0167, 0, 0, 40.0350581922, -56.3556517778 
330, 44414, 2.0, [1 100 255 127 127 0 380 7 130 128 80 85 128 128], 70.0, TPX, 1591795676, 2020-06-10 13:27:56, I07-W0167, 0, 0, 28.7322869853, -59.2598345521 
331, 44415, 2.0, [1 100 255 127 127 0 380 7 130 128 80 85 128 128], 70.0, TPX, 1591795856, 2020-06-10 13:30:56, I07-W0167, 0, 0, 17.4109837676, -61.7369119373 
332, 44416, 2.0, [1 100 255 127 127 0 380 7 130 128 80 85 128 128], 70.0, TPX, 1591796036, 2020-06-10 13:33:56, I07-W0167, 0, 0, 6.08583984923, -64.0086465154 
333, 44418, 0.004, [1 100 255 127 127 0 380 7 130 128 80 85 128 128], 70.0, TPX, 1591796394, 2020-06-10 13:39:54, I07-W0167, 0, 0, -16.4157176302, -68.4497106452 
334, 44419, 0.004, [1 100 255 127 127 0 380 7 130 128 80 85 128 128], 70.0, TPX, 1591796574, 2020-06-10 13:42:54, I07-W0167, 0, 0, -27.7025283925, -70.8958336131 
335, 44420, 0.004, [1 100 255 127 127 0 380 7 130 128 80 85 128 128], 70.0, TPX, 1591796754, 2020-06-10 13:45:54, I07-W0167, 0, 0, -38.9563800771, -73.7368576282 
336, 44421, 0.004, [1 100 255 127 127 0 380 7 130 128 80 85 128 128], 70.0, TPX, 1591796934, 2020-06-10 13:48:54, I07-W0167, 0, 0, -50.1526276537, -77.3752515873 
337, 44422, 0.004, [1 100 255 127 127 0 380 7 130 128 80 85 128 128], 70.0, TPX, 1591797114, 2020-06-10 13:51:54, I07-W0167, 0, 0, -61.2287322028, -82.7932240136 
338, 44423, 0.004, [1 100 255 127 127 0 380 7 130 128 80 85 128 128], 70.0, TPX, 1591797474, 2020-06-10 13:57:54, I07-W0167, 0, 0, -81.0637927952, -125.445398959 
339, 44424, 0.004, [1 100 255 127 127 0 380 7 130 128 80 85 128 128], 70.0, TPX, 1591797654, 2020-06-10 14:00:54, I07-W0167, 0, 0, -80.4118034277, 157.87135321 
340, 44427, 0.004, [1 100 255 127 127 0 380 7 130 128 80 85 128 128], 70.0, TPX, 1591798194, 2020-06-10 14:09:54, I07-W0167, 0, 0, -49.06768284, 114.721701436 
341, 44428, 0.004, [1 100 255 127 127 0 380 7 130 128 80 85 128 128], 70.0, TPX, 1591798374, 2020-06-10 14:12:54, I07-W0167, 0, 0, -37.8405354876, 111.184366956 
342, 44429, 2.0, [1 100 255 127 127 0 380 7 130 128 80 85 128 128], 70.0, TPX, 1591798556, 2020-06-10 14:15:56, I07-W0167, 0, 0, -26.429367471, 108.362863621 
343, 44430, 2.0, [1 100 255 127 127 0 380 7 130 128 80 85 128 128], 70.0, TPX, 1591798916, 2020-06-10 14:21:56, I07-W0167, 0, 0, -3.76744824898, 103.691342078 
344, 44431, 2.0, [1 100 255 127 127 0 380 7 130 128 80 85 128 128], 70.0, TPX, 1591799096, 2020-06-10 14:24:56, I07-W0167, 0, 0, 7.58634916675, 101.478483731 
345, 44432, 2.0, [1 100 255 127 127 0 380 7 130 128 80 85 128 128], 70.0, TPX, 1591799276, 2020-06-10 14:27:56, I07-W0167, 0, 0, 18.9435177077, 99.1840387741 
346, 44433, 2.0, [1 100 255 127 127 0 380 7 130 128 80 85 128 128], 70.0, TPX, 1591799456, 2020-06-10 14:30:56, I07-W0167, 0, 0, 30.2931013236, 96.6598535742 
347, 44434, 2.0, [1 100 255 127 127 0 380 7 130 128 80 85 128 128], 70.0, TPX, 1591799636, 2020-06-10 14:33:56, I07-W0167, 0, 0, 41.617841834, 93.6639140385 
348, 44435, 0.004, [1 100 255 127 127 0 380 7 130 128 80 85 128 128], 70.0, TPX, 1591799814, 2020-06-10 14:36:54, I07-W0167, 0, 0, 52.7590346708, 89.7510489277 
349, 44436, 0.004, [1 100 255 127 127 0 380 7 130 128 80 85 128 128], 70.0, TPX, 1591799994, 2020-06-10 14:39:54, I07-W0167, 0, 0, 63.880853676, 83.5498587094 
350, 44438, 0.004, [1 100 255 127 127 0 380 7 130 128 80 85 128 128], 70.0, TPX, 1591800354, 2020-06-10 14:45:54, I07-W0167, 0, 0, 82.3690829266, 23.9989368628 
351, 44440, 0.004, [1 100 255 127 127 0 380 7 130 128 80 85 128 128], 70.0, TPX, 1591800714, 2020-06-10 14:51:54, I07-W0167, 0, 0, 68.065389561, -65.7106067129 
352, 44441, 0.004, [1 100 255 127 127 0 380 7 130 128 80 85 128 128], 70.0, TPX, 1591800894, 2020-06-10 14:54:54, I07-W0167, 0, 0, 57.0705369423, -73.6114007135 
353, 44442, 2.0, [1 100 255 127 127 0 380 7 130 128 80 85 128 128], 70.0, TPX, 1591801076, 2020-06-10 14:57:56, I07-W0167, 0, 0, 45.7388262239, -78.2295374976 
354, 44443, 2.0, [1 100 255 127 127 0 380 7 130 128 80 85 128 128], 70.0, TPX, 1591801256, 2020-06-10 15:00:56, I07-W0167, 0, 0, 34.4550941693, -81.4937668638 
355, 44444, 2.0, [1 100 255 127 127 0 380 7 130 128 80 85 128 128], 70.0, TPX, 1591801436, 2020-06-10 15:03:56, I07-W0167, 0, 0, 23.1408516597, -84.1503826015 
356, 44445, 2.0, [1 100 255 127 127 0 380 7 130 128 80 85 128 128], 70.0, TPX, 1591801616, 2020-06-10 15:06:56, I07-W0167, 0, 0, 11.8180116495, -86.5049537138 
357, 44446, 2.0, [1 100 255 127 127 0 380 7 130 128 80 85 128 128], 70.0, TPX, 1591801796, 2020-06-10 15:09:56, I07-W0167, 0, 0, 0.49454480935, -88.7294985148 
358, 44447, 2.0, [1 100 255 127 127 0 380 7 130 128 80 85 128 128], 70.0, TPX, 1591801976, 2020-06-10 15:12:56, I07-W0167, 0, 0, -10.8199664789, -90.9477253909 
359, 44448, 0.004, [1 100 255 127 127 0 380 7 130 128 80 85 128 128], 70.0, TPX, 1591802954, 2020-06-10 15:29:14, I07-W0167, 0, 0, -71.3257257194, -115.922079861 
360, 44449, 0.004, [1 100 255 127 127 0 380 7 130 128 80 85 128 128], 70.0, TPX, 1591803134, 2020-06-10 15:32:14, I07-W0167, 0, 0, -80.6435790669, -145.491116246 
361, 44452, 0.004, [1 100 255 127 127 0 380 7 130 128 80 85 128 128], 70.0, TPX, 1591804048, 2020-06-10 15:47:28, I07-W0167, 0, 0, -37.6591495689, 87.5046270307 
362, 44453, 2.0, [1 100 255 127 127 0 380 7 130 128 80 85 128 128], 70.0, TPX, 1591804230, 2020-06-10 15:50:30, I07-W0167, 0, 0, -26.2472216938, 84.691381395 
363, 44456, 0.004, [1 100 255 127 127 0 380 7 130 128 80 85 128 128], 70.0, TPX, 1591805550, 2020-06-10 16:12:30, I07-W0167, 0, 0, 56.7937776771, 64.2634330619 
364, 44457, 0.004, [1 100 255 127 127 0 380 7 130 128 80 85 128 128], 70.0, TPX, 1591805730, 2020-06-10 16:15:30, I07-W0167, 0, 0, 67.8115045994, 56.4843701078 
365, 44458, 0.004, [1 100 255 127 127 0 380 7 130 128 80 85 128 128], 70.0, TPX, 1591805910, 2020-06-10 16:18:30, I07-W0167, 0, 0, 78.0073514439, 36.9189483083 
366, 44459, 0.004, [1 100 255 127 127 0 380 7 130 128 80 85 128 128], 70.0, TPX, 1591806090, 2020-06-10 16:21:30, I07-W0167, 0, 0, 82.4392631203, -31.5807524915 
367, 44461, 0.004, [1 100 255 127 127 0 380 7 130 128 80 85 128 128], 70.0, TPX, 1591806450, 2020-06-10 16:27:30, I07-W0167, 0, 0, 64.1437818081, -92.8373791868 
368, 44462, 0.004, [1 100 255 127 127 0 380 7 130 128 80 85 128 128], 70.0, TPX, 1591806630, 2020-06-10 16:30:30, I07-W0167, 0, 0, 53.0442223893, -99.1186260524 
369, 44463, 0.004, [1 100 255 127 127 0 380 7 130 128 80 85 128 128], 70.0, TPX, 1591806810, 2020-06-10 16:33:30, I07-W0167, 0, 0, 41.8016832057, -103.09924664 
370, 44468, 2.0, [1 100 255 127 127 0 380 7 130 128 80 85 128 128], 70.0, TPX, 1591807712, 2020-06-10 16:48:32, I07-W0167, 0, 0, -14.8967279552, -115.399119597 
371, 44469, 0.004, [1 100 255 127 127 0 380 7 130 128 80 85 128 128], 70.0, TPX, 1591808329, 2020-06-10 16:58:49, I07-W0167, 0, 0, -53.418991454, -125.967348355 
372, 44470, 0.004, [1 100 255 127 127 0 380 7 130 128 80 85 128 128], 70.0, TPX, 1591808509, 2020-06-10 17:01:49, I07-W0167, 0, 0, -64.4331017911, -132.316979075 
373, 44471, 0.004, [1 100 255 127 127 0 380 7 130 128 80 85 128 128], 70.0, TPX, 1591808689, 2020-06-10 17:04:49, I07-W0167, 0, 0, -74.9491615642, -146.005552434 
374, 44472, 0.004, [1 100 255 127 127 0 380 7 130 128 80 85 128 128], 70.0, TPX, 1591808869, 2020-06-10 17:07:49, I07-W0167, 0, 0, -82.4691725186, 165.73928034 
375, 44475, 0.004, [1 100 255 127 127 0 380 7 130 128 80 85 128 128], 70.0, TPX, 1591809409, 2020-06-10 17:16:49, I07-W0167, 0, 0, -56.937112612, 70.8495385909 
376, 44476, 0.004, [1 100 255 127 127 0 380 7 130 128 80 85 128 128], 70.0, TPX, 1591809589, 2020-06-10 17:19:49, I07-W0167, 0, 0, -45.7816685854, 66.3099967936 
377, 44477, 0.004, [1 100 255 127 127 0 380 7 130 128 80 85 128 128], 70.0, TPX, 1591809769, 2020-06-10 17:22:49, I07-W0167, 0, 0, -34.5334944957, 63.0492371635 
378, 44478, 2.0, [1 100 255 127 127 0 380 7 130 128 80 85 128 128], 70.0, TPX, 1591809951, 2020-06-10 17:25:51, I07-W0167, 0, 0, -23.1101789877, 60.3647679144 
379, 44479, 2.0, [1 100 255 127 127 0 380 7 130 128 80 85 128 128], 70.0, TPX, 1591810131, 2020-06-10 17:28:51, I07-W0167, 0, 0, -11.7823964819, 58.010046538 
380, 44480, 2.0, [1 100 255 127 127 0 380 7 130 128 80 85 128 128], 70.0, TPX, 1591810311, 2020-06-10 17:31:51, I07-W0167, 0, 0, -0.436175346732, 55.7827867367 
381, 44481, 2.0, [1 100 255 127 127 0 380 7 130 128 80 85 128 128], 70.0, TPX, 1591810491, 2020-06-10 17:34:51, I07-W0167, 0, 0, 10.9196658964, 53.5587883508 
382, 44483, 2.0, [1 100 255 127 127 0 380 7 130 128 80 85 128 128], 70.0, TPX, 1591810851, 2020-06-10 17:40:51, I07-W0167, 0, 0, 33.620557751, 48.584112277 
383, 44484, 2.0, [1 100 255 127 127 0 380 7 130 128 80 85 128 128], 70.0, TPX, 1591811031, 2020-06-10 17:43:51, I07-W0167, 0, 0, 44.9328058453, 45.3744322166 
384, 44486, 0.004, [1 100 255 127 127 0 380 7 130 128 80 85 128 128], 70.0, TPX, 1591811389, 2020-06-10 17:49:49, I07-W0167, 0, 0, 67.0856262455, 33.5702841436 
385, 44488, 0.004, [1 100 255 127 127 0 380 7 130 128 80 85 128 128], 70.0, TPX, 1591811929, 2020-06-10 17:58:49, I07-W0167, 0, 0, 75.4306762402, -101.44269354 
386, 44489, 0.004, [1 100 255 127 127 0 380 7 130 128 80 85 128 128], 70.0, TPX, 1591812109, 2020-06-10 18:01:49, I07-W0167, 0, 0, 64.8782183891, -115.888953444 
387, 44490, 0.004, [1 100 255 127 127 0 380 7 130 128 80 85 128 128], 70.0, TPX, 1591812289, 2020-06-10 18:04:49, I07-W0167, 0, 0, 53.794966047, -122.423176856 
388, 44491, 0.004, [1 100 255 127 127 0 380 7 130 128 80 85 128 128], 70.0, TPX, 1591812469, 2020-06-10 18:07:49, I07-W0167, 0, 0, 42.5583315618, -126.50115496 
389, 44492, 0.004, [1 100 255 127 127 0 380 7 130 128 80 85 128 128], 70.0, TPX, 1591812649, 2020-06-10 18:10:49, I07-W0167, 0, 0, 31.2631589404, -129.548580461 
390, 44493, 2.0, [1 100 255 127 127 0 380 7 130 128 80 85 128 128], 70.0, TPX, 1591812831, 2020-06-10 18:13:51, I07-W0167, 0, 0, 19.8188610913, -132.123862306 
391, 44494, 2.0, [1 100 255 127 127 0 380 7 130 128 80 85 128 128], 70.0, TPX, 1591813011, 2020-06-10 18:16:51, I07-W0167, 0, 0, 8.49389859977, -134.425854622 
392, 44495, 2.0, [1 100 255 127 127 0 380 7 130 128 80 85 128 128], 70.0, TPX, 1591813191, 2020-06-10 18:19:51, I07-W0167, 0, 0, -2.82750557662, -136.636499989 
393, 44496, 0.004, [1 100 255 127 127 0 380 7 130 128 80 85 128 128], 70.0, TPX, 1591813961, 2020-06-10 18:32:41, I07-W0167, 0, 0, -51.002040224, -148.596721299 
394, 44497, 0.004, [1 100 255 127 127 0 380 7 130 128 80 85 128 128], 70.0, TPX, 1591814141, 2020-06-10 18:35:41, I07-W0167, 0, 0, -62.0638389419, -154.230206684 
395, 44498, 0.004, [1 100 255 127 127 0 380 7 130 128 80 85 128 128], 70.0, TPX, 1591814321, 2020-06-10 18:38:41, I07-W0167, 0, 0, -72.7544168785, -165.388755032 
396, 44502, 0.004, [1 100 255 127 127 0 380 7 130 128 80 85 128 128], 70.0, TPX, 1591815041, 2020-06-10 18:50:41, I07-W0167, 0, 0, -59.3379172747, 48.5131602719 
397, 44503, 0.004, [1 100 255 127 127 0 380 7 130 128 80 85 128 128], 70.0, TPX, 1591815221, 2020-06-10 18:53:41, I07-W0167, 0, 0, -48.2139091939, 43.5202373478 
398, 44504, 0.004, [1 100 255 127 127 0 380 7 130 128 80 85 128 128], 70.0, TPX, 1591815401, 2020-06-10 18:56:41, I07-W0167, 0, 0, -36.9806727278, 40.0607772695 
399, 44507, 2.0, [1 100 255 127 127 0 380 7 130 128 80 85 128 128], 70.0, TPX, 1591815943, 2020-06-10 19:05:43, I07-W0167, 0, 0, -2.90027868089, 32.6318127366 
400, 44508, 2.0, [1 100 255 127 127 0 380 7 130 128 80 85 128 128], 70.0, TPX, 1591816123, 2020-06-10 19:08:43, I07-W0167, 0, 0, 8.45429033277, 30.4170043703 
401, 44509, 2.0, [1 100 255 127 127 0 380 7 130 128 80 85 128 128], 70.0, TPX, 1591816303, 2020-06-10 19:11:43, I07-W0167, 0, 0, 19.8114605813, 28.1108849124 
402, 44510, 2.0, [1 100 255 127 127 0 380 7 130 128 80 85 128 128], 70.0, TPX, 1591816483, 2020-06-10 19:14:43, I07-W0167, 0, 0, 31.1599718575, 25.5610130786 
403, 44511, 2.0, [1 100 255 127 127 0 380 7 130 128 80 85 128 128], 70.0, TPX, 1591816664, 2020-06-10 19:17:44, I07-W0167, 0, 0, 42.5445584853, 22.4945569624 
404, 44512, 2.0, [1 100 255 127 127 0 380 7 130 128 80 85 128 128], 70.0, TPX, 1591816843, 2020-06-10 19:20:43, I07-W0167, 0, 0, 53.7406489676, 18.4377217092 
405, 44513, 0.004, [1 100 255 127 127 0 380 7 130 128 80 85 128 128], 70.0, TPX, 1591817021, 2020-06-10 19:23:41, I07-W0167, 0, 0, 64.7193550192, 12.0083920735 
406, 44515, 0.004, [1 100 255 127 127 0 380 7 130 128 80 85 128 128], 70.0, TPX, 1591817381, 2020-06-10 19:29:41, I07-W0167, 0, 0, 82.5727864883, -53.4597847588 
407, 44516, 0.004, [1 100 255 127 127 0 380 7 130 128 80 85 128 128], 70.0, TPX, 1591817561, 2020-06-10 19:32:41, I07-W0167, 0, 0, 77.5156734464, -119.078132691 
408, 44517, 0.004, [1 100 255 127 127 0 380 7 130 128 80 85 128 128], 70.0, TPX, 1591817741, 2020-06-10 19:35:41, I07-W0167, 0, 0, 67.2404598038, -137.429239064 
409, 44518, 0.004, [1 100 255 127 127 0 380 7 130 128 80 85 128 128], 70.0, TPX, 1591817921, 2020-06-10 19:38:41, I07-W0167, 0, 0, 56.2196217303, -144.927475376 
410, 44519, 0.004, [1 100 255 127 127 0 380 7 130 128 80 85 128 128], 70.0, TPX, 1591818101, 2020-06-10 19:41:41, I07-W0167, 0, 0, 45.0045774731, -149.361606863 
411, 44520, 2.0, [1 100 255 127 127 0 380 7 130 128 80 85 128 128], 70.0, TPX, 1591818283, 2020-06-10 19:44:43, I07-W0167, 0, 0, 33.5925642207, -152.603364907 
412, 44521, 2.0, [1 100 255 127 127 0 380 7 130 128 80 85 128 128], 70.0, TPX, 1591818463, 2020-06-10 19:47:43, I07-W0167, 0, 0, 22.2772647393, -155.228671058 
413, 44522, 2.0, [1 100 255 127 127 0 380 7 130 128 80 85 128 128], 70.0, TPX, 1591818643, 2020-06-10 19:50:43, I07-W0167, 0, 0, 10.952795729, -157.56843432 
414, 44523, 2.0, [1 100 255 127 127 0 380 7 130 128 80 85 128 128], 70.0, TPX, 1591818823, 2020-06-10 19:53:43, I07-W0167, 0, 0, -0.369962612472, -159.788341423 
