# ordinar image ID, original image ID, acquisition time [s], bias [V], UTC time [s], human-readable time, no. of nonzero pixels, heatsink temperature [deg C]latitude [deg], longitude [deg], altitude (WGS84) [km]
1, 42355, 0.002, 70.0, 1584392592, 2020-03-16 21:03:12, 0, 7, 45.5768892689, -3.77519069529, 495.141125
2, 42356, 0.002, 70.0, 1584392772, 2020-03-16 21:06:12, 0, 6, 56.7909294883, -8.31146595461, 498.83659375
3, 42357, 0.002, 70.0, 1584392952, 2020-03-16 21:09:12, 54, 5, 67.789463579, -16.0833794083, 502.33909375
4, 42358, 0.002, 70.0, 1584393132, 2020-03-16 21:12:12, 0, 4, 77.9673948373, -35.561632626, 505.170875
5, 42359, 0.002, 70.0, 1584393312, 2020-03-16 21:15:12, 0, 4, 82.4440852338, -103.632513659, 507.00534375
6, 42360, 0.002, 70.0, 1584393492, 2020-03-16 21:18:12, 183, 4, 74.8363473297, -151.692340616, 507.71440625
7, 42361, 0.002, 70.0, 1584393672, 2020-03-16 21:21:12, 7, 5, 64.2526277027, -165.291793666, 507.38178125
8, 42362, 0.002, 70.0, 1584393852, 2020-03-16 21:24:12, 0, 7, 53.1815774935, -171.609554723, 506.280875
9, 42363, 0.002, 70.0, 1584394032, 2020-03-16 21:27:12, 0, 8, 41.9645456513, -175.607360067, 504.8216875
10, 42364, 1.5, 70.0, 1584394214, 2020-03-16 21:30:14, 31, 10, 30.5640310223, -178.649116511, 503.46334375
11, 42365, 1.5, 70.0, 1584394394, 2020-03-16 21:33:14, 12, 11, 19.2636025703, 178.822890184, 502.68875
12, 42366, 1.5, 70.0, 1584394574, 2020-03-16 21:36:14, 12, 12, 7.95372540536, 176.527864661, 502.82778125
13, 42367, 1.5, 70.0, 1584394754, 2020-03-16 21:39:14, 13, 14, -3.356408532, 174.317506163, 504.06265625
14, 42368, 1.5, 70.0, 1584394934, 2020-03-16 21:42:14, 10, 15, -14.6596913627, 172.073133323, 506.37615625
15, 42369, 0.002, 70.0, 1584395850, 2020-03-16 21:57:30, 0, 21, -71.3063279822, 147.865686152, 521.746875
16, 42370, 0.002, 70.0, 1584396030, 2020-03-16 22:00:30, 0, 22, -80.6356287268, 118.252909236, 521.9979375
17, 42371, 0.002, 70.0, 1584396210, 2020-03-16 22:03:30, 2, 23, -80.8261500234, 41.3928246669, 520.56159375
18, 42372, 0.002, 70.0, 1584396390, 2020-03-16 22:06:30, 28, 23, -71.5830667567, 10.6292744274, 517.4905625
19, 42373, 0.002, 70.0, 1584396570, 2020-03-16 22:09:30, 0, 25, -60.7911902846, 0.468368963133, 513.0633125
20, 42374, 0.002, 70.0, 1584396750, 2020-03-16 22:12:30, 77, 25, -49.6702489587, -4.86284495962, 507.74896875
21, 42375, 0.002, 70.0, 1584396930, 2020-03-16 22:15:30, 63, 24, -38.4289528694, -8.46671871574, 502.14290625
22, 42376, 0.002, 70.0, 1584397110, 2020-03-16 22:18:30, 26, 23, -27.1295779741, -11.2930398949, 496.8828125
23, 42377, 0.002, 70.0, 1584397290, 2020-03-16 22:21:30, 0, 21, -15.79802435, -13.7343945369, 492.55821875
24, 42378, 1.5, 70.0, 1584397472, 2020-03-16 22:24:32, 1, 19, -4.32212748452, -16.0196605735, 489.60375
25, 42379, 1.5, 70.0, 1584397652, 2020-03-16 22:27:32, 24, 17, 7.03596569331, -18.2346857984, 488.34890625
26, 42380, 1.5, 70.0, 1584397832, 2020-03-16 22:30:32, 0, 15, 18.3932059513, -20.5247355287, 488.78459375
27, 42381, 0.002, 70.0, 1584398010, 2020-03-16 22:33:30, 0, 13, 29.6127461805, -23.0056275745, 490.686125
28, 42383, 0.002, 70.0, 1584398370, 2020-03-16 22:39:30, 0, 12, 52.1872931958, -29.8478412917, 497.33025
29, 42384, 0.002, 70.0, 1584398550, 2020-03-16 22:42:30, 0, 10, 63.3026508421, -35.8705142708, 500.9794375
30, 42385, 0.002, 70.0, 1584398730, 2020-03-16 22:45:30, 0, 8, 73.9770822115, -48.3948921314, 504.13896875
31, 42386, 0.002, 70.0, 1584398910, 2020-03-16 22:48:30, 10, 7, 82.1490757032, -91.2840985471, 506.4125625
32, 42387, 0.002, 70.0, 1584399090, 2020-03-16 22:51:30, 45, 6, 78.7214067404, -163.208353743, 507.58665625
33, 42388, 0.002, 70.0, 1584399270, 2020-03-16 22:54:30, 74, 6, 68.7141140981, 175.187740565, 507.65840625
34, 42389, 0.002, 70.0, 1584399450, 2020-03-16 22:57:30, 0, 7, 57.7688452376, 166.940328124, 506.82796875
35, 42390, 0.002, 70.0, 1584399630, 2020-03-16 23:00:30, 0, 9, 46.5952465683, 162.239546051, 505.4573125
36, 42391, 0.002, 70.0, 1584399810, 2020-03-16 23:03:30, 0, 10, 35.3384630251, 158.908981888, 504.00275
37, 42392, 1.5, 70.0, 1584399992, 2020-03-16 23:06:32, 7, 12, 23.9205587345, 156.190798825, 502.9250625
38, 42393, 1.5, 70.0, 1584400172, 2020-03-16 23:09:32, 11, 13, 12.613259966, 153.821173976, 502.6495625
39, 42394, 1.5, 70.0, 1584400352, 2020-03-16 23:12:32, 30, 14, 1.30232646958, 151.590994269, 503.4174375
40, 42395, 1.5, 70.0, 1584433747, 2020-03-17 08:29:07, 28, 4, 41.3413216255, 18.7647938553, 504.8545
41, 42396, 1.5, 70.0, 1584433927, 2020-03-17 08:32:07, 3, 7, 30.0645734393, 15.7894012362, 503.49203125
42, 42397, 1.5, 70.0, 1584434107, 2020-03-17 08:35:07, 3, 9, 18.7636651665, 13.2758361267, 502.71159375
43, 42398, 1.5, 70.0, 1584434287, 2020-03-17 08:38:07, 1, 11, 7.4536676195, 10.987304406, 502.85503125
44, 42399, 1.5, 70.0, 1584434467, 2020-03-17 08:41:07, 4, 12, -3.85638670348, 8.77788591259, 504.09790625
45, 42400, 0.002, 70.0, 1584434645, 2020-03-17 08:44:05, 0, 14, -15.0338918141, 6.55484972956, 506.38453125
46, 42401, 0.002, 70.0, 1584435535, 2020-03-17 08:58:55, 7, 20, -70.139007672, -16.0116692522, 521.4104375
47, 42402, 0.002, 70.0, 1584435715, 2020-03-17 09:01:55, 1021, 22, -79.8011708556, -41.5009363162, 521.8384375
48, 42403, 0.002, 70.0, 1584435895, 2020-03-17 09:04:55, 0, 22, -81.5262649038, -117.087829228, 520.59565625
49, 42404, 0.002, 70.0, 1584436368, 2020-03-17 09:12:48, 2, 23, -55.0640254399, -168.048102845, 510.231875
50, 42405, 0.002, 70.0, 1584436548, 2020-03-17 09:15:48, 0, 23, -43.8682901275, -172.302463754, 504.718375
51, 42406, 1.5, 70.0, 1584436730, 2020-03-17 09:18:50, 49, 22, -32.4665016682, -175.466262019, 499.190125
52, 42407, 1.5, 70.0, 1584436910, 2020-03-17 09:21:50, 1, 21, -21.1476931771, -178.056501978, 494.396625
53, 42408, 1.5, 70.0, 1584437090, 2020-03-17 09:24:50, 6, 19, -9.80506184003, 179.617008958, 490.803625
54, 42409, 1.5, 70.0, 1584437270, 2020-03-17 09:27:50, 7, 17, 1.55014398205, 177.395435289, 488.77090625
55, 42410, 1.5, 70.0, 1584437450, 2020-03-17 09:30:50, 0, 15, 12.9088090815, 175.157168638, 488.441375
56, 42411, 1.5, 70.0, 1584437630, 2020-03-17 09:33:50, 55, 13, 24.2612707684, 172.774866958, 489.724875
57, 42412, 0.002, 70.0, 1584437988, 2020-03-17 09:39:48, 0, 9, 46.7601068443, 166.749984412, 495.7118125
58, 42413, 0.002, 70.0, 1584438168, 2020-03-17 09:42:48, 0, 7, 57.9597285344, 162.006062865, 499.4361875
59, 42414, 0.002, 70.0, 1584438348, 2020-03-17 09:45:48, 4, 5, 68.9172507542, 153.635351849, 502.90371875
60, 42415, 0.002, 70.0, 1584438528, 2020-03-17 09:48:48, 0, 4, 78.8936641113, 131.470786939, 505.6489375
61, 42416, 0.002, 70.0, 1584438708, 2020-03-17 09:51:48, 0, 4, 82.0633636593, 58.7645160638, 507.36421875
62, 42417, 0.002, 70.0, 1584438888, 2020-03-17 09:54:48, 254, 4, 73.7798263482, 17.0628695162, 507.9438125
63, 42418, 0.002, 70.0, 1584439069, 2020-03-17 09:57:49, 2, 5, 63.0454190878, 4.73350380176, 507.4885
64, 42419, 1.5, 70.0, 1584439250, 2020-03-17 10:00:50, 57, 6, 51.8884007027, -1.22844025792, 506.28865625
65, 42420, 1.5, 70.0, 1584439430, 2020-03-17 10:03:50, 9, 7, 40.6623461805, -5.06914015131, 504.78171875
66, 42421, 1.5, 70.0, 1584439610, 2020-03-17 10:06:50, 13, 8, 29.3835523527, -8.00673535728, 503.43746875
67, 42422, 1.5, 70.0, 1584439970, 2020-03-17 10:12:50, 13, 11, 6.77158571916, -12.7815046007, 502.899875
68, 42423, 1.5, 70.0, 1584440150, 2020-03-17 10:15:50, 13, 13, -4.53824363445, -14.9899941883, 504.20446875
69, 42424, 0.002, 70.0, 1584440328, 2020-03-17 10:18:48, 1, 15, -15.7151280517, -17.2191527822, 506.54434375
70, 42425, 0.002, 70.0, 1584440508, 2020-03-17 10:21:48, 33, 16, -27.0024476631, -19.6513694849, 509.736875
71, 42426, 0.002, 70.0, 1584440688, 2020-03-17 10:24:48, 65, 18, -38.2625148197, -22.4633873941, 513.35515625
72, 42427, 0.002, 70.0, 1584440868, 2020-03-17 10:27:48, 86, 19, -49.4714665482, -26.0407758111, 516.881875
73, 42428, 0.002, 70.0, 1584441048, 2020-03-17 10:30:48, 13, 19, -60.5698101933, -31.3115679061, 519.7668125
74, 42429, 0.002, 70.0, 1584441228, 2020-03-17 10:33:48, 1, 21, -71.3565298726, -41.2823053759, 521.5120625
75, 42430, 0.002, 70.0, 1584441408, 2020-03-17 10:36:48, 755, 22, -80.6700665405, -71.0953639293, 521.7515625
76, 42431, 0.002, 70.0, 1584441588, 2020-03-17 10:39:48, 24, 23, -80.7921698323, -147.968671745, 520.31265625
77, 42432, 0.002, 70.0, 1584441768, 2020-03-17 10:42:48, 3, 24, -71.5307475077, -178.52342737, 517.24890625
78, 42433, 0.002, 70.0, 1584441948, 2020-03-17 10:45:48, 7, 24, -60.7353056768, 171.357520743, 512.839375
79, 42434, 0.002, 70.0, 1584442128, 2020-03-17 10:48:48, 0, 24, -49.612851464, 166.039439833, 507.55315625
80, 42435, 0.002, 70.0, 1584442308, 2020-03-17 10:51:48, 0, 23, -38.370664035, 162.441104934, 501.98496875
81, 42436, 1.5, 70.0, 1584442490, 2020-03-17 10:54:50, 25, 21, -26.9449528382, 159.588735974, 496.717375
82, 42437, 1.5, 70.0, 1584442670, 2020-03-17 10:57:50, 11, 20, -15.6128015726, 157.151656177, 492.4584375
83, 42438, 1.5, 70.0, 1584443030, 2020-03-17 11:03:50, 15, 16, 7.09518727539, 152.677663705, 488.401875
84, 42439, 1.5, 70.0, 1584443210, 2020-03-17 11:06:50, 10, 14, 18.4521368234, 150.386927541, 488.8908125
85, 42440, 0.002, 70.0, 1584443388, 2020-03-17 11:09:48, 0, 12, 29.671185279, 147.904481627, 490.8393125
86, 42441, 0.002, 70.0, 1584443568, 2020-03-17 11:12:48, 0, 10, 40.9879242228, 144.942324207, 493.9039375
87, 42442, 0.002, 70.0, 1584443748, 2020-03-17 11:15:48, 1, 8, 52.2439291244, 141.052586117, 497.5519375
88, 42443, 0.002, 70.0, 1584443928, 2020-03-17 11:18:48, 0, 7, 63.3574699404, 135.013401155, 501.2193125
89, 42444, 0.002, 70.0, 1584444108, 2020-03-17 11:21:48, 33, 6, 74.0270860264, 122.430580781, 504.38575
90, 42445, 0.002, 70.0, 1584444288, 2020-03-17 11:24:48, 0, 6, 82.1689105726, 79.2553909296, 506.65540625
91, 42446, 0.002, 70.0, 1584444468, 2020-03-17 11:27:48, 1, 6, 78.6797903978, 7.529860941, 507.8156875
92, 42447, 0.002, 70.0, 1584444648, 2020-03-17 11:30:48, 39, 7, 68.6635160568, -13.9443084482, 507.865125
93, 42448, 0.002, 70.0, 1584444828, 2020-03-17 11:33:48, 1, 7, 57.717045083, -22.1634584198, 507.0054375
94, 42449, 0.002, 70.0, 1584445008, 2020-03-17 11:36:48, 4, 8, 46.5434020174, -26.854606511, 505.60009375
95, 42450, 1.5, 70.0, 1584445190, 2020-03-17 11:39:50, 3, 9, 35.1614859936, -30.2135091292, 504.09165625
96, 42451, 1.5, 70.0, 1584445370, 2020-03-17 11:42:50, 15, 11, 23.8690966742, -32.8970392274, 502.98765625
97, 42452, 1.5, 70.0, 1584445550, 2020-03-17 11:45:50, 1, 12, 12.5619037736, -35.2656771142, 502.66975
98, 42453, 0.002, 70.0, 1584445728, 2020-03-17 11:48:48, 2, 14, 1.3766288959, -37.4710461592, 503.38078125
99, 42454, 0.002, 70.0, 1584445908, 2020-03-17 11:51:48, 2, 16, -9.93053924526, -39.6869268653, 505.2056875
100, 42455, 0.002, 70.0, 1584446088, 2020-03-17 11:54:48, 39, 17, -21.2268089658, -42.0085149941, 508.007875
101, 42456, 0.002, 70.0, 1584446268, 2020-03-17 11:57:48, 97, 18, -32.5028451048, -44.5936254814, 511.46240625
102, 42457, 0.002, 70.0, 1584446448, 2020-03-17 12:00:48, 51, 19, -43.742297043, -47.7111901955, 515.10021875
103, 42458, 0.002, 70.0, 1584446628, 2020-03-17 12:03:48, 24, 19, -54.9090142967, -51.9353241023, 518.37765625
104, 42459, 0.002, 70.0, 1584446808, 2020-03-17 12:06:48, 4, 20, -65.9007865001, -58.8406112013, 520.74684375
105, 42460, 0.002, 70.0, 1584446988, 2020-03-17 12:09:48, 41, 22, -76.2833912071, -74.6600259963, 521.79909375
106, 42461, 0.002, 70.0, 1584447168, 2020-03-17 12:12:48, 119, 23, -82.674884156, -131.80337617, 521.235625
107, 42462, 0.002, 70.0, 1584447348, 2020-03-17 12:15:48, 0, 24, -76.6737091973, 168.449376459, 518.9918125
108, 42463, 0.002, 70.0, 1584447528, 2020-03-17 12:18:48, 0, 24, -66.3293330592, 151.895347498, 515.23325
109, 42464, 0.002, 70.0, 1584447708, 2020-03-17 12:21:48, 17, 24, -55.3273804588, 144.806157556, 510.3378125
110, 42465, 0.002, 70.0, 1584447888, 2020-03-17 12:24:48, 3, 24, -44.1343259956, 140.512741625, 504.84503125
111, 42466, 0.002, 70.0, 1584448068, 2020-03-17 12:27:48, 0, 22, -32.8594458662, 137.362221248, 499.38071875
112, 42467, 0.002, 70.0, 1584448248, 2020-03-17 12:30:48, 0, 21, -21.5417797243, 134.758976609, 494.56803125
113, 42468, 1.5, 70.0, 1584448430, 2020-03-17 12:33:50, 12, 19, -10.0737469678, 132.401318251, 490.90690625
114, 42469, 1.5, 70.0, 1584448610, 2020-03-17 12:36:50, 4, 17, 1.28113506064, 130.178761035, 488.84615625
115, 42470, 1.5, 70.0, 1584448790, 2020-03-17 12:39:50, 29, 15, 12.6396535245, 127.942297554, 488.48596875
116, 42471, 1.5, 70.0, 1584448970, 2020-03-17 12:42:50, 15, 14, 23.9921954661, 125.565214138, 489.74121875
117, 42472, 0.002, 70.0, 1584449148, 2020-03-17 12:45:48, 0, 12, 35.1999604491, 122.901576966, 492.2780625
118, 42473, 0.002, 70.0, 1584449328, 2020-03-17 12:48:48, 0, 10, 46.4926537119, 119.57237884, 495.69484375
119, 42474, 0.002, 70.0, 1584449508, 2020-03-17 12:51:48, 3, 8, 57.6952841003, 114.877388768, 499.417875
120, 42475, 0.002, 70.0, 1584449868, 2020-03-17 12:57:48, 0, 5, 78.687850021, 85.1394896158, 505.6540625
121, 42476, 0.002, 70.0, 1584450048, 2020-03-17 13:00:48, 1, 5, 82.1644299685, 13.3595443638, 507.38725
122, 42477, 0.002, 70.0, 1584450228, 2020-03-17 13:03:48, 23, 6, 74.0221068185, -29.7366594724, 507.98278125
123, 42478, 0.002, 70.0, 1584450408, 2020-03-17 13:06:48, 38, 6, 63.3679816015, -42.3028995624, 507.5418125
124, 42479, 0.002, 70.0, 1584450588, 2020-03-17 13:09:48, 0, 7, 52.279370976, -48.3366272027, 506.3525
125, 42480, 0.002, 70.0, 1584450768, 2020-03-17 13:12:48, 0, 9, 41.0561100012, -52.2231619342, 504.83440625
126, 42481, 1.5, 70.0, 1584450950, 2020-03-17 13:15:50, 16, 11, 29.6530169758, -55.2122132241, 503.44971875
127, 42482, 1.5, 70.0, 1584451130, 2020-03-17 13:18:50, 18, 12, 18.3515315521, -57.714231045, 502.67875
128, 42483, 0.002, 70.0, 1584451308, 2020-03-17 13:21:48, 3, 13, 7.16697725931, -59.9728789806, 502.83421875
129, 42484, 0.002, 70.0, 1584451848, 2020-03-17 13:30:48, 33, 16, -26.7341134363, -66.8591644934, 509.5869375
130, 42485, 0.002, 70.0, 1584452028, 2020-03-17 13:33:48, 22, 17, -37.9952631779, -69.6587907319, 513.1968125
131, 42486, 0.002, 70.0, 1584452208, 2020-03-17 13:36:48, 21, 19, -49.2061307745, -73.2107076659, 516.73096875
132, 42487, 0.002, 70.0, 1584452388, 2020-03-17 13:39:48, 20, 20, -60.3086647406, -78.4211038132, 519.63890625
133, 42488, 0.002, 70.0, 1584452568, 2020-03-17 13:42:48, 0, 21, -71.1085052133, -88.200657458, 521.4204375
134, 42489, 0.002, 70.0, 1584452748, 2020-03-17 13:45:48, 192, 23, -80.5008759246, -117.059948396, 521.70540625
135, 42490, 0.002, 70.0, 1584452928, 2020-03-17 13:48:48, 0, 23, -80.9529866363, 166.147097275, 520.31578125
136, 42491, 0.002, 70.0, 1584453108, 2020-03-17 13:51:48, 0, 23, -71.7776315254, 134.572293878, 517.29928125
137, 42492, 0.002, 70.0, 1584453288, 2020-03-17 13:54:48, 0, 24, -60.9959320351, 124.251249666, 512.92946875
138, 42493, 0.002, 70.0, 1584453468, 2020-03-17 13:57:48, 4, 24, -49.8776954641, 118.870508601, 507.6711875
139, 42494, 0.002, 70.0, 1584453648, 2020-03-17 14:00:48, 4, 23, -38.6373658466, 115.246000417, 502.11646875
140, 42495, 0.002, 70.0, 1584453828, 2020-03-17 14:03:48, 0, 22, -27.3384400362, 112.409743874, 496.90109375
141, 42496, 0.002, 70.0, 1584454008, 2020-03-17 14:06:48, 0, 20, -16.0071937707, 109.963470642, 492.6140625
142, 42497, 1.5, 70.0, 1584454190, 2020-03-17 14:09:50, 19, 18, -4.53159956794, 107.676224704, 489.691
143, 42498, 1.5, 70.0, 1584454370, 2020-03-17 14:12:50, 7, 16, 6.8261661877, 105.461501715, 488.46221875
144, 42499, 1.5, 70.0, 1584454550, 2020-03-17 14:15:50, 7, 14, 18.1830700588, 103.174091853, 488.92103125
145, 42500, 1.5, 70.0, 1584454910, 2020-03-17 14:21:50, 17, 10, 40.8453167031, 97.7151041404, 493.93
146, 42501, 0.002, 70.0, 1584455088, 2020-03-17 14:24:48, 1, 8, 51.9776644449, 93.893422055, 497.5329375
147, 42502, 0.002, 70.0, 1584455268, 2020-03-17 14:27:48, 1, 6, 63.0962493556, 87.933398986, 501.203875
148, 42503, 0.002, 70.0, 1584455448, 2020-03-17 14:30:48, 65, 5, 73.7851197449, 75.6315657641, 504.382375
149, 42504, 0.002, 70.0, 1584455628, 2020-03-17 14:33:48, 0, 4, 82.0684658107, 33.8524016921, 506.6690625
150, 42505, 0.002, 70.0, 1584455808, 2020-03-17 14:36:48, 0, 5, 78.8858435447, -38.8034862925, 507.846875
151, 42506, 0.002, 70.0, 1584455988, 2020-03-17 14:39:48, 69, 5, 68.9187329053, -60.930321238, 507.9095625
152, 42507, 0.002, 70.0, 1584456168, 2020-03-17 14:42:48, 201, 6, 57.9817490642, -69.2921939887, 507.0548125
153, 42508, 0.002, 70.0, 1584456348, 2020-03-17 14:45:48, 2, 7, 46.8112034895, -74.032201838, 505.6435
154, 42509, 1.5, 70.0, 1584456530, 2020-03-17 14:48:50, 36, 8, 35.4305476355, -77.4127356654, 504.11709375
155, 42510, 0.002, 70.0, 1584456888, 2020-03-17 14:54:48, 0, 11, 12.9572428067, -82.4552047818, 502.62984375
156, 42511, 0.002, 70.0, 1584457068, 2020-03-17 14:57:48, 0, 13, 1.64615669825, -84.6876589419, 503.30446875
157, 42512, 0.002, 70.0, 1584457248, 2020-03-17 15:00:48, 0, 14, -9.66135295237, -86.9025458555, 505.09365625
158, 42513, 0.002, 70.0, 1584457428, 2020-03-17 15:03:48, 0, 16, -20.9581759183, -89.2200358707, 507.8678125
159, 42514, 0.002, 70.0, 1584457608, 2020-03-17 15:06:48, 0, 18, -32.2350641233, -91.7964310367, 511.30653125
160, 42515, 0.002, 70.0, 1584457788, 2020-03-17 15:09:48, 1, 19, -43.4759162503, -94.8965787684, 514.94359375
161, 42516, 0.002, 70.0, 1584457968, 2020-03-17 15:12:48, 4, 21, -54.6453450891, -99.0828700121, 518.23621875
162, 42517, 0.002, 70.0, 1584458148, 2020-03-17 15:15:48, 4, 21, -65.643452293, -105.886995179, 520.6479375
163, 42518, 0.002, 70.0, 1584458328, 2020-03-17 15:18:48, 452, 22, -76.0544500963, -121.307861606, 521.73303125
164, 42519, 0.002, 70.0, 1584458508, 2020-03-17 15:21:48, 0, 24, -82.6612920796, -176.93762137, 521.2089375
165, 42520, 0.002, 70.0, 1584458688, 2020-03-17 15:24:48, 0, 25, -76.8982106851, 121.857691834, 519.005625
166, 42521, 0.002, 70.0, 1584458868, 2020-03-17 15:27:48, 0, 25, -66.5855949266, 104.860062577, 515.28325
167, 42522, 0.002, 70.0, 1584459048, 2020-03-17 15:30:48, 55, 25, -55.5908584211, 97.6620882121, 510.41496875
168, 42523, 0.002, 70.0, 1584459228, 2020-03-17 15:33:48, 0, 24, -44.400443826, 93.3286951843, 504.937125
169, 42524, 0.002, 70.0, 1584459408, 2020-03-17 15:36:48, 0, 23, -33.1268033759, 90.1599586929, 499.474125
170, 42525, 1.5, 70.0, 1584459590, 2020-03-17 15:39:50, 18, 21, -21.683900593, 87.5205345413, 494.60209375
171, 42526, 0.002, 70.0, 1584460873, 2020-03-17 16:01:13, 0, 6, 58.9754391355, 66.9114769122, 499.891875
172, 42527, 0.002, 70.0, 1584461053, 2020-03-17 16:04:13, 10, 6, 69.8927042204, 57.9504326469, 503.311
173, 42528, 0.002, 70.0, 1584461233, 2020-03-17 16:07:13, 0, 6, 79.65510043, 33.0090714052, 505.96740625
174, 42529, 0.002, 70.0, 1584461413, 2020-03-17 16:10:13, 0, 6, 81.6059390605, -42.4634841399, 507.57084375
175, 42530, 0.002, 70.0, 1584461593, 2020-03-17 16:13:13, 0, 6, 72.8442611868, -79.1592355265, 508.03540625
176, 42531, 0.002, 70.0, 1584461773, 2020-03-17 16:16:13, 978, 7, 62.1038433599, -90.4579803369, 507.48575
177, 42532, 0.002, 70.0, 1584461953, 2020-03-17 16:19:13, 7, 8, 50.9920852233, -96.1272832341, 506.22865625
178, 42533, 0.002, 70.0, 1584462133, 2020-03-17 16:22:13, 2, 9, 39.7601225875, -99.8675494646, 504.6944375
179, 42534, 0.002, 70.0, 1584462313, 2020-03-17 16:25:13, 0, 10, 28.4787623161, -102.757306879, 503.35928125
180, 42535, 0.002, 70.0, 1584462493, 2020-03-17 16:28:13, 0, 12, 17.175890364, -105.228025358, 502.66121875
181, 42537, 0.002, 70.0, 1584462853, 2020-03-17 16:34:13, 0, 19, -5.4443211617, -109.705651491, 504.29471875
182, 42538, 0.002, 70.0, 1584463033, 2020-03-17 16:37:13, 0, 19, -16.7460546067, -111.969599653, 506.72375
183, 42539, 0.002, 70.0, 1584463688, 2020-03-17 16:48:08, 18, 20, -57.5936986968, -124.160968226, 518.9576875
184, 42540, 0.002, 70.0, 1584463868, 2020-03-17 16:51:08, 14, 22, -68.5051786114, -132.275055374, 521.052375
185, 42541, 0.002, 70.0, 1584464048, 2020-03-17 16:54:08, 984, 23, -78.5160844238, -153.212030385, 521.72790625
186, 42542, 0.002, 70.0, 1584464228, 2020-03-17 16:57:08, 0, 25, -82.257532277, 136.175079729, 520.7546875
187, 42543, 0.002, 70.0, 1584464408, 2020-03-17 17:00:08, 0, 25, -74.2988660836, 91.7138267289, 518.12359375
188, 42544, 0.002, 70.0, 1584464588, 2020-03-17 17:03:08, 0, 25, -63.694293889, 78.8306419558, 514.05446875
189, 42545, 0.002, 70.0, 1584464768, 2020-03-17 17:06:08, 1, 25, -52.6269593028, 72.7004378935, 508.96990625
190, 42546, 0.002, 70.0, 1584464948, 2020-03-17 17:09:08, 4, 25, -41.4080798944, 68.7724029325, 503.43759375
191, 42547, 1.5, 70.0, 1584465130, 2020-03-17 17:12:10, 28, 23, -29.9945776607, 65.7613413581, 498.03465625
192, 42548, 1.5, 70.0, 1584465310, 2020-03-17 17:15:10, 40, 22, -18.6693095182, 63.2463086116, 493.4933125
193, 42549, 1.5, 70.0, 1584465490, 2020-03-17 17:18:10, 11, 20, -7.3231418507, 60.9542747114, 490.2475625
194, 42550, 1.5, 70.0, 1584465670, 2020-03-17 17:21:10, 1, 18, 4.03343331759, 58.7390736091, 488.6116875
195, 42551, 1.5, 70.0, 1584465850, 2020-03-17 17:24:10, 33, 15, 15.3913958681, 56.4812213906, 488.67653125
196, 42552, 1.5, 70.0, 1584466030, 2020-03-17 17:27:10, 9, 13, 26.7406294368, 54.0465492348, 490.30134375
197, 42553, 1.5, 70.0, 1584466210, 2020-03-17 17:30:10, 25, 11, 38.066573768, 51.2331294293, 493.14040625
198, 42554, 0.002, 70.0, 1584466388, 2020-03-17 17:33:08, 0, 9, 49.2178343036, 47.7008253835, 496.65890625
199, 42555, 0.002, 70.0, 1584466568, 2020-03-17 17:36:08, 0, 8, 60.3836192365, 42.4536076864, 500.3800625
200, 42556, 0.002, 70.0, 1584466748, 2020-03-17 17:39:08, 128, 6, 71.236455147, 32.5440243153, 503.7265625
201, 42557, 0.002, 70.0, 1584466928, 2020-03-17 17:42:08, 1, 6, 80.6233207259, 2.93288984597, 506.262125
202, 42558, 0.002, 70.0, 1584467468, 2020-03-17 17:51:08, 146, 6, 60.7043171086, -114.995933531, 507.38165625
203, 42559, 0.002, 70.0, 1584467648, 2020-03-17 17:54:08, 2, 7, 49.570067159, -120.310080252, 506.0601875
204, 42560, 0.002, 70.0, 1584467828, 2020-03-17 17:57:08, 5, 8, 38.3293823717, -123.903811604, 504.5204375
205, 42561, 1.5, 70.0, 1584468010, 2020-03-17 18:00:10, 545, 10, 26.9186992986, -126.75172728, 503.22746875
206, 42562, 1.5, 70.0, 1584468190, 2020-03-17 18:03:10, 14, 11, 15.6141454123, -129.184353794, 502.64059375
207, 42563, 0.002, 70.0, 1584468368, 2020-03-17 18:06:08, 0, 13, 4.42895847331, -131.413618255, 503.03475
208, 42565, 0.002, 70.0, 1584469319, 2020-03-17 18:21:59, 5, 19, -55.0601868736, -146.543539114, 518.29378125
209, 42566, 0.002, 70.0, 1584469499, 2020-03-17 18:24:59, 28, 21, -66.0478951145, -153.508037123, 520.65821875
210, 42567, 0.002, 70.0, 1584469679, 2020-03-17 18:27:59, 116, 22, -76.4141141976, -169.563708161, 521.6843125
211, 42568, 0.002, 70.0, 1584469859, 2020-03-17 18:30:59, 0, 23, -82.6782104582, 132.426630932, 521.0968125
212, 42569, 0.002, 70.0, 1584470039, 2020-03-17 18:33:59, 0, 24, -76.5432662446, 73.5298755756, 518.8341875
213, 42570, 0.002, 70.0, 1584470219, 2020-03-17 18:36:59, 25, 24, -66.1807081428, 57.2238473684, 515.0650625
214, 42571, 0.002, 70.0, 1584470399, 2020-03-17 18:39:59, 0, 24, -55.1742407874, 50.19618377, 510.169625
215, 42572, 0.002, 70.0, 1584470579, 2020-03-17 18:42:59, 3, 23, -43.9793080222, 45.9255328599, 504.68875
216, 42573, 0.002, 70.0, 1584470759, 2020-03-17 18:45:59, 0, 21, -32.7034204399, 42.7854080309, 499.24825
217, 42574, 1.5, 70.0, 1584470941, 2020-03-17 18:49:01, 13, 19, -21.2592352889, 40.1603580125, 494.42265625
218, 42575, 1.5, 70.0, 1584471121, 2020-03-17 18:52:01, 13, 18, -9.91678324427, 37.8321685059, 490.85146875
219, 42576, 1.5, 70.0, 1584471301, 2020-03-17 18:55:01, 5, 15, 1.4382214074, 35.6102123465, 488.83715625
220, 42577, 1.5, 70.0, 1584471481, 2020-03-17 18:58:01, 0, 13, 12.7966616442, 33.3727448275, 488.523375
221, 42578, 1.5, 70.0, 1584471661, 2020-03-17 19:01:01, 0, 11, 24.1489039113, 30.9926800342, 489.82096875
222, 42579, 1.5, 70.0, 1584471842, 2020-03-17 19:04:02, 0, 10, 35.5447005871, 28.273837858, 492.4440625
223, 42580, 1.5, 70.0, 1584472021, 2020-03-17 19:07:01, 19, 8, 46.7727870905, 24.9386462415, 495.87453125
224, 42581, 0.002, 70.0, 1584472199, 2020-03-17 19:09:59, 0, 6, 57.8481573943, 20.2584998775, 499.56978125
225, 42582, 0.002, 70.0, 1584472379, 2020-03-17 19:12:59, 0, 5, 68.8092381427, 11.9491922627, 503.0475
226, 42583, 0.002, 70.0, 1584472559, 2020-03-17 19:15:59, 0, 4, 78.8064494258, -9.93295627845, 505.79984375
227, 42584, 0.002, 70.0, 1584472739, 2020-03-17 19:18:59, 2, 4, 82.1076096248, -82.2518563898, 507.51753125
228, 42585, 0.002, 70.0, 1584472919, 2020-03-17 19:21:59, 4, 5, 73.8839389218, -124.544688253, 508.0929375
229, 42586, 0.002, 70.0, 1584473099, 2020-03-17 19:24:59, 53, 5, 63.2190766474, -136.94922703, 507.63028125
230, 42587, 0.002, 70.0, 1584473279, 2020-03-17 19:27:59, 4, 6, 52.1278671349, -142.937527082, 506.42021875
231, 42588, 0.002, 70.0, 1584473459, 2020-03-17 19:30:59, 4, 7, 40.9037831224, -146.806064265, 504.8840625
232, 42589, 0.002, 70.0, 1584473639, 2020-03-17 19:33:59, 0, 9, 29.6258977097, -149.75685625, 503.49753125
233, 42590, 0.002, 70.0, 1584473819, 2020-03-17 19:36:59, 0, 10, 18.3245062011, -152.258098845, 502.706625
234, 42591, 1.5, 70.0, 1584474001, 2020-03-17 19:40:01, 11, 12, 6.88863808605, -154.565869501, 502.85696875
235, 42592, 1.5, 70.0, 1584474181, 2020-03-17 19:43:01, 23, 14, -4.42140513787, -156.774493131, 504.11565625
236, 42594, 0.002, 70.0, 1584474962, 2020-03-17 19:56:02, 0, 19, -53.26052082, -169.370878261, 517.7879375
237, 42595, 0.002, 70.0, 1584475142, 2020-03-17 19:59:02, 54, 21, -64.2909997054, -175.686972752, 520.32840625
238, 42596, 0.002, 70.0, 1584475322, 2020-03-17 20:02:02, 1, 23, -74.8323994803, 170.749333379, 521.59334375
239, 42597, 0.002, 70.0, 1584475502, 2020-03-17 20:05:02, 0, 24, -82.4313264405, 123.059791468, 521.27678125
240, 42598, 0.002, 70.0, 1584475682, 2020-03-17 20:08:02, 0, 25, -78.0455253712, 54.9010605414, 519.280625
241, 42599, 0.002, 70.0, 1584475862, 2020-03-17 20:11:02, 13, 25, -67.925657551, 35.2610735667, 515.7365
242, 42600, 0.002, 70.0, 1584476042, 2020-03-17 20:14:02, 0, 25, -56.9730223315, 27.4393919397, 510.993
243, 42601, 0.002, 70.0, 1584476402, 2020-03-17 20:20:02, 37, 23, -34.5315820427, 19.6123025104, 500.08378125
244, 42602, 0.002, 70.0, 1584476582, 2020-03-17 20:23:02, 3, 21, -23.2185877502, 16.9498435459, 495.16421875
245, 42603, 1.5, 70.0, 1584476764, 2020-03-17 20:26:04, 43, 19, -11.7532230364, 14.5637340351, 491.32621875
246, 42604, 1.5, 70.0, 1584476944, 2020-03-17 20:29:04, 0, 18, -0.399605953631, 12.3332537997, 489.05
247, 42605, 1.5, 70.0, 1584477124, 2020-03-17 20:32:04, 1, 16, 10.9588745973, 10.1063013569, 488.46678125
248, 42606, 1.5, 70.0, 1584477304, 2020-03-17 20:35:04, 17, 13, 22.312838072, 7.75938261784, 489.52453125
249, 42607, 1.5, 70.0, 1584477485, 2020-03-17 20:38:05, 0, 11, 33.7129155689, 5.10975757875, 491.96821875
250, 42608, 1.5, 70.0, 1584477663, 2020-03-17 20:41:03, 8, 9, 44.887371427, 1.93324427663, 495.2835
251, 42609, 0.002, 70.0, 1584518727, 2020-03-18 08:05:27, 0, 4, 47.7134407429, 26.3025633016, 505.95109375
252, 42610, 0.002, 70.0, 1584518908, 2020-03-18 08:08:28, 0, 6, 36.4004037617, 22.8628544228, 504.3665
253, 42611, 0.002, 70.0, 1584519087, 2020-03-18 08:11:27, 0, 8, 25.173679881, 20.1434760768, 503.12840625
254, 42612, 0.002, 70.0, 1584519267, 2020-03-18 08:14:27, 0, 9, 13.8675550512, 17.7491156975, 502.62590625
255, 42613, 0.002, 70.0, 1584519447, 2020-03-18 08:17:27, 0, 12, 2.55639658547, 15.5101250464, 503.14671875
256, 42614, 0.002, 70.0, 1584519627, 2020-03-18 08:20:27, 0, 14, -8.7519585145, 13.2980837604, 504.7856875
257, 42615, 0.002, 70.0, 1584519807, 2020-03-18 08:23:27, 0, 16, -20.0504369475, 10.9937708876, 507.43225
258, 42618, 0.002, 70.0, 1584520881, 2020-03-18 08:41:21, 24, 22, -82.4627384804, -66.9673820106, 521.024125
259, 42619, 0.002, 70.0, 1584521241, 2020-03-18 08:47:21, 5, 21, -67.8038479574, -153.939472852, 515.48903125
260, 42620, 0.002, 70.0, 1584521421, 2020-03-18 08:50:21, 1, 21, -56.8464760017, -161.700507522, 510.7663125
261, 42621, 0.002, 70.0, 1584521601, 2020-03-18 08:53:21, 1, 20, -45.669397351, -166.23646347, 505.3765625
262, 42622, 0.002, 70.0, 1584521781, 2020-03-18 08:56:21, 0, 19, -34.4019894485, -169.496458119, 499.93678125
263, 42623, 1.5, 70.0, 1584521963, 2020-03-18 08:59:23, 4, 18, -22.9625154205, -172.181569406, 495.02471875
264, 42624, 1.5, 70.0, 1584522143, 2020-03-18 09:02:23, 11, 16, -11.6227553242, -174.537875386, 491.2990625
265, 42625, 1.5, 70.0, 1584522323, 2020-03-18 09:05:23, 15, 14, -0.269140162434, -176.767617961, 489.08865625
266, 42626, 1.5, 70.0, 1584522503, 2020-03-18 09:08:23, 24, 12, 11.0890844699, -178.995147555, 488.5695
267, 42627, 1.5, 70.0, 1584522683, 2020-03-18 09:11:23, 8, 10, 22.4425331191, 178.655796436, 489.685
268, 42628, 0.002, 70.0, 1584522861, 2020-03-18 09:14:21, 0, 8, 33.6530933571, 176.049355268, 492.12628125
269, 42629, 0.002, 70.0, 1584523041, 2020-03-18 09:17:21, 0, 6, 44.952435809, 172.836598208, 495.5055625
270, 42630, 0.002, 70.0, 1584523221, 2020-03-18 09:20:21, 9, 5, 56.1712810665, 168.403231701, 499.25584375
271, 42631, 0.002, 70.0, 1584523401, 2020-03-18 09:23:21, 2, 3, 67.1870818754, 160.920800447, 502.81746875
272, 42632, 0.002, 70.0, 1584523581, 2020-03-18 09:26:21, 0, 3, 77.4542768759, 142.691189479, 505.70496875
273, 42633, 0.002, 70.0, 1584523761, 2020-03-18 09:29:21, 0, 3, 82.5767070169, 77.6431111159, 507.5818125
274, 42634, 0.002, 70.0, 1584523941, 2020-03-18 09:32:21, 75, 4, 75.3961359736, 26.0009609309, 508.30878125
275, 42635, 0.002, 70.0, 1584524121, 2020-03-18 09:35:21, 0, 6, 64.8698582375, 11.6024602708, 507.9596875
276, 42636, 0.002, 70.0, 1584524301, 2020-03-18 09:38:21, 0, 8, 53.814175954, 5.07165963734, 506.801
277, 42637, 1.5, 70.0, 1584524484, 2020-03-18 09:41:24, 3, 10, 42.4159528535, 0.934560910189, 505.2135
278, 42638, 0.002, 70.0, 1584525457, 2020-03-18 09:57:37, 0, 18, -18.6620831781, -12.3479148007, 507.04840625
279, 42639, 0.002, 70.0, 1584525637, 2020-03-18 10:00:37, 54, 21, -29.9447138647, -14.8554018956, 510.329
280, 42640, 0.002, 70.0, 1584525817, 2020-03-18 10:03:37, 49, 22, -41.1957019924, -17.8179964478, 513.920875
281, 42641, 0.002, 70.0, 1584525997, 2020-03-18 10:06:37, 29, 24, -52.3854062478, -21.7096777269, 517.29215625
282, 42642, 0.002, 70.0, 1584526177, 2020-03-18 10:09:37, 8, 25, -63.4348081723, -27.7506470752, 519.8994375
283, 42644, 0.002, 70.0, 1584526537, 2020-03-18 10:15:37, 22, 25, -82.1581052133, -83.2453483856, 521.09215625
284, 42645, 0.002, 70.0, 1584526717, 2020-03-18 10:18:37, 1, 24, -78.7361326283, -154.938005528, 519.2414375
285, 42646, 0.002, 70.0, 1584526897, 2020-03-18 10:21:37, 0, 23, -68.7631480262, -176.555171757, 515.83384375
286, 42647, 0.002, 70.0, 1584527077, 2020-03-18 10:24:37, 14, 23, -57.8399475069, 175.179749244, 511.20128125
287, 42648, 0.002, 70.0, 1584527257, 2020-03-18 10:27:37, 0, 21, -46.6749241401, 170.46812083, 505.85090625
288, 42649, 0.002, 70.0, 1584527437, 2020-03-18 10:30:37, 0, 20, -35.4131648041, 167.130221044, 500.39428125
289, 42650, 1.5, 70.0, 1584527619, 2020-03-18 10:33:39, 6, 18, -23.9767933895, 164.406259641, 495.41078125
290, 42651, 1.5, 70.0, 1584527799, 2020-03-18 10:36:39, 2, 16, -12.6387655999, 162.031457508, 491.57121875
291, 42652, 1.5, 70.0, 1584527979, 2020-03-18 10:39:39, 20, 14, -1.28599452679, 159.795759008, 489.22040625
292, 42653, 1.5, 70.0, 1584528159, 2020-03-18 10:42:39, 78, 12, 10.0721649252, 157.572805641, 488.55440625
293, 42654, 1.5, 70.0, 1584528339, 2020-03-18 10:45:39, 3, 11, 21.4264400273, 155.240432644, 489.53715625
294, 42655, 0.002, 70.0, 1584528517, 2020-03-18 10:48:37, 0, 9, 32.6391005485, 152.668565893, 491.878625
295, 42656, 0.002, 70.0, 1584528697, 2020-03-18 10:51:37, 0, 7, 43.9429577555, 149.525859253, 495.20121875
296, 42657, 0.002, 70.0, 1584528877, 2020-03-18 10:54:37, 7, 5, 55.171952674, 145.247087248, 498.94475
297, 42658, 0.002, 70.0, 1584529057, 2020-03-18 10:57:37, 0, 3, 66.2161158435, 138.189398138, 502.5469375
298, 42659, 0.002, 70.0, 1584529237, 2020-03-18 11:00:37, 11, 2, 76.6105436079, 121.722481409, 505.51228125
299, 42661, 0.002, 70.0, 1584529597, 2020-03-18 11:06:37, 24, 2, 76.270823659, 4.61638142544, 508.3173125
300, 42662, 0.002, 70.0, 1584529780, 2020-03-18 11:09:40, 4, 2, 65.6640521435, -11.3701757825, 508.04159375
301, 42663, 0.002, 70.0, 1584529960, 2020-03-18 11:12:40, 2, 3, 54.6276378237, -18.1973707674, 506.9261875
302, 42664, 0.002, 70.0, 1584530137, 2020-03-18 11:15:37, 1, 4, 43.6112905996, -22.3308544035, 505.40175
303, 42665, 1.5, 70.0, 1584530319, 2020-03-18 11:18:39, 27, 5, 32.2175890843, -25.4758030536, 503.86759375
304, 42666, 1.5, 70.0, 1584530499, 2020-03-18 11:21:39, 1, 6, 20.9201607929, -28.0546314744, 502.847625
305, 42667, 1.5, 70.0, 1584530679, 2020-03-18 11:24:39, 0, 7, 9.61109300537, -30.3731408954, 502.6950625
306, 42668, 0.002, 70.0, 1584530857, 2020-03-18 11:27:37, 0, 9, -1.57418390005, -32.5637772223, 503.60834375
307, 42669, 0.002, 70.0, 1584531037, 2020-03-18 11:30:37, 0, 12, -12.8798345653, -34.794988288, 505.62759375
308, 42670, 0.002, 70.0, 1584531217, 2020-03-18 11:33:37, 87, 13, -24.1727532243, -37.1674749865, 508.5649375
309, 42671, 0.002, 70.0, 1584531397, 2020-03-18 11:36:37, 159, 14, -35.4423638628, -39.8585182927, 512.0551875
310, 42672, 0.002, 70.0, 1584531577, 2020-03-18 11:39:37, 46, 14, -46.6689306491, -43.1890995316, 515.60465625
311, 42673, 0.002, 70.0, 1584531757, 2020-03-18 11:42:37, 34, 15, -57.8061790516, -47.8867533779, 518.66528125
312, 42674, 0.002, 70.0, 1584531937, 2020-03-18 11:45:37, 0, 15, -68.7113137206, -56.1138118548, 520.71928125
313, 42675, 0.002, 70.0, 1584532117, 2020-03-18 11:48:37, 40, 16, -78.6852340586, -77.5616679402, 521.36146875
314, 42676, 0.002, 70.0, 1584532297, 2020-03-18 11:51:37, 3, 17, -82.1826255924, -149.000904573, 520.36625
315, 42677, 0.002, 70.0, 1584532477, 2020-03-18 11:54:37, 0, 18, -74.101200409, 167.700651122, 517.72853125
316, 42678, 0.002, 70.0, 1584532657, 2020-03-18 11:57:37, 0, 19, -63.4788628925, 155.057342593, 513.67171875
317, 42679, 0.002, 70.0, 1584532837, 2020-03-18 12:00:37, 3, 19, -52.4060744002, 148.99427929, 508.62046875
318, 42680, 0.002, 70.0, 1584533017, 2020-03-18 12:03:37, 5, 18, -41.1846097652, 145.092834255, 503.1429375
319, 42681, 0.002, 70.0, 1584533197, 2020-03-18 12:06:37, 0, 17, -29.8953076913, 142.124297439, 497.8704375
320, 42682, 0.002, 70.0, 1584533377, 2020-03-18 12:09:37, 0, 16, -18.569522162, 139.612030919, 493.40740625
321, 42683, 1.5, 70.0, 1584533559, 2020-03-18 12:12:39, 0, 15, -7.09703057269, 137.296446526, 490.2189375
322, 42684, 1.5, 70.0, 1584533739, 2020-03-18 12:15:39, 17, 13, 4.25947245172, 135.081593764, 488.68621875
323, 42685, 1.5, 70.0, 1584533919, 2020-03-18 12:18:39, 4, 11, 15.6169560352, 132.821730055, 488.8496875
324, 42686, 1.5, 70.0, 1584534099, 2020-03-18 12:21:39, 18, 10, 26.9652743585, 130.381972823, 490.56140625
325, 42687, 0.002, 70.0, 1584534457, 2020-03-18 12:27:37, 0, 6, 49.4386987157, 124.005089649, 497.03534375
326, 42688, 0.002, 70.0, 1584534637, 2020-03-18 12:30:37, 0, 4, 60.600095252, 118.707772514, 500.7806875
327, 42689, 0.002, 70.0, 1584534817, 2020-03-18 12:33:37, 61, 3, 71.4409373503, 108.638577867, 504.1281875
328, 42690, 0.002, 70.0, 1584534997, 2020-03-18 12:36:37, 2, 2, 80.7598835281, 78.2252686293, 506.6439375
329, 42691, 0.002, 70.0, 1584535177, 2020-03-18 12:39:37, 1, 3, 80.67510039, 1.12349888365, 508.06590625
330, 42692, 0.002, 70.0, 1584535357, 2020-03-18 12:42:37, 8, 5, 71.322822889, -28.7735174222, 508.34003125
331, 42693, 0.002, 70.0, 1584535537, 2020-03-18 12:45:37, 6, 6, 60.4936126029, -38.7397742879, 507.621375
332, 42694, 0.002, 70.0, 1584535717, 2020-03-18 12:48:37, 2, 7, 49.3569857475, -44.0040401372, 506.2405
333, 42695, 1.5, 70.0, 1584535899, 2020-03-18 12:51:39, 12, 9, 37.9904478946, -47.6113123393, 504.6245
334, 42696, 1.5, 70.0, 1584536079, 2020-03-18 12:54:39, 2, 10, 26.7048238776, -50.4146405404, 503.29146875
335, 42697, 1.5, 70.0, 1584536259, 2020-03-18 12:57:39, 2, 11, 15.4002170574, -52.8422912617, 502.651375
336, 42698, 0.002, 70.0, 1584536437, 2020-03-18 13:00:37, 0, 12, 4.21493065372, -55.0695715535, 502.9960625
337, 42699, 0.002, 70.0, 1584536617, 2020-03-18 13:03:37, 9, 14, -7.09431087674, -57.278318127, 504.45578125
338, 42700, 0.002, 70.0, 1584536797, 2020-03-18 13:06:37, 46, 15, -18.3948161684, -59.5609434416, 506.952875
339, 42701, 0.002, 70.0, 1584536977, 2020-03-18 13:09:37, 96, 16, -29.6780871852, -62.0610317342, 510.21025
340, 42702, 0.002, 70.0, 1584537157, 2020-03-18 13:12:37, 55, 17, -40.9302057092, -65.0088730777, 513.79209375
341, 42703, 0.002, 70.0, 1584537337, 2020-03-18 13:15:37, 8, 18, -52.1220990402, -68.8693916187, 517.1680625
342, 42704, 0.002, 70.0, 1584537517, 2020-03-18 13:18:37, 13, 19, -63.1768114368, -74.8320101596, 519.7943125
343, 42705, 0.002, 70.0, 1584537697, 2020-03-18 13:21:37, 2, 21, -73.8073383502, -87.1221227769, 521.1985
344, 42706, 0.002, 70.0, 1584537877, 2020-03-18 13:24:37, 10, 22, -82.0581112439, -128.679288625, 521.05615625
345, 42707, 0.002, 70.0, 1584538057, 2020-03-18 13:27:37, 0, 23, -78.9384155107, 158.724525799, 519.24621875
346, 42708, 0.002, 70.0, 1584538237, 2020-03-18 13:30:37, 0, 23, -69.0144580065, 136.457508051, 515.87625
347, 42709, 0.002, 70.0, 1584538417, 2020-03-18 13:33:37, 0, 23, -58.1007582803, 128.050228203, 511.27334375
348, 42711, 0.002, 70.0, 1584539221, 2020-03-18 13:47:01, 0, 17, -7.73496896043, 113.787522803, 490.35353125
349, 42712, 0.002, 70.0, 1584539396, 2020-03-18 13:49:56, 0, 16, 3.30569608497, 111.633219667, 488.75365625
350, 42713, 0.002, 70.0, 1584539576, 2020-03-18 13:52:56, 0, 14, 14.6634308913, 109.381832222, 488.78284375
351, 42714, 0.002, 70.0, 1584539756, 2020-03-18 13:55:56, 0, 12, 26.0129444978, 106.963569596, 490.38071875
352, 42715, 0.002, 70.0, 1584539936, 2020-03-18 13:58:56, 0, 10, 37.3401489989, 104.183300114, 493.21065625
353, 42716, 0.002, 70.0, 1584540116, 2020-03-18 14:01:56, 0, 9, 48.6197282984, 100.672787787, 496.78453125
354, 42717, 0.002, 70.0, 1584540296, 2020-03-18 14:04:56, 1, 7, 59.7932040243, 95.5586904763, 500.5413125
355, 42718, 0.002, 70.0, 1584540476, 2020-03-18 14:07:56, 18, 6, 70.6733197103, 86.0685182862, 503.935875
356, 42719, 0.002, 70.0, 1584540656, 2020-03-18 14:10:56, 0, 6, 80.2299223203, 58.5507721239, 506.5240625
357, 42720, 0.002, 70.0, 1584540836, 2020-03-18 14:13:56, 1, 7, 81.1661431799, -18.1804540964, 508.029625
358, 42721, 0.002, 70.0, 1584541016, 2020-03-18 14:16:56, 1, 7, 72.0848944154, -51.2745169605, 508.38290625
359, 42722, 0.002, 70.0, 1584541196, 2020-03-18 14:19:56, 38, 8, 61.2980859436, -61.8704831167, 507.72453125
360, 42723, 0.002, 70.0, 1584541376, 2020-03-18 14:22:56, 1, 9, 50.1738797873, -67.3293000743, 506.37415625
361, 42724, 1.5, 70.0, 1584541558, 2020-03-18 14:25:58, 123, 10, 38.8122904063, -71.0182715841, 504.75303125
362, 42725, 1.5, 70.0, 1584541738, 2020-03-18 14:28:58, 17, 11, 27.5288315593, -73.8605113729, 503.37990625
363, 42726, 1.5, 70.0, 1584541918, 2020-03-18 14:31:58, 21, 12, 16.225122909, -76.3075222654, 502.67159375
364, 42727, 0.002, 70.0, 1584542096, 2020-03-18 14:34:56, 0, 13, 5.04000213742, -78.5426606898, 502.932375
365, 42728, 0.002, 70.0, 1584542276, 2020-03-18 14:37:56, 0, 15, -6.26961377278, -80.7506900935, 504.3050625
366, 42729, 0.002, 70.0, 1584542456, 2020-03-18 14:40:56, 0, 16, -17.5710390055, -83.0236404452, 506.72809375
367, 42730, 0.002, 70.0, 1584542636, 2020-03-18 14:43:56, 2, 17, -28.8559885413, -85.5016672267, 509.938125
368, 42731, 0.002, 70.0, 1584542816, 2020-03-18 14:46:56, 1, 17, -40.1111464995, -88.4054401897, 513.5091875
369, 42732, 0.002, 70.0, 1584542996, 2020-03-18 14:49:56, 11, 18, -51.3091665102, -92.1733891769, 516.91540625
370, 42733, 0.002, 70.0, 1584543176, 2020-03-18 14:52:56, 11, 18, -62.3790385117, -97.9058303428, 519.611125
371, 42734, 0.002, 70.0, 1584543356, 2020-03-18 14:55:56, 6, 19, -73.0642752403, -109.398668639, 521.116125
372, 42735, 0.002, 70.0, 1584543536, 2020-03-18 14:58:56, 65, 19, -81.7017597844, -146.941875747, 521.093
373, 42736, 0.002, 70.0, 1584543716, 2020-03-18 15:01:56, 2, 19, -79.5453666108, 138.188359949, 519.40459375
374, 42737, 0.002, 70.0, 1584543896, 2020-03-18 15:04:56, 0, 18, -69.7894864017, 113.734165365, 516.14171875
375, 42738, 0.002, 70.0, 1584544076, 2020-03-18 15:07:56, 0, 17, -58.9075675457, 104.858908275, 511.6164375
376, 42739, 0.002, 70.0, 1584544256, 2020-03-18 15:10:56, 0, 16, -47.7564880101, 99.9412472057, 506.32134375
377, 42740, 0.002, 70.0, 1584544436, 2020-03-18 15:13:56, 3, 15, -36.5010944104, 96.5134416391, 500.861125
378, 42741, 0.002, 70.0, 1584544616, 2020-03-18 15:16:56, 0, 13, -25.1939894485, 93.7729989897, 495.8666875
379, 42742, 1.5, 70.0, 1584544798, 2020-03-18 15:19:58, 7, 11, -13.7320586123, 91.3486506649, 491.86834375
380, 42743, 1.5, 70.0, 1584544978, 2020-03-18 15:22:58, 12, 10, -2.38026585704, 89.1054526172, 489.37940625
381, 42744, 1.5, 70.0, 1584545158, 2020-03-18 15:25:58, 5, 8, 8.97771675711, 86.8863651373, 488.5660625
382, 42745, 1.5, 70.0, 1584545338, 2020-03-18 15:28:58, 20, 6, 20.332716713, 84.5705553486, 489.41409375
383, 42746, 1.5, 70.0, 1584545518, 2020-03-18 15:31:58, 1, 4, 31.6732537434, 82.0028959946, 491.68525
384, 42747, 1.5, 70.0, 1584545698, 2020-03-18 15:34:58, 34, 3, 42.980997328, 78.9228495096, 494.95840625
385, 42748, 0.002, 70.0, 1584545876, 2020-03-18 15:37:56, 0, 1, 54.0945620496, 74.836251707, 498.6560625
386, 42749, 0.002, 70.0, 1584546056, 2020-03-18 15:40:56, 0, 0, 65.1659196172, 68.1892891926, 502.3019375
387, 42750, 0.002, 70.0, 1584546236, 2020-03-18 15:43:56, 0, -1, 75.6757502578, 53.348476581, 505.3503125
388, 42751, 0.002, 70.0, 1584546416, 2020-03-18 15:46:56, 0, -1, 82.6239855863, -0.168654712863, 507.432125
389, 42752, 0.002, 70.0, 1584546596, 2020-03-18 15:49:56, 0, 0, 77.1887601022, -63.540443878, 508.36934375
390, 42753, 0.002, 70.0, 1584546956, 2020-03-18 15:55:56, 4, 2, 55.8888459141, -88.5080228008, 507.14825
391, 42754, 0.002, 70.0, 1584547136, 2020-03-18 15:58:56, 0, 3, 44.6969355076, -92.8887763603, 505.61078125
392, 42755, 0.002, 70.0, 1584547316, 2020-03-18 16:01:56, 2, 4, 33.4330485677, -96.0765964003, 504.05325
393, 42756, 0.002, 70.0, 1584547496, 2020-03-18 16:04:56, 2, 5, 22.1377922764, -98.6963222863, 502.9435625
394, 42757, 0.002, 70.0, 1584547676, 2020-03-18 16:07:56, 2, 6, 10.8294783711, -101.034179926, 502.66690625
395, 42758, 0.002, 70.0, 1584547856, 2020-03-18 16:10:56, 1, 7, -0.481635911902, -103.254408047, 503.458125
396, 42759, 0.002, 70.0, 1584548036, 2020-03-18 16:13:56, 1, 9, -11.7881696992, -105.47901432, 505.35875
397, 42760, 0.002, 70.0, 1584548216, 2020-03-18 16:16:56, 0, 10, -23.082820665, -107.831420262, 508.20490625
398, 42761, 0.002, 70.0, 1584548396, 2020-03-18 16:19:56, 1, 12, -34.3554929357, -110.481123848, 511.64759375
399, 42762, 0.002, 70.0, 1584548576, 2020-03-18 16:22:56, 0, 13, -45.5877902508, -113.728298232, 515.2031875
400, 42763, 0.002, 70.0, 1584548936, 2020-03-18 16:28:56, 0, 16, -67.6785686276, -125.928771447, 520.4908125
401, 42764, 0.002, 70.0, 1584549706, 2020-03-18 16:41:46, 0, 20, -61.4890853535, 82.7803900881, 512.7401875
402, 42765, 0.002, 70.0, 1584549886, 2020-03-18 16:44:46, 0, 20, -50.3780204811, 77.27641875, 507.5775625
403, 42766, 0.002, 70.0, 1584550066, 2020-03-18 16:47:46, 1, 19, -39.1403512223, 73.600909543, 502.10346875
404, 42767, 1.5, 70.0, 1584550248, 2020-03-18 16:50:48, 37, 18, -27.7168939879, 70.7110633357, 496.8975
405, 42768, 1.5, 70.0, 1584550428, 2020-03-18 16:53:48, 30, 16, -16.3860797318, 68.2556649709, 492.6683125
406, 42769, 1.5, 70.0, 1584550608, 2020-03-18 16:56:48, 2, 14, -5.03703313957, 65.9893467329, 489.81621875
407, 42770, 1.5, 70.0, 1584550788, 2020-03-18 16:59:48, 17, 12, 6.32028438491, 63.7751086873, 488.60925
408, 42771, 1.5, 70.0, 1584550968, 2020-03-18 17:02:48, 19, 11, 17.6768454659, 61.4937708633, 489.08759375
409, 42772, 1.5, 70.0, 1584551148, 2020-03-18 17:05:48, 26, 9, 29.0219997042, 59.0028008733, 491.06275
410, 42773, 1.5, 70.0, 1584551328, 2020-03-18 17:08:48, 37, 7, 40.3396641385, 56.0762833804, 494.15084375
411, 42774, 0.002, 70.0, 1584551506, 2020-03-18 17:11:46, 0, 5, 51.4744605032, 52.3120705066, 497.793625
412, 42775, 0.002, 70.0, 1584551686, 2020-03-18 17:14:46, 0, 3, 62.6011699239, 46.4968576933, 501.5123125
413, 42776, 0.002, 70.0, 1584551866, 2020-03-18 17:17:46, 20, 2, 73.3234604287, 34.7018757342, 504.74109375
414, 42777, 0.002, 70.0, 1584552226, 2020-03-18 17:23:46, 2, 3, 79.270533459, -78.709802249, 508.28184375
415, 42778, 0.002, 70.0, 1584552406, 2020-03-18 17:26:46, 1, 4, 69.4052950911, -102.15795095, 508.35275
416, 42779, 0.002, 70.0, 1584552586, 2020-03-18 17:29:46, 36, 4, 58.4884398176, -110.804478664, 507.47615625
417, 42780, 0.002, 70.0, 1584552766, 2020-03-18 17:32:46, 3, 5, 47.3250386207, -115.640894634, 506.00884375
418, 42781, 0.002, 70.0, 1584552946, 2020-03-18 17:35:46, 6, 6, 36.0730191344, -119.030867782, 504.4079375
419, 42782, 1.5, 70.0, 1584553128, 2020-03-18 17:38:48, 118, 8, 24.6574627213, -121.778584583, 503.138875
420, 42783, 1.5, 70.0, 1584553308, 2020-03-18 17:41:48, 31, 10, 13.3510168727, -124.162443547, 502.6443125
421, 42784, 0.002, 70.0, 1584553486, 2020-03-18 17:44:46, 0, 12, 2.16551232984, -126.373129894, 503.1686875
422, 42786, 0.002, 70.0, 1584556688, 2020-03-18 18:38:08, 0, 9, 20.6967213995, 37.224250934, 489.49275
423, 42787, 0.002, 70.0, 1584556868, 2020-03-18 18:41:08, 0, 8, 32.0364422222, 34.6450861263, 491.8130625
424, 42788, 0.002, 70.0, 1584557047, 2020-03-18 18:44:07, 0, 6, 43.2798829909, 31.5614640372, 495.0979375
425, 42789, 0.002, 70.0, 1584558076, 2020-03-18 19:01:16, 251, 12, 69.5309569114, -125.643856936, 508.3835625
426, 42790, 0.002, 70.0, 1584558256, 2020-03-18 19:04:16, 232, 10, 58.6192516005, -134.366951071, 507.51328125
427, 42791, 0.002, 70.0, 1584558436, 2020-03-18 19:07:16, 19, 10, 47.4575272151, -139.229007571, 506.0464375
428, 42792, 0.002, 70.0, 1584558616, 2020-03-18 19:10:16, 1, 11, 36.2062214836, -142.630141249, 504.43953125
429, 42793, 0.002, 70.0, 1584558796, 2020-03-18 19:13:16, 0, 12, 24.9165591173, -145.355414048, 503.1689375
430, 42794, 0.002, 70.0, 1584558976, 2020-03-18 19:16:16, 0, 14, 13.610353179, -147.744491276, 502.647625
431, 42795, 1.5, 70.0, 1584559158, 2020-03-18 19:19:18, 23, 15, 2.1735106948, -150.006062532, 503.16484375
432, 42796, 1.5, 70.0, 1584559338, 2020-03-18 19:22:18, 4, 17, -9.13475475894, -152.219235068, 504.80084375
433, 42797, 0.002, 70.0, 1584560015, 2020-03-18 19:33:35, 1, 19, -51.4719401634, -163.142196531, 516.88428125
434, 42798, 0.002, 70.0, 1584560195, 2020-03-18 19:36:35, 457, 20, -62.539144976, -168.919498379, 519.5584375
435, 42799, 0.002, 70.0, 1584560375, 2020-03-18 19:39:35, 31, 22, -73.214177402, 179.434164794, 521.03896875
436, 42800, 0.002, 70.0, 1584560555, 2020-03-18 19:42:35, 0, 24, -81.778940922, 141.111134498, 520.99115625
437, 42801, 0.002, 70.0, 1584560735, 2020-03-18 19:45:35, 0, 26, -79.4254148286, 66.6326480998, 519.281125
438, 42802, 0.002, 70.0, 1584560915, 2020-03-18 19:48:35, 1, 27, -69.6332868056, 42.6417691527, 516.00296875
439, 42803, 0.002, 70.0, 1584561095, 2020-03-18 19:51:35, 2, 27, -58.7444421378, 33.8644808817, 511.4715
440, 42804, 0.002, 70.0, 1584561275, 2020-03-18 19:54:35, 5, 26, -47.5909105643, 28.9794647011, 506.18125
441, 42805, 0.002, 70.0, 1584561455, 2020-03-18 19:57:35, 6, 25, -36.3343148513, 25.565812994, 500.7375625
442, 42806, 0.002, 70.0, 1584561635, 2020-03-18 20:00:35, 0, 23, -25.0265371157, 22.8323251848, 495.77040625
443, 42807, 1.5, 70.0, 1584561817, 2020-03-18 20:03:37, 0, 21, -13.5642229351, 20.4114141526, 491.80840625
444, 42808, 1.5, 70.0, 1584561997, 2020-03-18 20:06:37, 7, 18, -2.21226497471, 18.169445539, 489.360625
445, 42809, 1.5, 70.0, 1584562177, 2020-03-18 20:09:37, 1, 16, 9.14569330689, 15.9498423798, 488.5896875
446, 42810, 1.5, 70.0, 1584562357, 2020-03-18 20:12:37, 23, 14, 20.5004695741, 13.6315967749, 489.47715625
447, 42811, 1.5, 70.0, 1584562538, 2020-03-18 20:15:38, 8, 12, 31.903455024, 11.0432752449, 491.79709375
448, 42812, 1.5, 70.0, 1584562717, 2020-03-18 20:18:37, 1, 10, 43.1473807361, 7.96812088281, 495.07746875
449, 42813, 0.002, 70.0, 1584562895, 2020-03-18 20:21:35, 3, 8, 54.2592276652, 3.85909999612, 498.78721875
450, 42814, 0.002, 70.0, 1584563075, 2020-03-18 20:24:35, 0, 6, 65.3263334401, -2.84750138229, 502.43425
451, 42815, 0.002, 70.0, 1584563255, 2020-03-18 20:27:35, 0, 5, 75.8195530606, -17.9192779079, 505.473875
452, 42816, 0.002, 70.0, 1584563435, 2020-03-18 20:30:35, 0, 4, 82.6424475877, -72.3831346254, 507.53946875
453, 42817, 0.002, 70.0, 1584563615, 2020-03-18 20:33:35, 1, 4, 77.0514459791, -134.884078353, 508.456
454, 42818, 0.002, 70.0, 1584563795, 2020-03-18 20:36:35, 160, 4, 66.733680258, -152.220573786, 508.26153125
455, 42819, 0.002, 70.0, 1584563975, 2020-03-18 20:39:35, 6, 5, 55.7264786572, -159.489684571, 507.19290625
456, 42820, 0.002, 70.0, 1584564155, 2020-03-18 20:42:35, 5, 6, 44.5331885525, -163.845022997, 505.639125
457, 42821, 0.002, 70.0, 1584564335, 2020-03-18 20:45:35, 3, 7, 33.2687859333, -167.021334168, 504.070125
458, 42822, 1.5, 70.0, 1584564517, 2020-03-18 20:48:37, 14, 8, 21.847734633, -169.662445376, 502.94553125
459, 42823, 1.5, 70.0, 1584603904, 2020-03-19 07:45:04, 27, 3, 41.7751103547, 29.8585237076, 505.34709375
460, 42824, 1.5, 70.0, 1584604084, 2020-03-19 07:48:04, 115, 6, 30.5009337348, 26.8583938509, 503.81196875
461, 42825, 1.5, 70.0, 1584604264, 2020-03-19 07:51:04, 3, 8, 19.2012566036, 24.3324208489, 502.83121875
462, 42826, 1.5, 70.0, 1584604444, 2020-03-19 07:54:04, 15, 10, 7.89148701411, 22.0382747127, 502.75884375
463, 42828, 0.002, 70.0, 1584604802, 2020-03-19 08:00:02, 0, 13, -14.5981633112, 17.6085538195, 505.8705
464, 42829, 0.002, 70.0, 1584604982, 2020-03-19 08:03:02, 0, 15, -25.8889560738, 15.2010777695, 508.85290625
465, 42830, 0.002, 70.0, 1584605833, 2020-03-19 08:17:13, 94, 20, -77.6171222461, -20.5865897218, 520.98165625
466, 42831, 0.002, 70.0, 1584606013, 2020-03-19 08:20:13, 2, 21, -82.5495501848, -86.2639778097, 520.19159375
467, 42832, 0.002, 70.0, 1584606193, 2020-03-19 08:23:13, 9, 22, -75.2937924191, -136.960701748, 517.76196875
468, 42833, 0.002, 70.0, 1584606373, 2020-03-19 08:26:13, 11397, 23, -64.7813526463, -151.188668806, 513.88890625
469, 42834, 0.002, 70.0, 1584606553, 2020-03-19 08:29:13, 16, 24, -53.736837722, -157.683031234, 508.9744375
470, 42835, 0.002, 70.0, 1584606733, 2020-03-19 08:32:13, 9, 23, -42.5263355406, -161.752485262, 503.5718125
471, 42836, 1.5, 70.0, 1584606915, 2020-03-19 08:35:15, 33, 22, -31.1167162695, -164.830182162, 498.25196875
472, 42837, 1.5, 70.0, 1584607095, 2020-03-19 08:38:15, 0, 20, -19.7935484102, -167.377992986, 493.7469375
473, 42838, 1.5, 70.0, 1584607275, 2020-03-19 08:41:15, 25, 18, -8.44870323803, -169.684793755, 490.500875
474, 42839, 1.5, 70.0, 1584607455, 2020-03-19 08:44:15, 7, 16, 2.90699489128, -171.902119046, 488.8424375
475, 42840, 1.5, 70.0, 1584607635, 2020-03-19 08:47:15, 1, 14, 14.2645119853, -174.150193849, 488.87965625
476, 42841, 1.5, 70.0, 1584607815, 2020-03-19 08:50:15, 74, 12, 25.6139914409, -176.559775305, 490.4884375
477, 42842, 0.002, 70.0, 1584607993, 2020-03-19 08:53:13, 2, 10, 36.815928565, -179.288763727, 493.29946875
478, 42843, 0.002, 70.0, 1584608173, 2020-03-19 08:56:13, 0, 8, 48.0977276761, 177.247916864, 496.89478125
479, 42844, 0.002, 70.0, 1584608353, 2020-03-19 08:59:13, 7, 6, 59.2775247421, 172.244448127, 500.68775
480, 42845, 0.002, 70.0, 1584608533, 2020-03-19 09:02:13, 19, 5, 70.1797224297, 163.096229358, 504.12940625
481, 42846, 0.002, 70.0, 1584608713, 2020-03-19 09:05:13, 0, 4, 79.8689673133, 137.255588335, 506.76853125
482, 42847, 0.002, 70.0, 1584608893, 2020-03-19 09:08:13, 0, 4, 81.4535643703, 61.2330762031, 508.319875
483, 42848, 0.002, 70.0, 1584609073, 2020-03-19 09:11:13, 412, 5, 72.5717639597, 25.88909097, 508.70409375
484, 42849, 1.5, 70.0, 1584609435, 2020-03-19 09:17:15, 70, 6, 50.5764408916, 9.21270770792, 506.66290625
485, 42850, 1.5, 70.0, 1584609615, 2020-03-19 09:20:15, 6, 8, 39.3432249161, 5.51716256787, 505.004875
486, 42851, 1.5, 70.0, 1584609795, 2020-03-19 09:23:15, 2, 9, 28.06169389, 2.64879495767, 503.548
487, 42852, 1.5, 70.0, 1584609975, 2020-03-19 09:26:15, 8, 11, 16.7588612114, 0.188731867162, 502.73265625
488, 42853, 1.5, 70.0, 1584610155, 2020-03-19 09:29:15, 11, 14, 5.44823272566, -2.07648038714, 502.882125
489, 42854, 0.002, 70.0, 1584610962, 2020-03-19 09:42:42, 62, 19, -45.1314584822, -13.5571169771, 514.7976875
490, 42856, 0.002, 70.0, 1584611322, 2020-03-19 09:48:42, 18, 22, -67.2427205964, -25.4765151008, 520.1086875
491, 42857, 0.002, 70.0, 1584611502, 2020-03-19 09:51:42, 353, 23, -77.4580608007, -43.668677849, 520.951
492, 42858, 0.002, 70.0, 1584611682, 2020-03-19 09:54:42, 203, 24, -82.5834757344, -108.38486366, 520.19015625
493, 42859, 0.002, 70.0, 1584611862, 2020-03-19 09:57:42, 4, 25, -75.4639051105, -160.188016772, 517.7894375
494, 42860, 0.002, 70.0, 1584612042, 2020-03-19 10:00:42, 41, 25, -64.9693604333, -174.670804528, 513.941125
495, 42861, 0.002, 70.0, 1584612222, 2020-03-19 10:03:42, 7, 24, -53.9293295283, 178.767633954, 509.04390625
496, 42862, 0.002, 70.0, 1584612402, 2020-03-19 10:06:42, 1, 23, -42.7205587999, 174.672471094, 503.6489375
497, 42863, 1.5, 70.0, 1584612584, 2020-03-19 10:09:44, 47, 21, -31.3117967174, 171.58272574, 498.32640625
498, 42864, 1.5, 70.0, 1584612764, 2020-03-19 10:12:44, 6, 19, -19.9890950186, 169.028986312, 493.80925
499, 42865, 1.5, 70.0, 1584612944, 2020-03-19 10:15:44, 0, 17, -8.64451280868, 166.719480788, 490.54384375
500, 42866, 1.5, 70.0, 1584613124, 2020-03-19 10:18:44, 5, 15, 2.71106643265, 164.501650063, 488.86221875
501, 42867, 1.5, 70.0, 1584613304, 2020-03-19 10:21:44, 30, 13, 14.0686016694, 162.255132543, 488.87609375
502, 42868, 1.5, 70.0, 1584613484, 2020-03-19 10:24:44, 1, 11, 25.4182740778, 159.849703842, 490.465125
503, 42869, 0.002, 70.0, 1584613662, 2020-03-19 10:27:42, 0, 9, 36.6206807775, 157.128993609, 493.26303125
504, 42870, 0.002, 70.0, 1584613842, 2020-03-19 10:30:42, 0, 7, 47.9035317376, 153.682767022, 496.8534375
505, 42871, 0.002, 70.0, 1584614202, 2020-03-19 10:36:42, 21, 4, 69.9962089071, 139.692190019, 504.1038125
506, 42872, 0.002, 70.0, 1584614382, 2020-03-19 10:39:42, 0, 4, 79.7315507374, 114.438501302, 506.76015625
507, 42873, 0.002, 70.0, 1584614562, 2020-03-19 10:42:42, 1, 3, 81.5537017737, 38.7672043276, 508.3308125
508, 42874, 0.002, 70.0, 1584614742, 2020-03-19 10:45:42, 20, 4, 72.7506944254, 2.55163146131, 508.73275
509, 42875, 0.002, 70.0, 1584614925, 2020-03-19 10:48:45, 2, 5, 61.8228288869, -8.77679735119, 508.076625
510, 42876, 0.002, 70.0, 1584615102, 2020-03-19 10:51:42, 0, 6, 50.8946389144, -14.2970732047, 506.7271875
511, 42877, 0.002, 70.0, 1584615282, 2020-03-19 10:54:42, 3, 8, 39.6635232221, -18.0264521137, 505.0658125
512, 42878, 1.5, 70.0, 1584615464, 2020-03-19 10:57:44, 20, 9, 28.2574385739, -20.9402347189, 503.57790625
513, 42879, 1.5, 70.0, 1584615644, 2020-03-19 11:00:44, 7, 11, 16.9548586123, -23.405215839, 502.74259375
514, 42880, 1.5, 70.0, 1584615824, 2020-03-19 11:03:44, 1, 13, 5.64428647557, -25.6725142092, 502.86771875
515, 42881, 0.002, 70.0, 1584616182, 2020-03-19 11:09:42, 36, 17, -16.8427325193, -30.1208576132, 506.37603125
516, 42882, 0.002, 70.0, 1584616362, 2020-03-19 11:12:42, 163, 18, -28.129719159, -32.5804121481, 509.48203125
517, 42883, 0.002, 70.0, 1584616542, 2020-03-19 11:15:42, 165, 20, -39.3882426929, -35.4472542782, 512.98928125
518, 42884, 0.002, 70.0, 1584616722, 2020-03-19 11:18:42, 61, 21, -50.5923279116, -39.1381928825, 516.37828125
519, 42885, 0.002, 70.0, 1584616902, 2020-03-19 11:21:42, 52, 22, -61.6756792914, -44.6822847519, 519.10359375
520, 42886, 0.002, 70.0, 1584617082, 2020-03-19 11:24:42, 14, 23, -72.4052439478, -55.5423811534, 520.67940625
521, 42887, 0.002, 70.0, 1584617262, 2020-03-19 11:27:42, 1445, 24, -81.3359007015, -89.8667045209, 520.75778125
522, 42888, 0.002, 70.0, 1584617442, 2020-03-19 11:30:42, 0, 25, -80.0504795904, -166.052225947, 519.18759375
523, 42889, 0.002, 70.0, 1584617622, 2020-03-19 11:33:42, 0, 26, -70.4634075066, 167.336178568, 516.04446875
524, 42890, 0.002, 70.0, 1584617802, 2020-03-19 11:36:42, 27, 26, -59.6109404264, 158.013352842, 511.6263125
525, 42891, 0.002, 70.0, 1584617982, 2020-03-19 11:39:42, 2, 26, -48.4689894386, 152.948904177, 506.414625
526, 42892, 0.002, 70.0, 1584618162, 2020-03-19 11:42:42, 5, 25, -37.2174070844, 149.458035474, 501.00753125
527, 42893, 0.002, 70.0, 1584618342, 2020-03-19 11:45:42, 0, 24, -25.9122214056, 146.68674086, 496.03459375
528, 42894, 1.5, 70.0, 1584618524, 2020-03-19 11:48:44, 27, 22, -14.4513996214, 144.247106572, 492.02990625
529, 42895, 1.5, 70.0, 1584618704, 2020-03-19 11:51:44, 6, 20, -3.10027110207, 141.99833509, 489.5151875
530, 42896, 1.5, 70.0, 1584618884, 2020-03-19 11:54:44, 18, 18, 8.25736487997, 139.781214705, 488.66771875
531, 42897, 1.5, 70.0, 1584619064, 2020-03-19 11:57:44, 44, 16, 19.6123981331, 137.475588728, 489.485
532, 42898, 0.002, 70.0, 1584619242, 2020-03-19 12:00:42, 0, 14, 30.8277309657, 134.960480849, 491.70778125
533, 42899, 0.002, 70.0, 1584619422, 2020-03-19 12:03:42, 0, 12, 42.13798806, 131.932384783, 494.97675
534, 42900, 0.002, 70.0, 1584619602, 2020-03-19 12:06:42, 14, 10, 53.3821528287, 127.902177022, 498.7425625
535, 42901, 0.002, 70.0, 1584619782, 2020-03-19 12:09:42, 25, 8, 64.4689397937, 121.50371045, 502.43840625
536, 42902, 0.002, 70.0, 1584619962, 2020-03-19 12:12:42, 0, 7, 75.0441080238, 107.608674133, 505.5513125
537, 42903, 0.002, 70.0, 1584620142, 2020-03-19 12:15:42, 0, 7, 82.5000176529, 58.2102871938, 507.70115625
538, 42904, 0.002, 70.0, 1584620322, 2020-03-19 12:18:42, 2, 8, 77.781763956, -8.74854171237, 508.69678125
539, 42905, 0.002, 70.0, 1584620502, 2020-03-19 12:21:42, 258, 9, 67.5848925832, -27.7436102728, 508.55996875
540, 42906, 0.002, 70.0, 1584620682, 2020-03-19 12:24:42, 0, 11, 56.6040725881, -35.4045211997, 507.51409375
541, 42907, 0.002, 70.0, 1584620862, 2020-03-19 12:27:42, 0, 12, 45.4201842388, -39.9008210693, 505.93971875
542, 42908, 1.5, 70.0, 1584621044, 2020-03-19 12:30:44, 0, 13, 34.0346140637, -43.1726012096, 504.2883125
543, 42909, 1.5, 70.0, 1584621224, 2020-03-19 12:33:44, 3, 14, 22.7408740744, -45.8136714368, 503.07325
544, 42910, 1.5, 70.0, 1584621404, 2020-03-19 12:36:44, 1, 15, 11.4331313436, -48.1617743599, 502.6700625
545, 42911, 0.002, 70.0, 1584621582, 2020-03-19 12:39:42, 0, 17, 0.247567810356, -50.3605659327, 503.31246875
546, 42912, 0.002, 70.0, 1584621762, 2020-03-19 12:42:42, 0, 19, -11.0597838121, -52.5814224316, 505.0710625
547, 42913, 0.002, 70.0, 1584621942, 2020-03-19 12:45:42, 73, 21, -22.3560048676, -54.9213530334, 507.79678125
548, 42914, 0.002, 70.0, 1584622122, 2020-03-19 12:48:42, 142, 23, -33.6312709027, -57.5450950707, 511.154125
549, 42915, 0.002, 70.0, 1584622482, 2020-03-19 12:54:42, 76, 26, -56.0263410372, -65.1342890112, 517.7969375
550, 42916, 0.002, 70.0, 1584622662, 2020-03-19 12:57:42, 1, 28, -66.9899489556, -72.5022941057, 520.0130625
551, 42917, 0.002, 70.0, 1584622842, 2020-03-19 13:00:42, 284, 29, -77.2405807474, -90.2093819417, 520.88946875
552, 42918, 0.002, 70.0, 1584623022, 2020-03-19 13:03:42, 1, 30, -82.6213696239, -153.580764977, 520.16853125
553, 42919, 0.002, 70.0, 1584623202, 2020-03-19 13:06:42, 0, 31, -75.69352241, 153.109850755, 517.8081875
554, 42920, 0.002, 70.0, 1584623382, 2020-03-19 13:09:42, 0, 32, -65.2240650176, 138.26999437, 513.9953125
555, 42921, 0.002, 70.0, 1584624519, 2020-03-19 13:28:39, 0, 19, 5.91610153752, 116.60697025, 488.71003125
556, 42922, 0.002, 70.0, 1584624699, 2020-03-19 13:31:39, 0, 17, 17.2724419181, 114.330242804, 489.20115625
557, 42923, 0.002, 70.0, 1584624879, 2020-03-19 13:34:39, 0, 15, 28.6175927412, 111.84998255, 491.1926875
558, 42924, 0.002, 70.0, 1584625059, 2020-03-19 13:37:39, 0, 14, 39.9358018831, 108.944911851, 494.3043125
559, 42925, 0.002, 70.0, 1584625239, 2020-03-19 13:40:39, 0, 12, 51.1971514078, 105.175542185, 498.021125
560, 42926, 0.002, 70.0, 1584625419, 2020-03-19 13:43:39, 11, 10, 62.3278530741, 99.4373841507, 501.776
561, 42927, 0.002, 70.0, 1584625599, 2020-03-19 13:46:39, 4, 9, 73.0672327122, 87.9080999653, 505.03865625
562, 42928, 0.002, 70.0, 1584625779, 2020-03-19 13:49:39, 0, 9, 81.7264714088, 50.0450829101, 507.3978125
563, 42929, 0.002, 70.0, 1584625959, 2020-03-19 13:52:39, 1, 8, 79.4784512475, -24.8603551981, 508.62240625
564, 42930, 0.002, 70.0, 1584626139, 2020-03-19 13:55:39, 170, 9, 69.674138167, -49.0858545583, 508.6925625
565, 42931, 0.002, 70.0, 1584626319, 2020-03-19 13:58:39, 1475, 9, 58.7692425547, -57.8973074355, 507.79490625
566, 42932, 0.002, 70.0, 1584626499, 2020-03-19 14:01:39, 0, 9, 47.6101853581, -62.7889386543, 506.28434375
567, 42933, 0.002, 70.0, 1584626679, 2020-03-19 14:04:39, 0, 10, 36.3602695701, -66.2029267482, 504.6183125
568, 42934, 1.5, 70.0, 1584627041, 2020-03-19 14:10:41, 9, 13, 13.6398305679, -71.3521995326, 502.6721875
569, 42935, 0.002, 70.0, 1584627219, 2020-03-19 14:13:39, 0, 14, 2.45431642013, -73.5649759177, 503.09390625
570, 42936, 0.002, 70.0, 1584627399, 2020-03-19 14:16:39, 0, 16, -8.85435927185, -75.7773493217, 504.63453125
571, 42937, 0.002, 70.0, 1584627579, 2020-03-19 14:19:39, 1, 18, -20.1534344926, -78.0832075248, 507.18728125
572, 42938, 0.002, 70.0, 1584627759, 2020-03-19 14:22:39, 4, 19, -31.4338726885, -80.6345768776, 510.45053125
573, 42939, 0.002, 70.0, 1584627939, 2020-03-19 14:25:39, 25, 20, -42.6802538536, -83.6847481153, 513.971875
574, 42940, 0.002, 70.0, 1584628119, 2020-03-19 14:28:39, 8, 21, -53.8592483723, -87.7632316531, 517.21578125
575, 42941, 0.002, 70.0, 1584628299, 2020-03-19 14:31:39, 27, 23, -64.8788057853, -94.283767366, 519.64571875
576, 42942, 0.002, 70.0, 1584628479, 2020-03-19 14:34:39, 358, 24, -75.3694435943, -108.61376379, 520.80896875
577, 42943, 0.002, 70.0, 1584628659, 2020-03-19 14:37:39, 438, 26, -82.5643033934, -159.760214704, 520.41034375
578, 42944, 0.002, 70.0, 1584628839, 2020-03-19 14:40:39, 0, 27, -77.5477616751, 134.948801226, 518.363625
579, 42945, 0.002, 70.0, 1584629019, 2020-03-19 14:43:39, 0, 28, -67.3350579238, 116.538203906, 514.81153125
580, 42946, 0.002, 70.0, 1584629199, 2020-03-19 14:46:39, 3032, 28, -56.3608495518, 109.002565478, 510.11103125
581, 42947, 0.002, 70.0, 1584629379, 2020-03-19 14:49:39, 2, 28, -45.1769168062, 104.547028178, 504.78559375
582, 42948, 0.002, 70.0, 1584629559, 2020-03-19 14:52:39, 0, 27, -33.9058445073, 101.323137909, 499.4515625
583, 42949, 0.002, 70.0, 1584629739, 2020-03-19 14:55:39, 0, 25, -22.5901130164, 98.6834337193, 494.7300625
584, 42950, 1.5, 70.0, 1584629921, 2020-03-19 14:58:41, 55, 23, -11.1233190855, 96.3083788697, 491.12640625
585, 42951, 1.5, 70.0, 1584630101, 2020-03-19 15:01:41, 16, 21, 0.230631849383, 94.0812181062, 489.0986875
586, 42952, 1.5, 70.0, 1584630281, 2020-03-19 15:04:41, 6, 19, 11.5884378925, 91.8511271915, 488.761375
587, 42953, 1.5, 70.0, 1584630461, 2020-03-19 15:07:41, 20, 17, 22.940670768, 89.4935439658, 490.043375
588, 42954, 1.5, 70.0, 1584630641, 2020-03-19 15:10:41, 2, 15, 34.2748386469, 86.837501964, 492.6565
589, 42955, 0.002, 70.0, 1584630819, 2020-03-19 15:13:39, 0, 13, 45.4447285235, 83.6211727145, 496.10215625
590, 42956, 0.002, 70.0, 1584630999, 2020-03-19 15:16:39, 0, 11, 56.6567572522, 79.1085145418, 499.9109375
591, 42957, 0.002, 70.0, 1584631182, 2020-03-19 15:19:42, 42, 9, 67.8356561483, 71.2220775988, 503.54246875
592, 42958, 0.002, 70.0, 1584631359, 2020-03-19 15:22:39, 0, 8, 77.8517870554, 52.2239747267, 506.35109375
593, 42959, 0.002, 70.0, 1584631899, 2020-03-19 15:31:39, 417, 11, 64.4027552606, -77.8243023742, 508.379875
594, 42960, 0.002, 70.0, 1584632079, 2020-03-19 15:34:39, 113, 13, 53.3379307689, -84.191561812, 507.12675
595, 42961, 0.002, 70.0, 1584632259, 2020-03-19 15:37:39, 0, 15, 42.1245257571, -88.208744402, 505.47525
596, 42962, 0.002, 70.0, 1584632439, 2020-03-19 15:40:39, 0, 16, 30.8517322505, -91.2294775243, 503.90409375
597, 42963, 0.002, 70.0, 1584632619, 2020-03-19 15:43:39, 0, 18, 19.5526903269, -93.7657658194, 502.872125
598, 42964, 0.002, 70.0, 1584632799, 2020-03-19 15:46:39, 0, 20, 8.24310686008, -96.0646094183, 502.73871875
599, 42965, 0.002, 70.0, 1584632979, 2020-03-19 15:49:39, 0, 21, -3.06773827073, -98.2756577655, 503.70075
600, 42966, 0.002, 70.0, 1584633744, 2020-03-19 16:02:24, 4, 27, -50.9430649556, -110.179161185, 516.3980625
601, 42967, 0.002, 70.0, 1584633924, 2020-03-19 16:05:24, 8, 29, -62.0207336181, -115.814340457, 519.0874375
602, 42968, 0.002, 70.0, 1584634104, 2020-03-19 16:08:24, 249, 31, -72.7298964994, -126.978680805, 520.61715625
603, 42969, 0.002, 70.0, 1584634284, 2020-03-19 16:11:24, 782, 33, -81.5220165262, -162.854727529, 520.64478125
604, 42970, 0.002, 70.0, 1584634464, 2020-03-19 16:14:24, 11, 34, -79.8042376105, 121.522493471, 519.026125
605, 42971, 0.002, 70.0, 1584634644, 2020-03-19 16:17:24, 0, 34, -70.1300806148, 96.0056307348, 515.843875
606, 42972, 0.002, 70.0, 1584634824, 2020-03-19 16:20:24, 21, 35, -59.2619450806, 86.9087886484, 511.40225
607, 42973, 0.002, 70.0, 1584635004, 2020-03-19 16:23:24, 21, 34, -48.1147416773, 81.9181196867, 506.18725
608, 42974, 0.002, 70.0, 1584635184, 2020-03-19 16:26:24, 0, 32, -36.8607209456, 78.4588815895, 500.79890625
609, 42975, 1.5, 70.0, 1584635366, 2020-03-19 16:29:26, 23, 30, -25.4283878804, 75.674855503, 495.81571875
610, 42976, 1.5, 70.0, 1584635546, 2020-03-19 16:32:26, 150, 27, -14.0926396664, 73.2711070287, 491.91865625
611, 42977, 1.5, 70.0, 1584635726, 2020-03-19 16:35:26, 0, 25, -2.74117177207, 71.0251837356, 489.47175
612, 42978, 1.5, 70.0, 1584635906, 2020-03-19 16:38:26, 12, 22, 8.61646463686, 68.8071685954, 488.6951875
613, 42979, 1.5, 70.0, 1584636086, 2020-03-19 16:41:26, 0, 20, 19.9711367437, 66.4965907315, 489.57834375
614, 42980, 1.5, 70.0, 1584636266, 2020-03-19 16:44:26, 0, 18, 31.3115132646, 63.940283152, 491.88621875
615, 42981, 0.002, 70.0, 1584636444, 2020-03-19 16:47:24, 0, 15, 42.494284878, 60.9212029354, 495.159125
616, 42982, 0.002, 70.0, 1584636624, 2020-03-19 16:50:24, 0, 13, 53.7351438351, 56.8447513789, 498.9403125
617, 42983, 0.002, 70.0, 1584636804, 2020-03-19 16:53:24, 12, 11, 64.8136321203, 50.3259778548, 502.63090625
618, 42984, 0.002, 70.0, 1584636984, 2020-03-19 16:56:24, 2, 10, 75.35665065, 35.97735892, 505.72084375
619, 42985, 0.002, 70.0, 1584637344, 2020-03-19 17:02:24, 0, 9, 77.4926625391, -80.6758107296, 508.789375
620, 42986, 0.002, 70.0, 1584637524, 2020-03-19 17:05:24, 230, 10, 67.2458898041, -98.9810045708, 508.61196875
621, 42987, 0.002, 70.0, 1584637704, 2020-03-19 17:08:24, 72, 12, 56.2547596385, -106.481016731, 507.5325
622, 42988, 0.002, 70.0, 1584637884, 2020-03-19 17:11:24, 10, 14, 45.0674835154, -110.919895201, 505.9358125
623, 42989, 0.002, 70.0, 1584638064, 2020-03-19 17:14:24, 0, 15, 33.8058949341, -114.133990978, 504.2919375
624, 42990, 1.5, 70.0, 1584638246, 2020-03-19 17:17:26, 146, 16, 22.386223332, -116.794062792, 503.06371875
625, 42991, 1.5, 70.0, 1584638426, 2020-03-19 17:20:26, 5, 17, 11.0782654502, -119.136080016, 502.67359375
626, 42992, 0.002, 70.0, 1584638604, 2020-03-19 17:23:24, 0, 18, -0.107308248262, -121.333051344, 503.333625
627, 42993, 0.002, 70.0, 1584638784, 2020-03-19 17:26:24, 0, 18, -11.4145096866, -123.555704182, 505.10915625
628, 42994, 0.002, 70.0, 1584639559, 2020-03-19 17:39:19, 2, 21, -59.7537460215, -138.027645598, 518.585375
629, 42995, 0.002, 70.0, 1584639739, 2020-03-19 17:42:19, 190, 22, -70.582498685, -147.42438763, 520.38653125
630, 42996, 0.002, 70.0, 1584639919, 2020-03-19 17:45:19, 4, 24, -80.1305225773, -174.400779829, 520.742625
631, 42997, 0.002, 70.0, 1584640099, 2020-03-19 17:48:19, 0, 25, -81.2720384328, 109.264626176, 519.46515625
632, 42998, 0.002, 70.0, 1584640279, 2020-03-19 17:51:19, 0, 27, -72.2894654112, 75.4250823153, 516.5893125
633, 42999, 0.002, 70.0, 1584640459, 2020-03-19 17:54:19, 25, 27, -61.5354964889, 64.6598025998, 512.37575
634, 43000, 0.002, 70.0, 1584640639, 2020-03-19 17:57:19, 8, 27, -50.4240935222, 59.143605223, 507.27765625
635, 43001, 0.002, 70.0, 1584640819, 2020-03-19 18:00:19, 0, 26, -39.185833452, 55.463113393, 501.87796875
636, 43002, 0.002, 70.0, 1584641929, 2020-03-19 18:18:49, 0, 23, 30.7385867518, 40.4443606932, 491.76
637, 43003, 0.002, 70.0, 1584642106, 2020-03-19 18:21:46, 0, 18, 41.8608121533, 37.4781256503, 494.9783125
638, 43004, 0.002, 70.0, 1584642289, 2020-03-19 18:24:49, 0, 14, 53.2935174638, 33.4029171882, 498.8148125
639, 43005, 0.002, 70.0, 1584642469, 2020-03-19 18:27:49, 75, 12, 64.381936844, 27.0342934201, 502.52125
640, 43006, 0.002, 70.0, 1584642649, 2020-03-19 18:30:49, 2, 10, 74.9645499804, 13.2509810683, 505.64396875
641, 43007, 0.002, 70.0, 1584643656, 2020-03-19 18:47:36, 9, 11, 38.8239290487, -136.435460201, 505.011625
642, 43008, 0.002, 70.0, 1584643836, 2020-03-19 18:50:36, 1, 13, 27.5412010319, -139.278143952, 503.54334375
643, 43009, 0.002, 70.0, 1584644016, 2020-03-19 18:53:36, 0, 15, 16.2378817024, -141.725400731, 502.73246875
644, 43010, 1.5, 70.0, 1584644198, 2020-03-19 18:56:38, 11, 17, 4.80143302126, -144.009866782, 502.904625
645, 43012, 0.002, 70.0, 1584645007, 2020-03-19 19:10:07, 1, 23, -45.8978364428, -155.617336142, 514.88046875
646, 43013, 0.002, 70.0, 1584645367, 2020-03-19 19:16:07, 185, 26, -67.9783046491, -168.020249334, 520.03778125
647, 43014, 0.002, 70.0, 1584645547, 2020-03-19 19:19:07, 9, 27, -78.0820532229, 172.252548732, 520.77309375
648, 43015, 0.002, 70.0, 1584645727, 2020-03-19 19:22:07, 0, 28, -82.4196331566, 103.893126357, 519.90225
649, 43016, 0.002, 70.0, 1584645907, 2020-03-19 19:25:07, 0, 29, -74.7841032127, 56.4388742177, 517.404125
650, 43017, 0.002, 70.0, 1584646087, 2020-03-19 19:28:07, 14, 30, -64.2206350966, 42.9282307015, 513.4858125
651, 43018, 0.002, 70.0, 1584646267, 2020-03-19 19:31:07, 6, 30, -53.1625417563, 36.6263020231, 508.55803125
652, 43019, 0.002, 70.0, 1584646447, 2020-03-19 19:34:07, 1, 29, -41.9464012538, 32.6312458309, 503.178875
653, 43020, 0.002, 70.0, 1584646627, 2020-03-19 19:37:07, 1, 27, -30.6594965763, 29.6187430866, 497.974875
654, 43021, 0.002, 70.0, 1584646807, 2020-03-19 19:40:07, 0, 25, -19.3349985377, 27.0845038482, 493.55115625
655, 43022, 1.5, 70.0, 1584646989, 2020-03-19 19:43:09, 15, 23, -7.86333809699, 24.759036172, 490.3785
656, 43023, 1.5, 70.0, 1584647169, 2020-03-19 19:46:09, 12, 21, 3.49258927054, 22.5429983715, 488.847125
657, 43024, 1.5, 70.0, 1584647349, 2020-03-19 19:49:09, 12, 19, 14.8497379613, 20.2900946251, 489.0086875
658, 43025, 1.5, 70.0, 1584647529, 2020-03-19 19:52:09, 1, 17, 26.1981467846, 17.8678824419, 490.72590625
659, 43026, 1.5, 70.0, 1584647710, 2020-03-19 19:55:10, 13, 15, 37.5864763562, 15.0625307973, 493.67409375
660, 43027, 1.5, 70.0, 1584647889, 2020-03-19 19:58:09, 39, 13, 48.8007248963, 11.5526775833, 497.3036875
661, 43028, 0.002, 70.0, 1584648067, 2020-03-19 20:01:07, 0, 11, 59.8469439527, 6.47288959397, 501.066
662, 43029, 0.002, 70.0, 1584648427, 2020-03-19 20:07:07, 0, 8, 80.2641552284, -30.7377398083, 507.07559375
663, 43030, 0.002, 70.0, 1584648607, 2020-03-19 20:10:07, 0, 9, 81.1380711024, -107.508304503, 508.56059375
664, 43031, 0.002, 70.0, 1584648787, 2020-03-19 20:13:07, 173, 9, 72.0408260348, -140.397338749, 508.87246875
665, 43032, 0.002, 70.0, 1584648967, 2020-03-19 20:16:07, 36, 10, 61.252931563, -150.954106449, 508.1540625
666, 43033, 0.002, 70.0, 1584649147, 2020-03-19 20:19:07, 12, 10, 50.1293128029, -156.401195972, 506.72771875
667, 43034, 0.002, 70.0, 1584649327, 2020-03-19 20:22:07, 0, 11, 38.8936789405, -160.05038846, 505.03525
668, 43035, 0.002, 70.0, 1584649507, 2020-03-19 20:25:07, 0, 12, 27.6111729049, -162.896473646, 503.5588125
669, 43036, 1.5, 70.0, 1584649689, 2020-03-19 20:28:09, 9, 13, 16.1822993304, -165.371283408, 502.73290625
670, 43037, 1.5, 70.0, 1584649869, 2020-03-19 20:31:09, 8, 15, 4.87151887298, -167.630587042, 502.8965625
