# ordinar image ID, original image ID, acquisition time [s], bias [V], UTC time [s], human-readable time, no. of nonzero pixels, heatsink temperature [deg C]latitude [deg], longitude [deg], altitude (WGS84) [km]
1, 36672, 1.0, 70.0, 1569535112, 2019-09-26 21:58:32, 48, 0, 69.2828571201, -28.6121746936, 512.99646875
2, 36673, 1.0, 70.0, 1569535292, 2019-09-26 22:01:32, 32, 0, 79.152029677, -51.723875106, 513.71196875
3, 36674, 1.0, 70.0, 1569535472, 2019-09-26 22:04:32, 24, 1, 81.8973012701, -125.237269435, 513.1441875
4, 36675, 0.002, 70.0, 1569535651, 2019-09-26 22:07:31, 7, 2, 73.5242884809, -165.068446481, 511.2949375
5, 36676, 0.002, 70.0, 1569535831, 2019-09-26 22:10:31, 0, 2, 62.8427332242, -177.110684703, 508.34653125
6, 36677, 0.002, 70.0, 1569536191, 2019-09-26 22:16:31, 3, 4, 40.5080726978, 173.154502532, 500.86621875
7, 36678, 1.0, 70.0, 1569536372, 2019-09-26 22:19:32, 12, 6, 29.1492939397, 170.199393867, 497.40565625
8, 36679, 1.0, 70.0, 1569536552, 2019-09-26 22:22:32, 2, 8, 17.8238482123, 167.701211198, 494.88440625
9, 36680, 1.0, 70.0, 1569536732, 2019-09-26 22:25:32, 18, 9, 6.48473015378, 165.414641449, 493.68721875
10, 36681, 1.0, 70.0, 1569536912, 2019-09-26 22:28:32, 3, 11, -4.85784953002, 163.196701441, 494.03334375
11, 36682, 1.0, 70.0, 1569537092, 2019-09-26 22:31:32, 6, 11, -16.1952305861, 160.92812241, 495.920375
12, 36683, 1.0, 70.0, 1569537272, 2019-09-26 22:34:32, 2, 12, -27.5177290868, 158.472327894, 499.12290625
13, 36684, 0.002, 70.0, 1569537451, 2019-09-26 22:37:31, 0, 13, -38.7485100999, 155.638099917, 503.20078125
14, 36686, 0.002, 70.0, 1569538959, 2019-09-26 23:02:39, 150, 19, -44.7852771744, -17.3504717067, 511.49746875
15, 36687, 0.002, 70.0, 1569539139, 2019-09-26 23:05:39, 122, 18, -33.5380046696, -20.5508251438, 508.20334375
16, 36689, 1.0, 70.0, 1569539500, 2019-09-26 23:11:40, 83, 16, -10.8858718279, -25.5376435863, 503.094375
17, 36693, 1.0, 70.0, 1569540220, 2019-09-26 23:23:40, 0, 9, 34.3404562743, -35.0136158131, 505.79365625
18, 36694, 1.0, 70.0, 1569540580, 2019-09-26 23:29:40, 224, 5, 56.7659583167, -42.8101879572, 510.89084375
19, 36695, 1.0, 70.0, 1569540760, 2019-09-26 23:32:40, 61, 4, 67.7277733104, -50.5627156265, 512.7875625
20, 36696, 1.0, 70.0, 1569540940, 2019-09-26 23:35:40, 33, 3, 77.8823316614, -69.8763868985, 513.67084375
21, 36697, 1.0, 70.0, 1569541120, 2019-09-26 23:38:40, 44, 3, 82.4441125546, -137.23665505, 513.29115625
22, 36698, 0.002, 70.0, 1569541299, 2019-09-26 23:41:39, 21, 4, 74.9882917179, 174.290089783, 511.61784375
23, 36699, 0.002, 70.0, 1569541479, 2019-09-26 23:44:39, 0, 4, 64.4332452251, 160.433985544, 508.805
24, 36700, 0.002, 70.0, 1569542480, 2019-09-27 00:01:20, 0, 24, 1.83081107589, 140.860466556, 493.61584375
25, 36701, 1.0, 70.0, 1569543498, 2019-09-27 00:18:18, 2523, 19, -61.8895734955, 122.411920704, 512.16278125
26, 36702, 1.0, 70.0, 1569543678, 2019-09-27 00:21:18, 18, 20, -72.6209618123, 111.298472096, 515.53075
27, 36703, 1.0, 70.0, 1569543858, 2019-09-27 00:24:18, 28, 22, -81.4512967475, 75.7969519646, 517.66065625
28, 36704, 0.002, 70.0, 1569544037, 2019-09-27 00:27:17, 0, 24, -79.8874566354, 0.446656058568, 518.32590625
29, 36705, 0.002, 70.0, 1569544217, 2019-09-27 00:30:17, 35, 25, -70.2586384353, -25.5520125968, 517.52725
30, 36706, 0.002, 70.0, 1569544397, 2019-09-27 00:33:17, 9, 26, -59.4083979967, -34.7635250216, 515.46725
31, 36707, 0.002, 70.0, 1569544577, 2019-09-27 00:36:17, 141, 25, -48.2808040666, -39.7964113826, 512.5371875
32, 36708, 0.002, 70.0, 1569544757, 2019-09-27 00:39:17, 50, 23, -37.051846714, -43.2759419718, 509.2445625
33, 36709, 0.002, 70.0, 1569544937, 2019-09-27 00:42:17, 80, 22, -25.7761674525, -46.0428481891, 506.13140625
34, 36710, 0.002, 70.0, 1569545117, 2019-09-27 00:45:17, 16, 20, -14.4766098496, -48.4553358904, 503.68896875
35, 36711, 1.0, 70.0, 1569545298, 2019-09-27 00:48:18, 231, 18, -3.10239144893, -50.7171188828, 502.27678125
36, 36712, 1.0, 70.0, 1569545478, 2019-09-27 00:51:18, 7, 15, 8.21256652298, -52.9341334003, 502.09203125
37, 36713, 1.0, 70.0, 1569545658, 2019-09-27 00:54:18, 5, 13, 19.5235117588, -55.2386016599, 503.09471875
38, 36714, 1.0, 70.0, 1569545838, 2019-09-27 00:57:18, 4, 11, 30.8208597954, -57.7804770498, 505.05290625
39, 36715, 1.0, 70.0, 1569546018, 2019-09-27 01:00:18, 133, 9, 42.0887116602, -60.8068177574, 507.570375
40, 36716, 0.002, 70.0, 1569546197, 2019-09-27 01:03:17, 0, 7, 53.2318750066, -64.8020207987, 510.13753125
41, 36718, 1.0, 70.0, 1569546558, 2019-09-27 01:09:18, 40, 4, 74.9020264287, -84.9246869966, 513.5105
42, 36719, 1.0, 70.0, 1569546738, 2019-09-27 01:12:18, 40, 3, 82.43491912, -133.300225787, 513.53521875
43, 36720, 0.002, 70.0, 1569546917, 2019-09-27 01:15:17, 28, 2, 77.9620467992, 159.348163051, 512.25496875
44, 36721, 0.002, 70.0, 1569547097, 2019-09-27 01:18:17, 6, 2, 67.8155549016, 139.823561877, 509.761625
45, 36722, 0.002, 70.0, 1569547277, 2019-09-27 01:21:17, 5, 3, 56.8443381525, 132.022078827, 506.3699375
46, 36723, 1.0, 70.0, 1569547458, 2019-09-27 01:24:18, 104, 4, 45.5934251568, 127.447996763, 502.52865625
47, 36724, 1.0, 70.0, 1569547638, 2019-09-27 01:27:18, 15, 4, 34.3190572916, 124.182879473, 498.840125
48, 36725, 1.0, 70.0, 1569547818, 2019-09-27 01:30:18, 0, 6, 23.0043349612, 121.520922527, 495.84134375
49, 36726, 1.0, 70.0, 1569547998, 2019-09-27 01:33:18, 14, 7, 11.6698298417, 119.158510358, 494.00315625
50, 36727, 1.0, 70.0, 1569548178, 2019-09-27 01:36:18, 10, 9, 0.327578620635, 116.924410122, 493.6360625
51, 36728, 1.0, 70.0, 1569548358, 2019-09-27 01:39:18, 0, 11, -11.0133854833, 114.693902566, 494.84103125
52, 36729, 1.0, 70.0, 1569548538, 2019-09-27 01:42:18, 27, 12, -22.3441698573, 112.34354568, 497.49228125
53, 36730, 0.002, 70.0, 1569548717, 2019-09-27 01:45:17, 0, 14, -33.590484428, 109.722699643, 501.23146875
54, 36731, 0.002, 70.0, 1569548897, 2019-09-27 01:48:17, 4, 15, -44.8586607268, 106.513159602, 505.60753125
55, 36732, 0.002, 70.0, 1569549642, 2019-09-27 02:00:42, 0, 19, -82.2127877078, 1.3492352483, 518.26340625
56, 36733, 0.002, 70.0, 1569549822, 2019-09-27 02:03:42, 11, 20, -74.2300587579, -42.7957421071, 518.0201875
57, 36734, 0.002, 70.0, 1569550002, 2019-09-27 02:06:42, 23, 21, -63.628327922, -55.6407427077, 516.40984375
58, 36735, 0.002, 70.0, 1569550182, 2019-09-27 02:09:42, 33, 21, -52.572590997, -61.7666847319, 513.7604375
59, 36736, 0.002, 70.0, 1569550362, 2019-09-27 02:12:42, 34, 20, -41.3730239485, -65.6957032401, 510.5436875
60, 36737, 0.002, 70.0, 1569550542, 2019-09-27 02:15:42, 47, 19, -30.1116778389, -68.6786722465, 507.29853125
61, 36738, 0.002, 70.0, 1569551504, 2019-09-27 02:31:44, 0, 8, 30.309435721, -81.3000353782, 504.957
62, 36739, 0.002, 70.0, 1569551684, 2019-09-27 02:34:44, 0, 6, 41.5791214916, -84.2964120459, 507.45421875
63, 36740, 0.002, 70.0, 1569551864, 2019-09-27 02:37:44, 9, 5, 52.7883156918, -88.2545749713, 510.0380625
64, 36741, 0.002, 70.0, 1569552044, 2019-09-27 02:40:44, 0, 3, 63.8524127683, -94.4566667746, 512.19315625
65, 36742, 1.0, 70.0, 1569552225, 2019-09-27 02:43:45, 41, 2, 74.5048987399, -107.702971725, 513.47084375
66, 36743, 1.0, 70.0, 1569552405, 2019-09-27 02:46:45, 105, 3, 82.3147487717, -153.612115546, 513.5425
67, 36744, 0.002, 70.0, 1569552584, 2019-09-27 02:49:44, 32, 3, 78.3175239945, 137.110952249, 512.3098125
68, 36745, 0.002, 70.0, 1569552764, 2019-09-27 02:52:44, 4, 4, 68.2424075737, 116.625712289, 509.85678125
69, 36746, 0.002, 70.0, 1569552944, 2019-09-27 02:55:44, 3, 5, 57.2858381653, 108.605697337, 506.49046875
70, 36747, 1.0, 70.0, 1569553125, 2019-09-27 02:58:45, 17, 6, 46.0399624342, 103.954666362, 502.65471875
71, 36748, 1.0, 70.0, 1569553305, 2019-09-27 03:01:45, 30, 7, 34.7677768144, 100.655562049, 498.949875
72, 36749, 0.002, 70.0, 1569554064, 2019-09-27 03:14:24, 0, 12, -13.0197219621, 90.6478459354, 495.19540625
73, 36750, 0.002, 70.0, 1569554244, 2019-09-27 03:17:24, 0, 13, -24.3476811991, 88.2610499906, 498.077625
74, 36751, 0.002, 70.0, 1569554424, 2019-09-27 03:20:24, 0, 14, -35.6512515381, 85.5489731169, 501.9935
75, 36752, 0.002, 70.0, 1569554604, 2019-09-27 03:23:24, 3, 14, -46.9085439304, 82.1828509887, 506.4261875
76, 36754, 0.002, 70.0, 1569555593, 2019-09-27 03:39:53, 10, 17, -68.6236482426, -74.7770407971, 517.32934375
77, 36755, 0.002, 70.0, 1569555773, 2019-09-27 03:42:53, 16, 18, -57.7065334219, -82.9901520277, 515.11059375
78, 36756, 0.002, 70.0, 1569555953, 2019-09-27 03:45:53, 4, 17, -46.5571955845, -87.6878468552, 512.09225
79, 36757, 0.002, 70.0, 1569556133, 2019-09-27 03:48:53, 0, 17, -35.3188945331, -91.0215187547, 508.7925625
80, 36758, 0.002, 70.0, 1569556313, 2019-09-27 03:51:53, 0, 15, -24.0386202618, -93.7166635895, 505.75121875
81, 36759, 1.0, 70.0, 1569556494, 2019-09-27 03:54:54, 12, 14, -12.6739427816, -96.1065741005, 503.4345
82, 36760, 1.0, 70.0, 1569556674, 2019-09-27 03:57:54, 23, 12, -1.36164975745, -98.3428668269, 502.20803125
83, 36761, 1.0, 70.0, 1569556854, 2019-09-27 04:00:54, 16, 11, 9.95307801574, -100.5653011, 502.20575
84, 36762, 1.0, 70.0, 1569557034, 2019-09-27 04:03:54, 45, 9, 21.2625530533, -102.895085455, 503.3664375
85, 36763, 0.002, 70.0, 1569557213, 2019-09-27 04:06:53, 0, 7, 32.4939078022, -105.475988546, 505.41678125
86, 36764, 0.002, 70.0, 1569557393, 2019-09-27 04:09:53, 3, 5, 43.7552026854, -108.607350242, 507.9659375
87, 36765, 0.002, 70.0, 1569557573, 2019-09-27 04:12:53, 0, 3, 54.9458460918, -112.856226509, 510.5009375
88, 36766, 0.002, 70.0, 1569557753, 2019-09-27 04:15:53, 4, 2, 65.9599495987, -119.819454103, 512.5121875
89, 36767, 1.0, 70.0, 1569558114, 2019-09-27 04:21:54, 34, 1, 82.6512858525, 165.826829705, 513.38678125
90, 36768, 0.002, 70.0, 1569558293, 2019-09-27 04:24:53, 9, 3, 76.5307191871, 107.313664602, 511.9018125
91, 36769, 0.002, 70.0, 1569558473, 2019-09-27 04:27:53, 4, 4, 66.1536879145, 90.9490914287, 509.23953125
92, 36770, 0.002, 70.0, 1569558653, 2019-09-27 04:30:53, 2, 5, 55.1316238221, 83.9015656402, 505.74428125
93, 36771, 1.0, 70.0, 1569558834, 2019-09-27 04:33:54, 58, 5, 43.8623137119, 79.601012162, 501.88378125
94, 36772, 1.0, 70.0, 1569559014, 2019-09-27 04:36:54, 25, 7, 32.5795652046, 76.4585172574, 498.2665
95, 36773, 1.0, 70.0, 1569559194, 2019-09-27 04:39:54, 1, 8, 21.2605979116, 73.8575607312, 495.42128125
96, 36774, 1.0, 70.0, 1569559374, 2019-09-27 04:42:54, 20, 9, 9.92407105612, 71.5242041865, 493.7985
97, 36775, 1.0, 70.0, 1569559554, 2019-09-27 04:45:54, 6, 10, -1.41868418489, 69.298272857, 493.6786875
98, 36776, 1.0, 70.0, 1569559734, 2019-09-27 04:48:54, 2, 13, -12.7588121509, 67.0578273756, 495.1279375
99, 36777, 1.0, 70.0, 1569559914, 2019-09-27 04:51:54, 24, 15, -24.0872119351, 64.6760652802, 497.985875
100, 36778, 0.002, 70.0, 1569560093, 2019-09-27 04:54:53, 0, 16, -35.3288631942, 61.9906739555, 501.8646875
101, 36780, 0.002, 70.0, 1569560978, 2019-09-27 05:09:38, 114, 18, -82.4341882897, -40.2924367955, 518.26009375
102, 36781, 0.002, 70.0, 1569561158, 2019-09-27 05:12:38, 2, 19, -74.9128727691, -88.6217249599, 518.12453125
103, 36782, 0.002, 70.0, 1569561338, 2019-09-27 05:15:38, 3, 19, -64.3732625038, -102.356443077, 516.60459375
104, 36783, 0.002, 70.0, 1569561518, 2019-09-27 05:18:38, 13, 19, -53.3337848441, -108.726386779, 514.016
105, 36784, 0.002, 70.0, 1569561698, 2019-09-27 05:21:38, 0, 18, -42.1406074375, -112.750843521, 510.8226875
106, 36785, 0.002, 70.0, 1569561878, 2019-09-27 05:24:38, 4, 17, -30.8823793093, -115.778632228, 507.5616875
107, 36786, 1.0, 70.0, 1569562059, 2019-09-27 05:27:39, 22, 15, -19.5291893535, -118.33463928, 504.74409375
108, 36787, 1.0, 70.0, 1569562239, 2019-09-27 05:30:39, 9, 14, -8.22218684443, -120.638666992, 502.83265625
109, 36788, 1.0, 70.0, 1569562419, 2019-09-27 05:33:39, 3, 12, 3.0918748786, -122.855596132, 502.07853125
110, 36789, 0.002, 70.0, 1569562598, 2019-09-27 05:36:38, 0, 10, 14.3426271513, -125.091977651, 502.54309375
111, 36790, 0.002, 70.0, 1569562778, 2019-09-27 05:39:38, 0, 9, 25.6475310848, -127.502419711, 504.0901875
112, 36791, 0.002, 70.0, 1569562958, 2019-09-27 05:42:38, 1, 7, 36.9314953658, -130.265354173, 506.393625
113, 36792, 0.002, 70.0, 1569563138, 2019-09-27 05:45:38, 0, 5, 48.1714663984, -133.73722129, 508.9943125
114, 36793, 0.002, 70.0, 1569564233, 2019-09-27 06:03:53, 1, 10, 60.9332513891, 63.4011490001, 507.62375
115, 36794, 1.0, 70.0, 1569564414, 2019-09-27 06:06:54, 24, 8, 49.7378746616, 57.9896242723, 503.874
116, 36795, 1.0, 70.0, 1569564594, 2019-09-27 06:09:54, 17, 6, 38.4871802321, 54.3661064653, 500.0685
117, 36796, 1.0, 70.0, 1569564954, 2019-09-27 06:15:54, 15, 7, 15.8547917598, 49.0798644824, 494.44809375
118, 36797, 1.0, 70.0, 1569565134, 2019-09-27 06:18:54, 16, 9, 4.51402933319, 46.8141985274, 493.52234375
119, 36798, 1.0, 70.0, 1569565314, 2019-09-27 06:21:54, 19, 10, -6.8286024308, 44.5959375004, 494.16025
120, 36799, 1.0, 70.0, 1569565494, 2019-09-27 06:24:54, 20, 12, -18.1644373028, 42.3057306758, 496.319125
121, 36800, 0.002, 70.0, 1569565673, 2019-09-27 06:27:53, 6, 14, -29.4204934309, 39.8142211008, 499.71459375
122, 36801, 0.002, 70.0, 1569565853, 2019-09-27 06:30:53, 0, 15, -40.7070395234, 36.8645765874, 503.9426875
123, 36803, 0.002, 70.0, 1569566610, 2019-09-27 06:43:30, 456, 21, -82.6008039243, -43.1766788326, 518.091375
124, 36804, 0.002, 70.0, 1569566790, 2019-09-27 06:46:30, 54, 22, -77.1731667803, -106.168822445, 518.3083125
125, 36805, 0.002, 70.0, 1569566970, 2019-09-27 06:49:30, 0, 23, -66.9116613273, -123.810005786, 517.09390625
126, 36806, 0.002, 70.0, 1569567150, 2019-09-27 06:52:30, 15, 23, -55.9380096158, -131.1726082, 514.72025
127, 36807, 0.002, 70.0, 1569567330, 2019-09-27 06:55:30, 1, 22, -44.7691886638, -135.569351233, 511.62271875
128, 36808, 0.002, 70.0, 1569567510, 2019-09-27 06:58:30, 4, 21, -33.5222713288, -138.768488896, 508.328625
129, 36809, 1.0, 70.0, 1569567691, 2019-09-27 07:01:31, 21, 19, -22.1749519206, -141.410460708, 505.35853125
130, 36810, 1.0, 70.0, 1569567871, 2019-09-27 07:04:31, 14, 18, -10.8709051759, -143.754376725, 503.2059375
131, 36811, 1.0, 70.0, 1569568051, 2019-09-27 07:07:31, 5, 16, 0.442131511811, -145.980581262, 502.16390625
132, 36812, 0.002, 70.0, 1569568912, 2019-09-27 07:21:52, 11, 20, 54.3699382014, -159.877202184, 510.37228125
133, 36813, 0.002, 70.0, 1569569092, 2019-09-27 07:24:52, 0, 14, 65.3985490301, -166.620743573, 512.41178125
134, 36814, 0.002, 70.0, 1569569272, 2019-09-27 07:27:52, 7, 10, 75.8527341196, 178.21542682, 513.516375
135, 36815, 0.002, 70.0, 1569569452, 2019-09-27 07:30:52, 0, 7, 82.6184872841, 123.68270472, 513.39784375
136, 36816, 0.002, 70.0, 1569569632, 2019-09-27 07:33:52, 8, 6, 77.0204369203, 61.5113381098, 511.967
137, 36817, 1.0, 70.0, 1569569991, 2019-09-27 07:39:51, 33, 5, 55.7689829244, 36.9191976102, 505.90640625
138, 36818, 1.0, 70.0, 1569570173, 2019-09-27 07:42:53, 11, 6, 44.4434842631, 32.5010419348, 502.027375
139, 36819, 1.0, 70.0, 1569570353, 2019-09-27 07:45:53, 26, 8, 33.1632082842, 29.3188670462, 498.38484375
140, 36820, 1.0, 70.0, 1569570533, 2019-09-27 07:48:53, 2, 9, 21.8453833404, 26.6981319998, 495.48984375
141, 36821, 1.0, 70.0, 1569570713, 2019-09-27 07:51:53, 10, 10, 10.509285933, 24.3554249261, 493.79971875
142, 36822, 1.0, 70.0, 1569570893, 2019-09-27 07:54:53, 20, 11, -0.833518506716, 22.1270415587, 493.605
143, 36823, 1.0, 70.0, 1569571073, 2019-09-27 07:57:53, 82, 13, -12.1741146609, 19.8902297379, 494.98309375
144, 36824, 0.002, 70.0, 1569571920, 2019-09-27 08:12:00, 69, 18, -65.0065303228, 1.89501976327, 513.26171875
145, 36825, 0.002, 70.0, 1569572234, 2019-09-27 08:17:14, 376, 19, -81.6171269104, -44.4168089593, 517.77740625
146, 36826, 0.002, 70.0, 1569572414, 2019-09-27 08:20:14, 3, 21, -79.6107042004, -119.401473847, 518.41775
147, 36827, 0.002, 70.0, 1569572594, 2019-09-27 08:23:14, 20, 22, -69.8900062957, -144.229757892, 517.58625
148, 36828, 0.002, 70.0, 1569572774, 2019-09-27 08:26:14, 0, 23, -59.0237285729, -153.197249856, 515.49990625
149, 36829, 0.002, 70.0, 1569572954, 2019-09-27 08:29:14, 6, 23, -47.8913091141, -158.149888324, 512.55475
150, 36830, 1.0, 70.0, 1569573135, 2019-09-27 08:32:15, 50, 22, -36.5979840588, -161.61161944, 509.2423125
151, 36831, 1.0, 70.0, 1569573315, 2019-09-27 08:35:15, 10, 20, -25.3214339482, -164.35892643, 506.14328125
152, 36832, 1.0, 70.0, 1569573495, 2019-09-27 08:38:15, 12, 19, -14.0216125292, -166.761732338, 503.727375
153, 36833, 1.0, 70.0, 1569573675, 2019-09-27 08:41:15, 7, 17, -2.7103262109, -169.007539518, 502.3525
154, 36834, 1.0, 70.0, 1569573855, 2019-09-27 08:44:15, 22, 15, 8.60431031523, -171.225493186, 502.19240625
155, 36835, 1.0, 70.0, 1569574035, 2019-09-27 08:47:15, 4, 13, 19.9147193812, -173.53532656, 503.2114375
156, 36836, 0.002, 70.0, 1569574214, 2019-09-27 08:50:14, 0, 11, 31.1485039699, -176.073698062, 505.1593125
157, 36837, 0.002, 70.0, 1569574394, 2019-09-27 08:53:14, 0, 9, 42.4150478534, -179.119730205, 507.65996875
158, 36838, 0.002, 70.0, 1569574574, 2019-09-27 08:56:14, 5, 7, 53.6174801663, 176.816030342, 510.2081875
159, 36839, 0.002, 70.0, 1569574754, 2019-09-27 08:59:14, 2, 5, 64.6637367888, 170.340737802, 512.29115625
160, 36840, 0.002, 70.0, 1569574934, 2019-09-27 09:02:14, 8, 4, 75.190164789, 156.202369165, 513.46503125
161, 36841, 1.0, 70.0, 1569575115, 2019-09-27 09:05:15, 238, 3, 82.5188006731, 105.507031756, 513.426
162, 36843, 1.0, 70.0, 1569575476, 2019-09-27 09:11:16, 2607, 3, 67.3223742625, 21.1155810428, 509.502625
163, 36844, 1.0, 70.0, 1569575655, 2019-09-27 09:14:15, 23, 3, 56.3964655732, 13.5835950591, 506.0905
164, 36845, 1.0, 70.0, 1569575835, 2019-09-27 09:17:15, 12, 4, 45.2025846571, 9.1051552804, 502.2595625
165, 36846, 1.0, 70.0, 1569576015, 2019-09-27 09:20:15, 3, 6, 33.9258398861, 5.86886736432, 498.58596875
166, 36847, 1.0, 70.0, 1569576195, 2019-09-27 09:23:15, 61, 8, 22.609720782, 3.221217744, 495.62575
167, 36848, 1.0, 70.0, 1569576375, 2019-09-27 09:26:15, 8, 9, 11.2743618888, 0.865668313856, 493.845125
168, 36849, 1.0, 70.0, 1569576555, 2019-09-27 09:29:15, 0, 11, -0.0683569934419, -1.36638222477, 493.54759375
169, 36850, 0.002, 70.0, 1569576734, 2019-09-27 09:32:14, 0, 12, -11.3464477053, -3.58630650958, 494.81434375
170, 36851, 0.002, 70.0, 1569578311, 2019-09-27 09:58:31, 1, 21, -67.3476732831, -170.674037373, 517.21409375
171, 36852, 0.002, 70.0, 1569578491, 2019-09-27 10:01:31, 17, 22, -56.3875146103, -178.237133161, 514.88384375
172, 36853, 1.0, 70.0, 1569578672, 2019-09-27 10:04:32, 484, 23, -45.1612825032, 177.273284186, 511.78953125
173, 36854, 1.0, 70.0, 1569578852, 2019-09-27 10:07:32, 24, 21, -33.916376659, 174.046033464, 508.49296875
174, 36855, 1.0, 70.0, 1569579032, 2019-09-27 10:10:32, 0, 20, -22.6329212271, 171.403679161, 505.51496875
175, 36856, 1.0, 70.0, 1569579212, 2019-09-27 10:13:32, 3, 18, -11.329584822, 169.05201771, 503.31846875
176, 36857, 1.0, 70.0, 1569579392, 2019-09-27 10:16:32, 11, 16, -0.0168967324084, 166.82355921, 502.221625
177, 36858, 1.0, 70.0, 1569579572, 2019-09-27 10:19:32, 0, 14, 11.2973932867, 164.59505973, 502.3495
178, 36859, 1.0, 70.0, 1569579752, 2019-09-27 10:22:32, 8, 12, 22.6054689892, 162.243234353, 503.6166875
179, 36860, 0.002, 70.0, 1569579931, 2019-09-27 10:25:31, 0, 10, 33.8339533512, 159.61637092, 505.72903125
180, 36861, 0.002, 70.0, 1569580111, 2019-09-27 10:28:31, 0, 8, 45.0894254981, 156.392412349, 508.2828125
181, 36862, 0.002, 70.0, 1569580291, 2019-09-27 10:31:31, 2, 6, 56.2670266582, 151.939743728, 510.76028125
182, 36863, 0.002, 70.0, 1569580831, 2019-09-27 10:40:31, 1, 4, 82.546415128, 61.143204574, 513.2089375
183, 36864, 0.002, 70.0, 1569581011, 2019-09-27 10:43:31, 102, 5, 75.3767655571, 9.69784579932, 511.55409375
184, 36865, 1.0, 70.0, 1569581195, 2019-09-27 10:46:35, 83, 5, 64.6186233893, -4.91822242586, 508.688
185, 36866, 1.0, 70.0, 1569581372, 2019-09-27 10:49:32, 30, 6, 53.743261515, -11.3010841502, 505.16828125
186, 36867, 1.0, 70.0, 1569581552, 2019-09-27 10:52:32, 32, 7, 42.5231048612, -15.3865071602, 501.322
187, 36868, 1.0, 70.0, 1569581732, 2019-09-27 10:55:32, 17, 8, 31.2342501647, -18.4431619549, 497.770125
188, 36869, 1.0, 70.0, 1569581912, 2019-09-27 10:58:32, 0, 9, 19.9120829281, -21.0012505063, 495.054875
189, 36870, 1.0, 70.0, 1569582092, 2019-09-27 11:01:32, 59, 10, 8.57398000645, -23.3146936344, 493.6095625
190, 36871, 0.002, 70.0, 1569582930, 2019-09-27 11:15:30, 110, 16, -44.1191424851, -35.104744197, 505.2948125
191, 36872, 0.002, 70.0, 1569583110, 2019-09-27 11:18:30, 67, 18, -55.3122003633, -39.4094845812, 509.75578125
192, 36873, 0.002, 70.0, 1569583290, 2019-09-27 11:21:30, 19, 21, -66.3161371337, -46.5190899591, 513.70821875
193, 36874, 0.002, 70.0, 1569583470, 2019-09-27 11:24:30, 0, 23, -76.6608616115, -63.1201481875, 516.64865625
194, 36875, 0.002, 70.0, 1569583650, 2019-09-27 11:27:30, 38, 23, -82.647262871, -122.857071453, 518.22996875
195, 36876, 0.002, 70.0, 1569583830, 2019-09-27 11:30:30, 0, 24, -76.2481542611, -179.87017675, 518.31171875
196, 36877, 0.002, 70.0, 1569584190, 2019-09-27 11:36:30, 237, 23, -54.8536317078, 157.384565628, 514.51753125
197, 36878, 1.0, 70.0, 1569584371, 2019-09-27 11:39:31, 148, 22, -43.611990694, 153.132526983, 511.36096875
198, 36879, 1.0, 70.0, 1569584551, 2019-09-27 11:42:31, 9, 21, -32.3601590379, 150.012455589, 508.0770625
199, 36880, 1.0, 70.0, 1569584731, 2019-09-27 11:45:31, 19, 19, -21.0732014265, 147.423568007, 505.18071875
200, 36881, 1.0, 70.0, 1569584911, 2019-09-27 11:48:31, 0, 17, -9.76812588455, 145.09731486, 503.1188125
201, 36882, 1.0, 70.0, 1569585091, 2019-09-27 11:51:31, 0, 15, 1.5451517541, 142.875782172, 502.185125
202, 36883, 1.0, 70.0, 1569585271, 2019-09-27 11:54:31, 5, 14, 12.8590229789, 140.638061936, 502.476125
203, 36884, 1.0, 70.0, 1569585451, 2019-09-27 11:57:31, 17, 12, 24.16546712, 138.257754671, 503.87790625
204, 36885, 0.002, 70.0, 1569585810, 2019-09-27 12:03:30, 0, 8, 46.638488496, 132.230358616, 508.64134375
205, 36886, 0.002, 70.0, 1569585990, 2019-09-27 12:06:30, 1, 6, 57.799041504, 127.512268844, 511.06228125
206, 36887, 0.002, 70.0, 1569586170, 2019-09-27 12:09:30, 10, 4, 68.726203533, 119.236005684, 512.8389375
207, 36888, 1.0, 70.0, 1569586351, 2019-09-27 12:12:31, 6, 3, 78.7558445542, 97.381613324, 513.57475
208, 36889, 1.0, 70.0, 1569586531, 2019-09-27 12:15:31, 58, 3, 82.1060796624, 25.5293346612, 513.03084375
209, 36890, 1.0, 70.0, 1569586711, 2019-09-27 12:18:31, 469, 3, 73.9405475296, -17.0596524971, 511.19384375
210, 36891, 1.0, 70.0, 1569586891, 2019-09-27 12:21:31, 125, 4, 63.2910121997, -29.5733462343, 508.25984375
211, 36892, 1.0, 70.0, 1569587071, 2019-09-27 12:24:31, 32, 5, 52.2004822911, -35.6044203461, 504.61425
212, 36893, 1.0, 70.0, 1569587251, 2019-09-27 12:27:31, 3, 7, 40.9672936364, -39.4957054742, 500.7739375
213, 36894, 1.0, 70.0, 1569587431, 2019-09-27 12:30:31, 3, 9, 29.6722610338, -42.4613360454, 497.3074375
214, 36895, 1.0, 70.0, 1569587791, 2019-09-27 12:36:31, 24, 11, 7.00754058043, -47.2668180882, 493.5040625
215, 36896, 0.002, 70.0, 1569587970, 2019-09-27 12:39:30, 0, 13, -4.27268587956, -49.4730204162, 493.801375
216, 36897, 0.002, 70.0, 1569588150, 2019-09-27 12:42:30, 0, 15, -15.6110684121, -51.7360499182, 495.64946875
217, 36898, 0.002, 70.0, 1569588330, 2019-09-27 12:45:30, 203, 16, -26.9350063752, -54.1780884329, 498.835125
218, 36899, 0.002, 70.0, 1569588510, 2019-09-27 12:48:30, 42, 17, -38.2306383269, -57.0021496732, 502.94928125
219, 36900, 0.002, 70.0, 1569588690, 2019-09-27 12:51:30, 28, 17, -49.4721700577, -60.5972129122, 507.4500625
220, 36901, 0.002, 70.0, 1569588870, 2019-09-27 12:54:30, 19, 18, -60.5977388368, -65.9006908775, 511.7436875
221, 36902, 0.002, 70.0, 1569589050, 2019-09-27 12:57:30, 3, 19, -71.4016091211, -75.9560065798, 515.273125
222, 36903, 0.002, 70.0, 1569589832, 2019-09-27 13:10:32, 0, 22, -56.8365517368, 134.702805133, 515.0460625
223, 36904, 0.002, 70.0, 1569590012, 2019-09-27 13:13:32, 0, 23, -45.6776892006, 130.158748581, 511.9923125
224, 36905, 1.0, 70.0, 1569590193, 2019-09-27 13:16:33, 113, 22, -34.3728586917, 126.877252496, 508.67565625
225, 36906, 1.0, 70.0, 1569590373, 2019-09-27 13:19:33, 49, 20, -23.0906856278, 124.218259853, 505.67278125
226, 36907, 1.0, 70.0, 1569590553, 2019-09-27 13:22:33, 4, 19, -11.7880766379, 121.858593419, 503.43303125
227, 36908, 1.0, 70.0, 1569590733, 2019-09-27 13:25:33, 0, 17, -0.475749356056, 119.627676052, 502.28165625
228, 36909, 1.0, 70.0, 1569590913, 2019-09-27 13:28:33, 8, 15, 10.8385019047, 117.401457854, 502.35240625
229, 36910, 1.0, 70.0, 1569591093, 2019-09-27 13:31:33, 5, 13, 22.1469157016, 115.057432554, 503.56859375
230, 36911, 1.0, 70.0, 1569591273, 2019-09-27 13:34:33, 27, 11, 33.4389669266, 112.4309038, 505.65715625
231, 36912, 1.0, 70.0, 1569591453, 2019-09-27 13:37:33, 19, 9, 44.6961671114, 109.235085608, 508.19371875
232, 36913, 0.002, 70.0, 1569591632, 2019-09-27 13:40:32, 0, 7, 55.8160053617, 104.874624541, 510.65940625
233, 36914, 0.002, 70.0, 1569591812, 2019-09-27 13:43:32, 20, 6, 66.806578867, 97.5531398646, 512.57896875
234, 36915, 1.0, 70.0, 1569591993, 2019-09-27 13:46:33, 1768, 4, 77.1467885897, 79.8992728626, 513.5196875
235, 36916, 1.0, 70.0, 1569592173, 2019-09-27 13:49:33, 35, 3, 82.6026685659, 16.9482726024, 513.206625
236, 36917, 0.002, 70.0, 1569592352, 2019-09-27 13:52:32, 2, 3, 75.7744055102, -36.6017918893, 511.60115625
237, 36918, 0.002, 70.0, 1569592532, 2019-09-27 13:55:32, 70, 3, 65.3024824195, -51.6442726663, 508.8425
238, 36919, 1.0, 70.0, 1569592713, 2019-09-27 13:58:33, 341, 3, 54.1954746795, -58.384866829, 505.26921875
239, 36920, 1.0, 70.0, 1569592893, 2019-09-27 14:01:33, 127, 5, 42.9792317241, -62.5316864094, 501.42159375
240, 36922, 0.002, 70.0, 1569594505, 2019-09-27 14:28:25, 149, 21, -58.1946460606, -88.1532217942, 510.8615
241, 36923, 0.002, 70.0, 1569594685, 2019-09-27 14:31:25, 3, 22, -69.1050809564, -96.6445061391, 514.6046875
242, 36924, 0.002, 70.0, 1569594865, 2019-09-27 14:34:25, 1956, 22, -79.0051054777, -119.239693986, 517.227375
243, 36925, 1.0, 70.0, 1569595046, 2019-09-27 14:37:26, 257, 22, -81.9593603689, 167.509132618, 518.43465625
244, 36926, 1.0, 70.0, 1569595226, 2019-09-27 14:40:26, 41, 23, -73.6198223368, 126.869015288, 518.1305625
245, 36927, 0.002, 70.0, 1569595405, 2019-09-27 14:43:25, 0, 22, -63.0301741056, 114.780318119, 516.4795625
246, 36928, 0.002, 70.0, 1569595585, 2019-09-27 14:46:25, 24, 22, -51.9630307646, 108.837691542, 513.798875
247, 36929, 0.002, 70.0, 1569595765, 2019-09-27 14:49:25, 0, 21, -40.7594099988, 104.981455529, 510.571125
248, 36930, 1.0, 70.0, 1569595946, 2019-09-27 14:52:26, 68, 20, -29.4338191299, 102.018082336, 507.31921875
249, 36931, 1.0, 70.0, 1569596126, 2019-09-27 14:55:26, 6, 19, -18.1411019615, 99.5167987602, 504.5984375
250, 36932, 1.0, 70.0, 1569596306, 2019-09-27 14:58:26, 0, 17, -6.83324567877, 97.2305363698, 502.80334375
251, 36933, 1.0, 70.0, 1569596486, 2019-09-27 15:01:26, 0, 15, 4.48075990863, 95.0159841355, 502.17978125
252, 36934, 1.0, 70.0, 1569596666, 2019-09-27 15:04:26, 4, 13, 15.7934430007, 92.7545563129, 502.769875
253, 36935, 1.0, 70.0, 1569597026, 2019-09-27 15:10:26, 28, 9, 38.3756432429, 87.4833236707, 506.80246875
254, 36936, 0.002, 70.0, 1569597205, 2019-09-27 15:13:25, 0, 7, 49.5447647233, 83.9005342817, 509.34665625
255, 36937, 0.002, 70.0, 1569597385, 2019-09-27 15:16:25, 0, 5, 60.6664095587, 78.5817635228, 511.62121875
256, 36938, 0.002, 70.0, 1569597565, 2019-09-27 15:19:25, 8, 4, 71.4702252015, 68.4698528731, 513.135
257, 36939, 1.0, 70.0, 1569597746, 2019-09-27 15:22:26, 169, 3, 80.7877302094, 37.6741623247, 513.52809375
258, 36940, 1.0, 70.0, 1569597926, 2019-09-27 15:25:26, 62, 3, 80.6142434045, -39.1256526552, 512.61790625
259, 36941, 0.002, 70.0, 1569598105, 2019-09-27 15:28:25, 1, 3, 71.3209923983, -68.7265382122, 510.462375
260, 36942, 0.002, 70.0, 1569598285, 2019-09-27 15:31:25, 260, 4, 60.4979429428, -78.7262356841, 507.28575
261, 36943, 0.002, 70.0, 1569598465, 2019-09-27 15:34:25, 14, 6, 49.357217974, -84.0103910443, 503.52284375
262, 36944, 1.0, 70.0, 1569598646, 2019-09-27 15:37:26, 184, 8, 38.0405883133, -87.6139715291, 499.692125
263, 36945, 1.0, 70.0, 1569599006, 2019-09-27 15:43:26, 2, 10, 15.4045661803, -92.8689005098, 494.1535
264, 36946, 1.0, 70.0, 1569599186, 2019-09-27 15:46:26, 26, 12, 4.06282660979, -95.1304171248, 493.30246875
265, 36947, 1.0, 70.0, 1569599366, 2019-09-27 15:49:26, 17, 13, -7.28037291367, -97.3492996991, 494.02625
266, 36948, 0.002, 70.0, 1569599545, 2019-09-27 15:52:25, 0, 15, -18.5533875477, -99.6318874477, 496.2558125
267, 36950, 0.002, 70.0, 1569600394, 2019-09-27 16:06:34, 311, 19, -71.1547251034, -122.88910504, 515.19978125
268, 36952, 1.0, 70.0, 1569600755, 2019-09-27 16:12:35, 57, 21, -80.8398718735, 130.915082748, 518.519375
269, 36953, 1.0, 70.0, 1569600935, 2019-09-27 16:15:35, 95, 23, -71.6228526086, 99.8992961839, 517.95284375
270, 36954, 0.002, 70.0, 1569601114, 2019-09-27 16:18:34, 0, 24, -60.9033488209, 89.710368321, 516.089875
271, 36955, 0.002, 70.0, 1569601294, 2019-09-27 16:21:34, 63, 25, -49.7989194773, 84.3389572943, 513.2769375
272, 36956, 0.002, 70.0, 1569601474, 2019-09-27 16:24:34, 0, 24, -38.5803645029, 80.7161293363, 510.01609375
273, 36957, 1.0, 70.0, 1569601655, 2019-09-27 16:27:35, 21, 22, -27.2476804826, 77.8650786035, 506.83275
274, 36958, 1.0, 70.0, 1569601835, 2019-09-27 16:30:35, 1, 21, -15.9514696724, 75.4195157111, 504.26684375
275, 36959, 1.0, 70.0, 1569602015, 2019-09-27 16:33:35, 3, 19, -4.64213337304, 73.1570087187, 502.68471875
276, 36960, 1.0, 70.0, 1569602195, 2019-09-27 16:36:35, 0, 17, 6.67188160588, 70.9426408995, 502.2946875
277, 36961, 1.0, 70.0, 1569602375, 2019-09-27 16:39:35, 3, 15, 17.9831060256, 68.6578538299, 503.0980625
278, 36962, 1.0, 70.0, 1569602555, 2019-09-27 16:42:35, 1, 12, 29.2824553077, 66.1598009338, 504.890875
279, 36963, 1.0, 70.0, 1569602735, 2019-09-27 16:45:35, 18, 10, 40.5553102861, 63.2208729872, 507.29821875
280, 36964, 1.0, 70.0, 1569602915, 2019-09-27 16:48:35, 31, 8, 51.7720450151, 59.3841576554, 509.83571875
281, 36965, 1.0, 70.0, 1569603095, 2019-09-27 16:51:35, 2105, 6, 62.8561818667, 53.4881949306, 511.98884375
282, 36967, 1.0, 70.0, 1569603455, 2019-09-27 16:57:35, 71, 5, 81.9241575739, 1.2046018305, 513.4375
283, 36968, 1.0, 70.0, 1569603635, 2019-09-27 17:00:35, 109, 5, 79.1035148433, -72.1324393622, 512.26971875
284, 36969, 0.002, 70.0, 1569603814, 2019-09-27 17:03:34, 0, 5, 69.2734041382, -95.0125758711, 509.890875
285, 36970, 0.002, 70.0, 1569603994, 2019-09-27 17:06:34, 349, 5, 58.3549506004, -103.610110639, 506.5608125
286, 36971, 0.002, 70.0, 1569604174, 2019-09-27 17:09:34, 4, 6, 47.183732252, -108.438111815, 502.7434375
287, 36972, 0.002, 70.0, 1569604354, 2019-09-27 17:12:34, 9, 8, 35.9166590288, -111.829136813, 498.99003125
288, 36973, 1.0, 70.0, 1569604535, 2019-09-27 17:15:35, 594, 10, 24.5420393545, -114.567291349, 495.8495625
289, 36974, 1.0, 70.0, 1569604715, 2019-09-27 17:18:35, 41, 12, 13.2083077539, -116.958711332, 493.84671875
290, 36975, 1.0, 70.0, 1569604895, 2019-09-27 17:21:35, 14, 13, 1.86552103003, -119.202537757, 493.297125
291, 36976, 1.0, 70.0, 1569605075, 2019-09-27 17:24:35, 46, 15, -9.47702919858, -121.4267752, 494.33084375
292, 36977, 0.002, 70.0, 1569606481, 2019-09-27 17:48:01, 0, 22, -78.5760876356, 93.606881959, 518.5254375
293, 36978, 0.002, 70.0, 1569606661, 2019-09-27 17:51:01, 0, 24, -68.5790334469, 72.3894798712, 517.55659375
294, 36979, 0.002, 70.0, 1569606841, 2019-09-27 17:54:01, 24, 26, -57.6610853431, 64.2013124914, 515.36640625
295, 36980, 0.002, 70.0, 1569607753, 2019-09-27 18:09:13, 0, 17, -0.628537966365, 48.7292981931, 502.424625
296, 36981, 0.002, 70.0, 1569607933, 2019-09-27 18:12:13, 0, 15, 10.6853101532, 46.5038722976, 502.46484375
297, 36982, 0.002, 70.0, 1569608113, 2019-09-27 18:15:13, 0, 14, 21.9934925774, 44.162466375, 503.6478125
298, 36983, 0.002, 70.0, 1569608293, 2019-09-27 18:18:13, 0, 12, 33.2855608779, 41.5413539606, 505.70371875
299, 36984, 0.002, 70.0, 1569608470, 2019-09-27 18:21:10, 0, 10, 44.356033936, 38.4166141327, 508.1679375
300, 36985, 0.002, 70.0, 1569608653, 2019-09-27 18:24:13, 2, 8, 55.7262156949, 33.9898046076, 510.664375
301, 36986, 0.002, 70.0, 1569608833, 2019-09-27 18:27:13, 681, 6, 66.7193163702, 26.7069412362, 512.56021875
302, 36987, 1.0, 70.0, 1569609014, 2019-09-27 18:30:14, 114, 6, 77.0712808485, 9.21440757125, 513.4800625
303, 36988, 1.0, 70.0, 1569609194, 2019-09-27 18:33:14, 73, 5, 82.6127294346, -53.2625323107, 513.1488125
304, 36989, 1.0, 70.0, 1569609374, 2019-09-27 18:36:14, 97, 5, 75.7986595119, -107.468395708, 511.51465625
305, 36990, 0.002, 70.0, 1569609553, 2019-09-27 18:39:13, 323, 5, 65.3896356333, -122.499456409, 508.7535
306, 36992, 0.002, 70.0, 1569610321, 2019-09-27 18:52:01, 0, 8, 17.5000972457, -139.721559832, 494.42303125
307, 36993, 0.002, 70.0, 1569610501, 2019-09-27 18:55:01, 0, 10, 6.15946032385, -142.004536902, 493.298875
308, 36994, 0.002, 70.0, 1569610681, 2019-09-27 18:58:01, 0, 12, -5.1842548789, -144.222422268, 493.73590625
309, 36995, 0.002, 70.0, 1569610861, 2019-09-27 19:01:01, 0, 14, -16.5223471284, -146.494416394, 495.723375
310, 36996, 0.002, 70.0, 1569611594, 2019-09-27 19:13:14, 601, 18, -62.2780063535, -161.562278154, 512.334875
311, 36998, 0.002, 70.0, 1569612432, 2019-09-27 19:27:12, 1612, 22, -62.7495148024, 43.6527498478, 516.53121875
312, 36999, 0.002, 70.0, 1569612612, 2019-09-27 19:30:12, 7, 24, -51.6773376121, 37.7925499936, 513.847625
313, 37000, 0.002, 70.0, 1569612792, 2019-09-27 19:33:12, 0, 23, -40.4720058839, 33.9693960024, 510.6251875
314, 37001, 1.0, 70.0, 1569612973, 2019-09-27 19:36:13, 737, 22, -29.1458549395, 31.0218244514, 507.386875
315, 37002, 1.0, 70.0, 1569613153, 2019-09-27 19:39:13, 23, 21, -17.8530899597, 28.5284126688, 504.68575
316, 37003, 1.0, 70.0, 1569613333, 2019-09-27 19:42:13, 2, 19, -6.54545224304, 26.2456422126, 502.91278125
317, 37004, 1.0, 70.0, 1569613513, 2019-09-27 19:45:13, 7, 17, 4.76816445047, 24.0314314877, 502.30915625
318, 37005, 1.0, 70.0, 1569613693, 2019-09-27 19:48:13, 6, 15, 16.0803126533, 21.7672920801, 502.9120625
319, 37006, 1.0, 70.0, 1569614055, 2019-09-27 19:54:15, 4, 10, 38.7862434799, 16.4407058773, 506.90428125
320, 37007, 1.0, 70.0, 1569614233, 2019-09-27 19:57:13, 10, 9, 49.8906455028, 12.8412328974, 509.41746875
321, 37010, 1.0, 70.0, 1569614773, 2019-09-27 20:06:13, 121, 6, 80.9591542971, -34.7471974544, 513.47046875
322, 37011, 1.0, 70.0, 1569614953, 2019-09-27 20:09:13, 348, 6, 80.4315358442, -111.442104144, 512.5151875
323, 37012, 0.002, 70.0, 1569615132, 2019-09-27 20:12:12, 1, 6, 71.0543418131, -140.031022043, 510.32090625
324, 37013, 0.002, 70.0, 1569615312, 2019-09-27 20:15:12, 392, 7, 60.2170309227, -149.82545867, 507.116875
325, 37014, 0.002, 70.0, 1569615492, 2019-09-27 20:18:12, 24, 8, 49.0717228969, -155.044829686, 503.3421875
326, 37015, 0.002, 70.0, 1569617042, 2019-09-27 20:44:02, 9, 21, -48.311761899, -178.382643511, 506.92996875
327, 37016, 0.002, 70.0, 1569617222, 2019-09-27 20:47:02, 850, 22, -59.4547066793, 176.569993268, 511.31228125
328, 37017, 1.0, 70.0, 1569617403, 2019-09-27 20:50:03, 265, 23, -70.3719307831, 167.240050485, 515.001625
329, 37018, 1.0, 70.0, 1569617583, 2019-09-27 20:53:03, 95, 23, -79.974821585, 140.843691611, 517.501
330, 37019, 1.0, 70.0, 1569617763, 2019-09-27 20:56:03, 74, 24, -81.3523546272, 64.9294994493, 518.55859375
331, 37020, 0.002, 70.0, 1569617942, 2019-09-27 20:59:02, 130, 24, -72.5106269365, 30.3530908751, 518.1235
332, 37021, 0.002, 70.0, 1569618122, 2019-09-27 21:02:02, 138, 24, -61.7830635256, 19.3501308218, 516.35403125
333, 37022, 0.002, 70.0, 1569618302, 2019-09-27 21:05:02, 5, 24, -50.6934591075, 13.7565328876, 513.6035625
334, 37023, 0.002, 70.0, 1569618482, 2019-09-27 21:08:02, 63, 23, -39.4811605864, 10.0417108193, 510.35953125
335, 37024, 0.002, 70.0, 1569618662, 2019-09-27 21:11:02, 63, 22, -28.2143588632, 7.16073574707, 507.16309375
336, 37025, 1.0, 70.0, 1569618843, 2019-09-27 21:14:03, 76, 20, -16.8572227656, 4.67853956197, 504.510875
337, 37026, 1.0, 70.0, 1569619023, 2019-09-27 21:17:03, 6, 18, -5.54881579892, 2.40687456649, 502.83128125
338, 37027, 1.0, 70.0, 1569619203, 2019-09-27 21:20:03, 0, 16, 5.76490718941, 0.193003550178, 502.331875
339, 37028, 1.0, 70.0, 1569619383, 2019-09-27 21:23:03, 0, 14, 17.0765025738, -2.08145319174, 503.0314375
340, 37029, 1.0, 70.0, 1569619563, 2019-09-27 21:26:03, 0, 12, 28.3771273938, -4.55568751071, 504.742125
341, 37030, 1.0, 70.0, 1569619744, 2019-09-27 21:29:04, 14, 10, 39.7153780183, -7.46485632313, 507.11553125
342, 37031, 1.0, 70.0, 1569619924, 2019-09-27 21:32:04, 87, 8, 50.9380003704, -11.2085214265, 509.64515625
343, 37033, 1.0, 70.0, 1569620463, 2019-09-27 21:41:03, 151, 5, 81.5045927136, -64.0099715721, 513.42184375
344, 37034, 0.002, 70.0, 1569620642, 2019-09-27 21:44:02, 0, 5, 79.8033974973, -139.250358742, 512.35684375
