# ordinar image ID, original image ID, acquisition time [s], bias [V], UTC time [s], human-readable time, no. of nonzero pixels, heatsink temperature [deg C]latitude [deg], longitude [deg], altitude (WGS84) [km]
1, 43964, 0.004, 70.0, 1591693199, 2020-06-09 08:59:59, 0, 2, 53.6125726754, 13.7319945792, 498.02646875
2, 43968, 2.0, 70.0, 1591694101, 2020-06-09 09:15:01, 19, 13, -3.01378639304, -0.437427085618, 500.70646875
3, 43969, 2.0, 70.0, 1591694281, 2020-06-09 09:18:01, 403, 15, -14.3253860463, -2.67764418261, 504.4910625
4, 43970, 0.004, 70.0, 1591695239, 2020-06-09 09:33:59, 0, 23, -73.3800348856, -30.242636471, 527.299625
5, 43971, 0.004, 70.0, 1591695419, 2020-06-09 09:36:59, 45, 24, -81.8594142108, -69.2730011571, 528.0021875
6, 43972, 0.004, 70.0, 1591695599, 2020-06-09 09:39:59, 1, 24, -79.338159162, -143.343827715, 526.738125
7, 43973, 0.004, 70.0, 1591695779, 2020-06-09 09:42:59, 0, 23, -69.5385520818, -166.934986916, 523.586
8, 43975, 0.004, 70.0, 1591696714, 2020-06-09 09:58:34, 0, 11, -11.4870001918, 170.555369667, 494.57496875
9, 43976, 0.004, 70.0, 1591696894, 2020-06-09 10:01:34, 0, 9, -0.142195613898, 168.32990279, 490.886
10, 43977, 0.004, 70.0, 1591697074, 2020-06-09 10:04:34, 0, 8, 11.2122601013, 166.104640819, 488.78103125
11, 43978, 0.004, 70.0, 1591697254, 2020-06-09 10:07:34, 0, 6, 22.5672523733, 163.755848047, 488.26684375
12, 43979, 0.004, 70.0, 1591697434, 2020-06-09 10:10:34, 0, 4, 33.9104685453, 161.114928084, 489.13315625
13, 43980, 0.004, 70.0, 1591697614, 2020-06-09 10:13:34, 1, 3, 45.221029583, 157.884494494, 490.996125
14, 43981, 0.004, 70.0, 1591697794, 2020-06-09 10:16:34, 24, 3, 56.4543514264, 153.406731757, 493.36815625
15, 43982, 0.004, 70.0, 1591698154, 2020-06-09 10:22:34, 3, 5, 77.730599009, 126.917564273, 497.68203125
16, 43983, 0.004, 70.0, 1591698334, 2020-06-09 10:25:34, 0, 6, 82.5201598808, 59.9909038498, 498.88784375
17, 43984, 0.004, 70.0, 1591698514, 2020-06-09 10:28:34, 0, 8, 75.0633350063, 10.3016404983, 499.25165625
18, 43985, 0.004, 70.0, 1591698694, 2020-06-09 10:31:34, 0, 10, 64.471876775, -3.60842351588, 498.867375
19, 43986, 0.004, 70.0, 1591698876, 2020-06-09 10:34:36, 0, 12, 53.2532398383, -10.0546770796, 497.998875
20, 43987, 0.004, 70.0, 1591699054, 2020-06-09 10:37:34, 0, 14, 42.1356897013, -14.024600737, 497.08021875
21, 43988, 2.0, 70.0, 1591699236, 2020-06-09 10:40:36, 4, 16, 30.7114265046, -17.0770028852, 496.53028125
22, 43989, 2.0, 70.0, 1591699416, 2020-06-09 10:43:36, 1, 17, 19.3903247775, -19.6093740668, 496.7960625
23, 43990, 2.0, 70.0, 1591699596, 2020-06-09 10:46:36, 85, 18, 8.06347373871, -21.9057553824, 498.175875
24, 43991, 2.0, 70.0, 1591699776, 2020-06-09 10:49:36, 3, 20, -3.25930117126, -24.1155538051, 500.80371875
25, 43992, 0.004, 70.0, 1591699954, 2020-06-09 10:52:34, 4, 21, -14.4448989888, -26.3321960773, 504.5591875
26, 43993, 0.004, 70.0, 1591700134, 2020-06-09 10:55:34, 40, 22, -25.7369467987, -28.7338510986, 509.250625
27, 43994, 0.004, 70.0, 1591700314, 2020-06-09 10:58:34, 221, 24, -36.9984209744, -31.4852493714, 514.38871875
28, 43995, 0.004, 70.0, 1591700494, 2020-06-09 11:01:34, 204, 25, -48.2078200802, -34.9393477512, 519.4039375
29, 43996, 0.004, 70.0, 1591700674, 2020-06-09 11:04:34, 69, 27, -59.3129461031, -39.9214414104, 523.689625
30, 43997, 0.004, 70.0, 1591700854, 2020-06-09 11:07:34, 5, 28, -70.1443693705, -48.9947261744, 526.6888125
31, 43998, 0.004, 70.0, 1591701034, 2020-06-09 11:10:34, 33, 28, -79.7968746666, -74.3918864299, 527.9760625
32, 43999, 0.004, 70.0, 1591701214, 2020-06-09 11:13:34, 6, 28, -81.556959774, -149.902489544, 527.322
33, 44000, 0.004, 70.0, 1591701394, 2020-06-09 11:16:34, 0, 27, -72.7961971456, 174.034995878, 524.730375
34, 44001, 0.004, 70.0, 1591702417, 2020-06-09 11:33:37, 0, 14, -9.4766689061, 146.525357151, 493.781
35, 44002, 0.004, 70.0, 1591702597, 2020-06-09 11:36:37, 0, 12, 1.87056277685, 144.30842801, 490.3654375
36, 44003, 2.0, 70.0, 1591702779, 2020-06-09 11:39:39, 42, 10, 13.3520977501, 142.045449735, 488.5419375
37, 44004, 0.004, 70.0, 1591703317, 2020-06-09 11:48:37, 0, 5, 47.2206016132, 133.580386486, 491.388125
38, 44005, 0.004, 70.0, 1591703497, 2020-06-09 11:51:37, 11, 5, 58.4313462663, 128.748833611, 493.8035
39, 44006, 0.004, 70.0, 1591703677, 2020-06-09 11:54:37, 9, 5, 69.3918054675, 120.103767557, 496.1365625
40, 44007, 0.004, 70.0, 1591703857, 2020-06-09 11:57:37, 0, 6, 79.2918436492, 96.5854591537, 497.96871875
41, 44008, 0.004, 70.0, 1591704037, 2020-06-09 12:00:37, 0, 7, 81.8450298324, 22.072152451, 499.0331875
42, 44009, 0.004, 70.0, 1591704217, 2020-06-09 12:03:37, 1, 8, 73.2655609151, -16.9486943665, 499.256875
43, 44010, 0.004, 70.0, 1591704397, 2020-06-09 12:06:37, 6, 9, 62.5240980693, -28.671870547, 498.76815625
44, 44011, 2.0, 70.0, 1591704579, 2020-06-09 12:09:39, 86, 10, 51.2666724883, -34.5080247203, 497.8579375
45, 44012, 2.0, 70.0, 1591704759, 2020-06-09 12:12:39, 7, 12, 40.0099606621, -38.2791292549, 496.96721875
46, 44013, 2.0, 70.0, 1591704939, 2020-06-09 12:15:39, 2, 14, 28.7054682475, -41.1822772556, 496.54125
47, 44014, 2.0, 70.0, 1591705119, 2020-06-09 12:18:39, 0, 15, 17.382527492, -43.6588799426, 496.9853125
48, 44015, 2.0, 70.0, 1591705299, 2020-06-09 12:21:39, 8, 17, 6.05589160415, -45.9304881622, 498.5798125
49, 44016, 0.004, 70.0, 1591705477, 2020-06-09 12:24:37, 0, 17, -5.13952695824, -48.1129385074, 501.38553125
50, 44017, 0.004, 70.0, 1591705657, 2020-06-09 12:27:37, 16, 18, -16.4479988118, -50.3721704241, 505.3576875
51, 44018, 0.004, 70.0, 1591705837, 2020-06-09 12:30:37, 119, 19, -27.7355557723, -52.8192086374, 510.16
52, 44019, 0.004, 70.0, 1591706017, 2020-06-09 12:33:37, 249, 21, -38.9898001927, -55.6619470299, 515.31378125
53, 44020, 0.004, 70.0, 1591706197, 2020-06-09 12:36:37, 50, 22, -50.1860067881, -59.3037731591, 520.23703125
54, 44021, 0.004, 70.0, 1591706377, 2020-06-09 12:39:37, 46, 24, -61.2614283183, -64.7298256992, 524.32575
55, 44022, 0.004, 70.0, 1591706557, 2020-06-09 12:42:37, 1, 24, -71.9982124846, -75.2014824125, 527.041
56, 44023, 0.004, 70.0, 1591706737, 2020-06-09 12:45:37, 34, 25, -81.082487023, -107.535891637, 527.98825
57, 44024, 0.004, 70.0, 1591706917, 2020-06-09 12:48:37, 0, 24, -80.3913811621, 175.808809666, 526.977875
58, 44025, 0.004, 70.0, 1591707097, 2020-06-09 12:51:37, 0, 23, -70.9556729004, 147.611685078, 524.05665625
59, 44026, 0.004, 70.0, 1591707280, 2020-06-09 12:54:40, 0, 21, -59.9673738482, 137.854828151, 519.41784375
60, 44027, 0.004, 70.0, 1591707457, 2020-06-09 12:57:37, 0, 19, -49.0409870456, 132.795679713, 513.80103125
61, 44028, 0.004, 70.0, 1591707637, 2020-06-09 13:00:37, 5, 17, -37.8153389197, 129.261207082, 507.5551875
62, 44029, 2.0, 70.0, 1591707819, 2020-06-09 13:03:39, 46, 15, -26.4057777052, 126.441131257, 501.36184375
63, 44030, 2.0, 70.0, 1591707999, 2020-06-09 13:06:39, 33, 13, -15.0870699594, 124.021085952, 495.98021875
64, 44031, 2.0, 70.0, 1591708179, 2020-06-09 13:09:39, 10, 11, -3.74689877109, 121.770743526, 491.832
65, 44032, 2.0, 70.0, 1591708359, 2020-06-09 13:12:39, 8, 9, 7.60560005492, 119.558008122, 489.22
66, 44033, 2.0, 70.0, 1591708539, 2020-06-09 13:15:39, 6, 7, 18.9616945487, 117.263474373, 488.2234375
67, 44034, 2.0, 70.0, 1591708719, 2020-06-09 13:18:39, 20, 5, 30.3104636645, 114.738899852, 488.69734375
68, 44035, 0.004, 70.0, 1591708897, 2020-06-09 13:21:37, 0, 3, 41.5090813167, 111.779372055, 490.28353125
69, 44036, 0.004, 70.0, 1591709077, 2020-06-09 13:24:37, 2, 3, 52.7755944644, 107.827206035, 492.558375
70, 44037, 0.004, 70.0, 1591709257, 2020-06-09 13:27:37, 0, 3, 63.8972529602, 101.620654119, 494.99921875
71, 44038, 0.004, 70.0, 1591709437, 2020-06-09 13:30:37, 1, 3, 74.5465355731, 88.4025715102, 497.13565625
72, 44039, 0.004, 70.0, 1591709617, 2020-06-09 13:33:37, 0, 3, 82.3743490024, 41.9475760463, 498.61659375
73, 44040, 0.004, 70.0, 1591709797, 2020-06-09 13:36:37, 0, 3, 78.1975107406, -27.5830052047, 499.2675
74, 44041, 0.004, 70.0, 1591709977, 2020-06-09 13:39:37, 4, 3, 68.0457322766, -47.6476113797, 499.11596875
75, 44042, 0.004, 70.0, 1591710157, 2020-06-09 13:42:37, 0, 4, 57.0487486388, -55.5390002098, 498.3813125
76, 44043, 2.0, 70.0, 1591710339, 2020-06-09 13:45:39, 42, 5, 45.7151869392, -60.1537697106, 497.42065625
77, 44044, 2.0, 70.0, 1591710519, 2020-06-09 13:48:39, 99, 7, 34.429699526, -63.4165305861, 496.70478125
78, 44045, 2.0, 70.0, 1591710699, 2020-06-09 13:51:39, 10, 9, 23.1137733747, -66.0724564747, 496.663625
79, 44046, 2.0, 70.0, 1591710879, 2020-06-09 13:54:39, 3, 11, 11.787736836, -68.4270002662, 497.649375
80, 44047, 2.0, 70.0, 1591711059, 2020-06-09 13:57:39, 10, 13, 0.462935440927, -70.6515450673, 499.85834375
81, 44048, 0.004, 70.0, 1591711237, 2020-06-09 14:00:37, 0, 14, -10.7270332175, -72.845026168, 503.24365625
82, 44049, 0.004, 70.0, 1591711417, 2020-06-09 14:03:37, 13, 14, -22.0262757779, -75.1772352409, 507.67121875
83, 44050, 0.004, 70.0, 1591711597, 2020-06-09 14:06:37, 15, 15, -33.29935786, -77.7859098809, 512.70921875
84, 44051, 0.004, 70.0, 1591711957, 2020-06-09 14:12:37, 48, 18, -55.6783463141, -85.2821039657, 522.39659375
85, 44052, 0.004, 70.0, 1591712137, 2020-06-09 14:15:37, 7, 20, -66.6358582887, -92.475782142, 525.86025
86, 44053, 0.004, 70.0, 1591712317, 2020-06-09 14:18:37, 25, 21, -76.918462196, -109.458214228, 527.7334375
87, 44054, 0.004, 70.0, 1591712497, 2020-06-09 14:21:37, 0, 21, -82.6738118163, -170.596692311, 527.7171875
88, 44055, 0.004, 70.0, 1591712677, 2020-06-09 14:24:37, 0, 20, -76.0840999475, 133.725432384, 525.736875
89, 44056, 0.004, 70.0, 1591712857, 2020-06-09 14:27:37, 0, 18, -65.6822136165, 118.287497314, 521.9575
90, 44057, 0.004, 70.0, 1591713037, 2020-06-09 14:30:37, 2, 17, -54.6842156957, 111.478522712, 516.7636875
91, 44058, 2.0, 70.0, 1591713399, 2020-06-09 14:36:39, 39, 13, -32.1215976057, 104.15789864, 504.369875
92, 44059, 2.0, 70.0, 1591713579, 2020-06-09 14:39:39, 22, 11, -20.8180904459, 101.584290192, 498.54253125
93, 44060, 2.0, 70.0, 1591713759, 2020-06-09 14:42:39, 51, 9, -9.48739913329, 99.2670324027, 493.72134375
94, 44061, 2.0, 70.0, 1591713939, 2020-06-09 14:45:39, 2, 7, 1.86001952609, 97.0500417908, 490.3109375
95, 44062, 2.0, 70.0, 1591714119, 2020-06-09 14:48:39, 2, 5, 13.215541778, 94.8125469511, 488.5058125
96, 44063, 2.0, 70.0, 1591714299, 2020-06-09 14:51:39, 0, 4, 24.569711866, 92.4266321007, 488.27215625
97, 44064, 2.0, 70.0, 1591714479, 2020-06-09 14:54:39, 15, 2, 35.9092209528, 89.709104736, 489.36440625
98, 44065, 0.004, 70.0, 1591714657, 2020-06-09 14:57:37, 0, 1, 47.0853946035, 86.3668404586, 491.34840625
99, 44066, 0.004, 70.0, 1591714837, 2020-06-09 15:00:37, 9, 1, 58.2978024077, 81.561078378, 493.77534375
100, 44067, 0.004, 70.0, 1591715017, 2020-06-09 15:03:37, 4, 2, 69.2633774205, 72.9929134239, 496.12553125
101, 44068, 0.004, 70.0, 1591715197, 2020-06-09 15:06:37, 0, 3, 79.1910505477, 49.8369875367, 497.9784375
102, 44069, 0.004, 70.0, 1591715557, 2020-06-09 15:12:37, 1, 7, 73.3891805089, -63.9869196836, 499.3080625
103, 44070, 0.004, 70.0, 1591715737, 2020-06-09 15:15:37, 69, 9, 62.6567540033, -75.8404056281, 498.8345
104, 44071, 0.004, 70.0, 1591715917, 2020-06-09 15:18:37, 3, 11, 51.5265236201, -81.6643508383, 497.9434375
105, 44072, 2.0, 70.0, 1591716099, 2020-06-09 15:21:39, 128, 13, 40.1463151435, -85.5004924342, 497.04228125
106, 44073, 2.0, 70.0, 1591716279, 2020-06-09 15:24:39, 55, 15, 28.8423964649, -88.4107677372, 496.6085625
107, 44074, 2.0, 70.0, 1591716459, 2020-06-09 15:27:39, 2, 16, 17.5197955113, -90.8909255378, 497.03784375
108, 44075, 2.0, 70.0, 1591716639, 2020-06-09 15:30:39, 15, 18, 6.19334873429, -93.1640603046, 498.61253125
109, 44076, 2.0, 70.0, 1591716819, 2020-06-09 15:33:39, 61, 21, -5.12772908711, -95.3711608025, 501.43428125
110, 44077, 2.0, 70.0, 1591716999, 2020-06-09 15:36:39, 39, 22, -16.4360596411, -97.6302458702, 505.3959375
111, 44078, 0.004, 70.0, 1591717177, 2020-06-09 15:39:37, 0, 24, -27.5982570171, -100.048112345, 510.13025
112, 44079, 0.004, 70.0, 1591717357, 2020-06-09 15:42:37, 5, 25, -38.852933447, -102.884198134, 515.27065625
113, 44080, 0.004, 70.0, 1591717537, 2020-06-09 15:45:37, 6, 27, -50.0500552878, -106.512258017, 520.18709375
114, 44081, 0.004, 70.0, 1591717717, 2020-06-09 15:48:37, 39, 28, -61.1276863842, -111.905245611, 524.27590625
115, 44082, 0.004, 70.0, 1591717897, 2020-06-09 15:51:37, 10, 29, -71.871819834, -122.2694976, 526.9973125
116, 44083, 0.004, 70.0, 1591718077, 2020-06-09 15:54:37, 10, 30, -81.0026421116, -154.060285238, 527.955125
117, 44084, 0.004, 70.0, 1591718257, 2020-06-09 15:57:37, 0, 30, -80.4804126779, 129.1954187, 526.9575625
118, 44085, 0.004, 70.0, 1591718437, 2020-06-09 16:00:37, 0, 29, -71.0829876265, 100.526649059, 524.0486875
119, 44086, 0.004, 70.0, 1591718617, 2020-06-09 16:03:37, 0, 27, -60.284561003, 90.7841628509, 519.5068125
120, 44087, 0.004, 70.0, 1591718797, 2020-06-09 16:06:37, 1, 25, -49.1764809233, 85.5852824025, 513.80809375
121, 44088, 0.004, 70.0, 1591718977, 2020-06-09 16:09:37, 3, 22, -37.9515567974, 82.0379826764, 507.56228125
122, 44089, 2.0, 70.0, 1591719159, 2020-06-09 16:12:39, 130, 20, -26.5423012339, 79.2116230775, 501.363625
123, 44090, 2.0, 70.0, 1591719339, 2020-06-09 16:15:39, 9, 18, -15.2236959409, 76.7884905263, 495.972625
124, 44091, 2.0, 70.0, 1591719519, 2020-06-09 16:18:39, 9, 15, -3.88351706863, 74.5369323271, 491.81271875
125, 44092, 2.0, 70.0, 1591719879, 2020-06-09 16:24:39, 48, 11, 18.8253366521, 70.0316166077, 488.18340625
126, 44093, 2.0, 70.0, 1591720059, 2020-06-09 16:27:39, 3, 9, 30.1743994661, 67.510942125, 488.6528125
127, 44094, 2.0, 70.0, 1591720239, 2020-06-09 16:30:39, 18, 7, 41.4991365613, 64.5219147409, 490.2631875
128, 44095, 0.004, 70.0, 1591720417, 2020-06-09 16:33:37, 0, 6, 52.6411217001, 60.6234681594, 492.52378125
129, 44096, 0.004, 70.0, 1591720597, 2020-06-09 16:36:37, 1, 5, 63.7655327621, 54.4592326795, 494.979125
130, 44097, 0.004, 70.0, 1591720777, 2020-06-09 16:39:37, 1, 6, 74.4254909606, 41.3958880067, 497.13475
131, 44098, 0.004, 70.0, 1591720957, 2020-06-09 16:42:37, 1, 6, 82.3340918674, -4.31422837075, 498.63725
132, 44099, 0.004, 70.0, 1591721137, 2020-06-09 16:45:37, 1, 7, 78.3050725596, -74.4116325068, 499.30928125
133, 44100, 0.004, 70.0, 1591721317, 2020-06-09 16:48:37, 8, 9, 68.1753351161, -94.7728157407, 499.1755
134, 44101, 0.004, 70.0, 1591721497, 2020-06-09 16:51:37, 14, 11, 57.1829003843, -102.730846727, 498.4528125
135, 44102, 0.004, 70.0, 1591721677, 2020-06-09 16:54:37, 6, 13, 45.9760694296, -107.327270339, 497.50675
136, 44103, 0.004, 70.0, 1591721857, 2020-06-09 16:57:37, 2, 15, 34.6918899976, -110.609818273, 496.78209375
137, 44104, 0.004, 70.0, 1591722037, 2020-06-09 17:00:37, 3, 17, 23.3766075917, -113.275531822, 496.71990625
138, 44105, 0.004, 70.0, 1591722217, 2020-06-09 17:03:37, 2, 18, 12.0508698737, -115.634802105, 497.6753125
139, 44106, 2.0, 70.0, 1591722399, 2020-06-09 17:06:39, 8, 20, 0.600346307209, -117.885322115, 499.880125
140, 44107, 2.0, 70.0, 1591722579, 2020-06-09 17:09:39, 19, 21, -10.7152571176, -120.103207482, 503.28728125
141, 44108, 2.0, 70.0, 1591722759, 2020-06-09 17:12:39, 224, 23, -22.0143810034, -122.435197989, 507.70359375
142, 44109, 0.004, 70.0, 1591722937, 2020-06-09 17:15:37, 1, 24, -33.1623306049, -125.012105419, 512.67196875
143, 44110, 0.004, 70.0, 1591723117, 2020-06-09 17:18:37, 3, 25, -44.3929579387, -128.168404136, 517.77128125
144, 44111, 0.004, 70.0, 1591724104, 2020-06-09 17:35:04, 0, 25, -71.3207670021, 77.2305745203, 524.10740625
145, 44112, 0.004, 70.0, 1591724284, 2020-06-09 17:38:04, 10, 24, -60.5347030209, 67.3060432802, 519.59421875
146, 44113, 0.004, 70.0, 1591724464, 2020-06-09 17:41:04, 0, 22, -49.4304819981, 62.0495775069, 513.9128125
147, 44114, 0.004, 70.0, 1591724644, 2020-06-09 17:44:04, 1, 20, -38.2072415139, 58.4779827979, 507.6708125
148, 44115, 2.0, 70.0, 1591724826, 2020-06-09 17:47:06, 27, 18, -26.7988807051, 55.6397181793, 501.4623125
149, 44116, 2.0, 70.0, 1591725006, 2020-06-09 17:50:06, 13, 17, -15.4807808462, 53.2107731371, 496.049875
150, 44117, 2.0, 70.0, 1591725186, 2020-06-09 17:53:06, 22, 15, -4.14087816963, 50.9569029189, 491.8605625
151, 44118, 2.0, 70.0, 1591725366, 2020-06-09 17:56:06, 24, 13, 7.21161510685, 48.7447993074, 489.20421875
152, 44119, 2.0, 70.0, 1591725546, 2020-06-09 17:59:06, 24, 11, 18.5679836619, 46.4552413507, 488.1675625
153, 44120, 2.0, 70.0, 1591725726, 2020-06-09 18:02:06, 4, 9, 29.9174272589, 43.9418478497, 488.61240625
154, 44121, 0.004, 70.0, 1591726665, 2020-06-09 18:17:45, 2, 6, 82.6904501571, -46.0243042255, 498.8631875
155, 44122, 0.004, 70.0, 1591726845, 2020-06-09 18:20:45, 0, 7, 76.3946140075, -104.483124928, 499.3665
156, 44124, 2.0, 70.0, 1591727755, 2020-06-09 18:35:55, 1298, 10, 20.4253374933, -137.54171862, 496.89209375
157, 44125, 2.0, 70.0, 1591727935, 2020-06-09 18:38:55, 9, 12, 9.09906872808, -139.8525492, 498.151
158, 44126, 0.004, 70.0, 1591728719, 2020-06-09 18:51:59, 0, 15, -40.0886751771, -150.494803549, 515.85128125
159, 44127, 0.004, 70.0, 1591728899, 2020-06-09 18:54:59, 17, 16, -51.2767982437, -154.251940346, 520.69246875
160, 44128, 0.004, 70.0, 1591729079, 2020-06-09 18:57:59, 4, 18, -62.3334948103, -159.95867268, 524.6416875
161, 44129, 0.004, 70.0, 1591729259, 2020-06-09 19:00:59, 446, 19, -73.0066762551, -171.364050404, 527.171875
162, 44130, 0.004, 70.0, 1591729439, 2020-06-09 19:03:59, 0, 21, -81.6686880084, 151.550300002, 527.9074375
163, 44131, 0.004, 70.0, 1591729619, 2020-06-09 19:06:59, 0, 22, -79.6357573343, 76.4894443539, 526.6818125
164, 44132, 0.004, 70.0, 1591729799, 2020-06-09 19:09:59, 6, 21, -69.9245124114, 51.7507689758, 523.56625
165, 44133, 0.004, 70.0, 1591729979, 2020-06-09 19:12:59, 2, 19, -59.0708432178, 42.8147983349, 518.86340625
166, 44134, 0.004, 70.0, 1591730159, 2020-06-09 19:15:59, 22, 17, -47.9444855519, 37.8774833959, 513.06809375
167, 44135, 0.004, 70.0, 1591730339, 2020-06-09 19:18:59, 7, 15, -36.7109997839, 34.4419802061, 506.8000625
168, 44136, 0.004, 70.0, 1591730519, 2020-06-09 19:21:59, 4, 13, -25.4224234177, 31.6987508395, 500.7188125
169, 44137, 0.004, 70.0, 1591730699, 2020-06-09 19:24:59, 0, 11, -14.1009818887, 29.2997869128, 495.4335625
170, 44138, 2.0, 70.0, 1591730881, 2020-06-09 19:28:01, 32, 9, -2.63288253789, 27.0329034766, 491.38534375
171, 44139, 2.0, 70.0, 1591731061, 2020-06-09 19:31:01, 3, 7, 8.72073686604, 24.8175128366, 488.94834375
172, 44140, 0.004, 70.0, 1591732042, 2020-06-09 19:47:22, 3, 14, 69.9616344895, 1.266697855, 496.29003125
173, 44141, 0.004, 70.0, 1591732222, 2020-06-09 19:50:22, 0, 10, 79.729515341, -23.9571121994, 498.118125
174, 44142, 0.004, 70.0, 1591732402, 2020-06-09 19:53:22, 0, 7, 81.5568095098, -99.8581238035, 499.16653125
175, 44143, 0.004, 70.0, 1591732582, 2020-06-09 19:56:22, 4, 7, 72.7153072153, -136.048543644, 499.37196875
176, 44144, 0.004, 70.0, 1591732762, 2020-06-09 19:59:22, 0, 7, 61.9369476875, -147.220656748, 498.87209375
177, 44145, 0.004, 70.0, 1591732942, 2020-06-09 20:02:22, 5, 8, 50.7944434544, -152.845836623, 497.9755625
178, 44146, 0.004, 70.0, 1591733906, 2020-06-09 20:18:26, 0, 28, -9.76123849255, -167.174043537, 503.00475
179, 44148, 0.004, 70.0, 1591735367, 2020-06-09 20:42:47, 1, 26, -75.7808668691, 38.4144353023, 525.544
180, 44149, 0.004, 70.0, 1591735547, 2020-06-09 20:45:47, 3, 24, -65.3429786111, 23.4790331085, 521.6965625
181, 44150, 0.004, 70.0, 1591735727, 2020-06-09 20:48:47, 21, 22, -54.3357838405, 16.799229337, 516.45425
182, 44151, 0.004, 70.0, 1591735907, 2020-06-09 20:51:47, 45, 20, -43.1534288686, 12.6596540259, 510.3749375
183, 44152, 0.004, 70.0, 1591736087, 2020-06-09 20:54:47, 72, 18, -31.8924174383, 9.58072939941, 504.10640625
184, 44153, 0.004, 70.0, 1591736267, 2020-06-09 20:57:47, 18, 16, -20.5877713445, 7.01433192289, 498.297625
185, 44154, 2.0, 70.0, 1591736449, 2020-06-09 21:00:49, 110, 13, -9.13019987654, 4.67548561364, 493.464625
186, 44155, 2.0, 70.0, 1591736629, 2020-06-09 21:03:49, 10, 11, 2.21799763785, 2.4595801481, 490.116625
187, 44156, 0.004, 70.0, 1591737416, 2020-06-09 21:16:56, 0, 3, 51.7537913345, -9.9005905733, 492.32178125
188, 44157, 0.004, 70.0, 1591737596, 2020-06-09 21:19:56, 0, 4, 62.8955442469, -15.7989652086, 494.8020625
189, 44158, 0.004, 70.0, 1591737776, 2020-06-09 21:22:56, 15, 5, 73.621058601, -27.9106835301, 497.01603125
190, 44159, 0.004, 70.0, 1591737956, 2020-06-09 21:25:56, 0, 7, 82.0146712408, -68.9046900363, 498.597625
191, 44160, 0.004, 70.0, 1591738136, 2020-06-09 21:28:56, 0, 9, 78.9967453262, -142.258442354, 499.35346875
192, 44161, 0.004, 70.0, 1591738316, 2020-06-09 21:31:56, 1, 11, 69.0254067997, -164.736922759, 499.29153125
193, 44163, 0.004, 70.0, 1591739281, 2020-06-09 21:48:01, 0, 19, 8.85857435234, 172.839412245, 498.2514375
194, 44164, 0.004, 70.0, 1591739461, 2020-06-09 21:51:01, 0, 20, -2.46407505291, 170.627605747, 500.76765625
195, 44165, 0.004, 70.0, 1591739641, 2020-06-09 21:54:01, 0, 22, -13.7757393795, 168.391675021, 504.46365625
196, 44166, 0.004, 70.0, 1591740744, 2020-06-09 22:12:24, 0, 28, -80.3232022138, 116.812340378, 527.881125
197, 44167, 0.004, 70.0, 1591740924, 2020-06-09 22:15:24, 0, 29, -81.1419301593, 40.2401482823, 527.0515
198, 44168, 0.004, 70.0, 1591741104, 2020-06-09 22:18:24, 30, 28, -72.0880636231, 7.47931754115, 524.2991875
199, 44169, 0.004, 70.0, 1591741284, 2020-06-09 22:21:24, 1, 27, -61.3449888526, -3.07655305674, 519.8815
200, 44170, 0.004, 70.0, 1591741464, 2020-06-09 22:24:24, 120, 25, -50.2539125288, -8.5288922202, 514.25878125
201, 44171, 0.004, 70.0, 1591741644, 2020-06-09 22:27:24, 117, 22, -39.0363650073, -12.1823014964, 508.03165625
202, 44172, 0.004, 70.0, 1591741824, 2020-06-09 22:30:24, 102, 20, -27.7565825096, -15.0315388139, 501.859
203, 44173, 2.0, 70.0, 1591742006, 2020-06-09 22:33:26, 2654, 18, -16.3146257079, -17.5089577086, 496.3125
204, 44174, 2.0, 70.0, 1591742186, 2020-06-09 22:36:26, 18, 15, -4.97567840404, -19.7707731444, 492.0280625
205, 44175, 2.0, 70.0, 1591742366, 2020-06-09 22:39:26, 9, 13, 6.37645884884, -21.9819871238, 489.26478125
206, 44176, 2.0, 70.0, 1591742546, 2020-06-09 22:42:26, 0, 11, 17.7331040266, -24.2614961646, 488.1258125
207, 44177, 2.0, 70.0, 1591742726, 2020-06-09 22:45:26, 21, 9, 29.0837070482, -26.7520426829, 488.4881875
208, 44178, 0.004, 70.0, 1591742904, 2020-06-09 22:48:24, 0, 7, 40.2863579272, -29.6444382582, 490.01075
209, 44179, 0.004, 70.0, 1591743084, 2020-06-09 22:51:24, 0, 7, 51.5619347359, -33.4531566446, 492.27709375
210, 44180, 0.004, 70.0, 1591743264, 2020-06-09 22:54:24, 6, 7, 62.7072427616, -39.2969435543, 494.76475
211, 44181, 0.004, 70.0, 1591743444, 2020-06-09 22:57:24, 1, 8, 73.4458437583, -51.2175634281, 496.99334375
212, 44182, 0.004, 70.0, 1591743624, 2020-06-09 23:00:24, 1, 9, 81.933945235, -91.2420860535, 498.5940625
213, 44183, 0.004, 70.0, 1591743804, 2020-06-09 23:03:24, 0, 10, 79.1421463932, -165.181882262, 499.37
214, 44184, 0.004, 70.0, 1591743984, 2020-06-09 23:06:24, 142, 12, 69.208585643, 171.842054363, 499.32540625
215, 44185, 0.004, 70.0, 1591744164, 2020-06-09 23:09:24, 5, 14, 58.2540482158, 163.31256877, 498.659375
216, 44186, 2.0, 70.0, 1591744346, 2020-06-09 23:12:26, 622, 16, 46.9346898946, 158.47724563, 497.7149375
217, 44187, 2.0, 70.0, 1591744526, 2020-06-09 23:15:26, 49, 18, 35.655148161, 155.118882597, 496.95734375
218, 44189, 0.004, 70.0, 1591746385, 2020-06-09 23:46:25, 0, 28, -78.9869303444, 100.862264064, 527.8115
219, 44190, 0.004, 70.0, 1591746565, 2020-06-09 23:49:25, 9, 28, -82.0576331306, 28.1819530307, 527.3061875
220, 44191, 0.004, 70.0, 1591746745, 2020-06-09 23:52:25, 5, 27, -73.8018468781, -13.2033217158, 524.8585625
221, 44192, 0.004, 70.0, 1591746925, 2020-06-09 23:55:25, 12, 26, -63.1762172104, -25.4621870715, 520.6881875
222, 44193, 0.004, 70.0, 1591747285, 2020-06-10 00:01:25, 173, 21, -40.9165931422, -35.2739484733, 509.052125
223, 44194, 0.004, 70.0, 1591747465, 2020-06-10 00:04:25, 348, 19, -29.6447490318, -38.2207755337, 502.82459375
224, 44195, 0.004, 70.0, 1591747645, 2020-06-10 00:07:25, 61, 17, -18.3334896074, -40.7210687319, 497.1809375
225, 44196, 0.004, 70.0, 1591747825, 2020-06-10 00:10:25, 9, 15, -6.99770852312, -43.0050361788, 492.65603125
226, 44197, 2.0, 70.0, 1591748007, 2020-06-10 00:13:27, 10, 13, 4.478963142, -45.2412230372, 489.5864375
227, 44198, 2.0, 70.0, 1591748187, 2020-06-10 00:16:27, 0, 10, 15.8355852678, -47.5005949729, 488.1834375
228, 44199, 2.0, 70.0, 1591748367, 2020-06-10 00:19:27, 4, 9, 27.1881690443, -49.9434462802, 488.31809375
229, 44200, 2.0, 70.0, 1591748547, 2020-06-10 00:22:27, 31, 7, 38.5218263666, -52.7763287098, 489.70040625
230, 44201, 0.004, 70.0, 1591748725, 2020-06-10 00:25:25, 0, 6, 49.6839537332, -56.3517688153, 491.8654375
231, 44202, 0.004, 70.0, 1591748905, 2020-06-10 00:28:25, 46, 6, 60.8608308934, -61.7094750674, 494.35821875
232, 44203, 0.004, 70.0, 1591749085, 2020-06-10 00:31:25, 0, 6, 71.7109074074, -71.993820673, 496.66628125
233, 44204, 0.004, 70.0, 1591749265, 2020-06-10 00:34:25, 1, 8, 80.9580614669, -103.619160639, 498.39703125
234, 44205, 0.004, 70.0, 1591749445, 2020-06-10 00:37:25, 105, 9, 80.4681934695, 179.152788321, 499.32159375
235, 44206, 0.004, 70.0, 1591749625, 2020-06-10 00:40:25, 191, 11, 70.9851861478, 150.444751922, 499.409875
236, 44207, 0.004, 70.0, 1591749805, 2020-06-10 00:43:25, 15, 13, 60.108833896, 140.736662547, 498.8301875
237, 44208, 2.0, 70.0, 1591749987, 2020-06-10 00:46:27, 402, 15, 48.8136476142, 135.513767153, 497.9035
238, 44209, 2.0, 70.0, 1591750167, 2020-06-10 00:49:27, 44, 17, 37.5434427493, 131.991629844, 497.0855
239, 44210, 2.0, 70.0, 1591750347, 2020-06-10 00:52:27, 27, 18, 26.2340325985, 129.208368739, 496.8169375
240, 44211, 2.0, 70.0, 1591750707, 2020-06-10 00:58:27, 3, 21, 3.5848512524, 124.54457897, 499.32515625
241, 44212, 2.0, 70.0, 1591750887, 2020-06-10 01:01:27, 1, 22, -7.73339630937, 122.336037303, 502.40265625
242, 44213, 2.0, 70.0, 1591751067, 2020-06-10 01:04:27, 65, 23, -19.0372791295, 120.047336535, 506.5595625
243, 44214, 0.004, 70.0, 1591751245, 2020-06-10 01:07:25, 0, 25, -30.1929331844, 117.562213187, 511.38665625
244, 44215, 0.004, 70.0, 1591751425, 2020-06-10 01:10:25, 31, 27, -41.4370398965, 114.590650596, 516.49084375
245, 44216, 0.004, 70.0, 1591751605, 2020-06-10 01:13:25, 92, 28, -52.6144634717, 110.679008089, 521.2290625
246, 44217, 0.004, 70.0, 1591751785, 2020-06-10 01:16:25, 121, 29, -63.6454853572, 104.586615954, 525.00625
247, 44218, 0.004, 70.0, 1591751965, 2020-06-10 01:19:25, 0, 29, -74.2262201916, 91.8357729263, 527.31075
248, 44219, 0.004, 70.0, 1591752145, 2020-06-10 01:22:25, 0, 29, -82.2302798223, 48.0249110294, 527.7905
249, 44220, 0.004, 70.0, 1591752325, 2020-06-10 01:25:25, 171, 29, -78.6279356016, -23.0329619916, 526.307625
250, 44221, 0.004, 70.0, 1591752505, 2020-06-10 01:28:25, 2, 27, -68.6473968103, -44.2538235702, 522.963
251, 44222, 0.004, 70.0, 1591752685, 2020-06-10 01:31:25, 155, 25, -57.7417293866, -52.4317559115, 518.08584375
252, 44223, 0.004, 70.0, 1591752865, 2020-06-10 01:34:25, 111, 23, -46.5971351156, -57.1128021529, 512.1905625
253, 44224, 0.004, 70.0, 1591753045, 2020-06-10 01:37:25, 189, 20, -35.3547393659, -60.4363961082, 505.90678125
254, 44225, 0.004, 70.0, 1591753225, 2020-06-10 01:40:25, 105, 18, -24.0608764332, -63.1245263387, 499.89296875
255, 44226, 2.0, 70.0, 1591753587, 2020-06-10 01:46:27, 25, 14, -1.26561078771, -67.7538441425, 490.88965625
256, 44227, 2.0, 70.0, 1591753767, 2020-06-10 01:49:27, 41, 12, 10.0891695349, -69.974038113, 488.66584375
257, 44228, 2.0, 70.0, 1591753947, 2020-06-10 01:52:27, 20, 10, 21.4453203777, -72.3043757141, 488.0521875
258, 44229, 2.0, 70.0, 1591754127, 2020-06-10 01:55:27, 33, 7, 32.79098005, -74.9063977498, 488.85628125
259, 44230, 0.004, 70.0, 1591754305, 2020-06-10 01:58:25, 0, 6, 43.9810599657, -78.0187237089, 490.68165625
260, 44231, 0.004, 70.0, 1591754485, 2020-06-10 02:01:25, 19, 5, 55.2267205459, -82.3040322049, 493.09040625
261, 44232, 0.004, 70.0, 1591754665, 2020-06-10 02:04:25, 0, 6, 66.2905375847, -89.3904081094, 495.55575
262, 44233, 0.004, 70.0, 1591754845, 2020-06-10 02:07:25, 1, 7, 76.6995819539, -106.019234472, 497.625125
263, 44234, 0.004, 70.0, 1591755025, 2020-06-10 02:10:25, 0, 8, 82.6831077038, -166.504971867, 498.98015625
264, 44235, 0.004, 70.0, 1591755205, 2020-06-10 02:13:25, 62, 9, 76.1466713105, 136.683191162, 499.4876875
265, 44236, 0.004, 70.0, 1591755385, 2020-06-10 02:16:25, 1, 11, 65.6746594273, 121.076249891, 499.21775
266, 44237, 0.004, 70.0, 1591755565, 2020-06-10 02:19:25, 0, 12, 54.6096471054, 114.24418925, 498.42546875
267, 44238, 2.0, 70.0, 1591755747, 2020-06-10 02:22:27, 15, 14, 43.2535491966, 110.014867815, 497.491375
268, 44239, 2.0, 70.0, 1591755927, 2020-06-10 02:25:27, 19, 16, 31.9597187073, 106.92361982, 496.89115625
269, 44240, 2.0, 70.0, 1591756107, 2020-06-10 02:28:27, 11, 18, 20.6411697634, 104.353030315, 497.041875
270, 44241, 2.0, 70.0, 1591756287, 2020-06-10 02:31:27, 22, 20, 9.31544485209, 102.039078337, 498.266875
271, 44242, 0.004, 70.0, 1591757307, 2020-06-10 02:48:27, 89, 26, -54.5227910048, 86.2147116552, 521.96109375
272, 44243, 0.004, 70.0, 1591757487, 2020-06-10 02:51:27, 0, 28, -65.5108373401, 79.477242304, 525.5115
273, 44244, 0.004, 70.0, 1591757667, 2020-06-10 02:54:27, 0, 28, -75.9232968039, 64.3163192167, 527.5158125
274, 44245, 0.004, 70.0, 1591757847, 2020-06-10 02:57:27, 0, 28, -82.6583960794, 9.72621755136, 527.655875
275, 44246, 0.004, 70.0, 1591758027, 2020-06-10 03:00:27, 30, 27, -77.0740948864, -52.4371312703, 525.83425
276, 44247, 0.004, 70.0, 1591758207, 2020-06-10 03:03:27, 18, 26, -66.805677282, -69.7476241723, 522.19290625
277, 44248, 0.004, 70.0, 1591758567, 2020-06-10 03:09:27, 20, 21, -44.6745734683, -81.3807887047, 511.11878125
278, 44249, 0.004, 70.0, 1591758747, 2020-06-10 03:12:27, 14, 19, -33.4211572084, -84.5610682158, 504.8405625
279, 44250, 2.0, 70.0, 1591758929, 2020-06-10 03:15:29, 111, 17, -21.9951506058, -87.2051983677, 498.8803125
280, 44251, 2.0, 70.0, 1591759109, 2020-06-10 03:18:29, 51, 15, -10.6660105999, -89.5408703466, 493.95184375
281, 44252, 2.0, 70.0, 1591759289, 2020-06-10 03:21:29, 44, 13, 0.680728188859, -91.7625123173, 490.4096875
282, 44253, 2.0, 70.0, 1591759469, 2020-06-10 03:24:29, 16, 11, 12.0363599906, -93.9924393074, 488.47053125
283, 44254, 2.0, 70.0, 1591759649, 2020-06-10 03:27:29, 37, 8, 23.3916101022, -96.3559443071, 488.122625
284, 44255, 0.004, 70.0, 1591759827, 2020-06-10 03:30:27, 1, 7, 34.6078650105, -98.9950474398, 489.1215
285, 44256, 0.004, 70.0, 1591760007, 2020-06-10 03:33:27, 7, 5, 45.9155744441, -102.277397298, 491.0973125
286, 44257, 0.004, 70.0, 1591760187, 2020-06-10 03:36:27, 21, 5, 57.1414855323, -106.871573778, 493.55184375
287, 44258, 0.004, 70.0, 1591760367, 2020-06-10 03:39:27, 0, 5, 68.1480416802, -114.821340235, 495.9778125
288, 44259, 0.004, 70.0, 1591760547, 2020-06-10 03:42:27, 0, 6, 78.2884137282, -135.143092787, 497.94090625
289, 44260, 0.004, 70.0, 1591760727, 2020-06-10 03:45:27, 0, 7, 82.340068283, 154.836167407, 499.15171875
290, 44261, 0.004, 70.0, 1591760907, 2020-06-10 03:48:27, 343, 8, 74.4473339056, 109.027099518, 499.51178125
291, 44262, 0.004, 70.0, 1591761087, 2020-06-10 03:51:27, 0, 9, 63.7997656702, 95.943209636, 499.12528125
292, 44263, 0.004, 70.0, 1591761267, 2020-06-10 03:54:27, 0, 10, 52.6922729867, 89.7737661369, 498.27490625
293, 44264, 2.0, 70.0, 1591761449, 2020-06-10 03:57:29, 24, 12, 41.3209813221, 85.7996683801, 497.35825
294, 44265, 2.0, 70.0, 1591761629, 2020-06-10 04:00:29, 2, 13, 30.02108904, 82.8251892989, 496.85284375
295, 44266, 2.0, 70.0, 1591761809, 2020-06-10 04:03:29, 15, 15, 18.7003458978, 80.31295693, 497.16325
296, 44267, 2.0, 70.0, 1591762169, 2020-06-10 04:09:29, 14, 19, -3.946879026, 75.8173742302, 501.25125
297, 44268, 0.004, 70.0, 1591762347, 2020-06-10 04:12:27, 0, 20, -15.1308190286, 73.5951107124, 505.02040625
298, 44269, 0.004, 70.0, 1591762527, 2020-06-10 04:15:27, 2, 22, -26.4208314421, 71.1786717466, 509.69475
299, 44270, 0.004, 70.0, 1591762707, 2020-06-10 04:18:27, 0, 23, -37.6795650043, 68.3973367547, 514.778125
300, 44271, 0.004, 70.0, 1591762887, 2020-06-10 04:21:27, 5, 25, -48.8845005816, 64.8819476723, 519.6989375
301, 44272, 0.004, 70.0, 1591763067, 2020-06-10 04:24:27, 1165, 26, -59.9801053208, 59.7565327387, 523.85378125
302, 44273, 0.004, 70.0, 1591763247, 2020-06-10 04:27:27, 60, 27, -70.7820563219, 50.2420348299, 526.694
303, 44274, 0.004, 70.0, 1591763427, 2020-06-10 04:30:27, 0, 27, -80.2645445492, 22.6972359958, 527.8069375
304, 44275, 0.004, 70.0, 1591763607, 2020-06-10 04:33:27, 753, 27, -81.1918451817, -53.7940405563, 526.9789375
305, 44276, 0.004, 70.0, 1591763787, 2020-06-10 04:36:27, 1, 25, -72.1689535535, -86.9158442338, 524.2304375
306, 44277, 0.004, 70.0, 1591763967, 2020-06-10 04:39:27, 55, 24, -61.4304208588, -97.5426418639, 519.8175625
307, 44278, 0.004, 70.0, 1591764147, 2020-06-10 04:42:27, 15, 21, -50.3404783464, -103.016601351, 514.199375
308, 44279, 0.004, 70.0, 1591764327, 2020-06-10 04:45:27, 11, 19, -39.1232347683, -106.678962444, 507.97596875
309, 44280, 2.0, 70.0, 1591764509, 2020-06-10 04:48:29, 325, 17, -27.7179065635, -109.561473028, 501.74028125
310, 44281, 2.0, 70.0, 1591764689, 2020-06-10 04:51:29, 18, 15, -16.4014254594, -112.012110751, 496.26190625
311, 44282, 0.004, 70.0, 1591765047, 2020-06-10 04:57:27, 0, 10, 6.16377316142, -116.461295975, 489.2424375
312, 44283, 0.004, 70.0, 1591765227, 2020-06-10 05:00:27, 0, 8, 17.5205861057, -118.738385422, 488.09209375
313, 44284, 0.004, 70.0, 1591765407, 2020-06-10 05:03:27, 1, 6, 28.8715272217, -121.223303864, 488.449
314, 44285, 0.004, 70.0, 1591765587, 2020-06-10 05:06:27, 7, 5, 40.2004990342, -124.140682564, 489.9964375
315, 44286, 0.004, 70.0, 1591765767, 2020-06-10 05:09:27, 17, 4, 51.4766359184, -127.939770384, 492.28009375
316, 44287, 0.004, 70.0, 1591765947, 2020-06-10 05:12:27, 39, 4, 62.6234021896, -133.759542348, 494.7880625
317, 44288, 0.004, 70.0, 1591766127, 2020-06-10 05:15:27, 0, 5, 73.3675697904, -145.596424103, 497.03859375
318, 44289, 0.004, 70.0, 1591766307, 2020-06-10 05:18:27, 3, 6, 81.8965977606, 174.806424764, 498.66109375
319, 44290, 0.004, 70.0, 1591766487, 2020-06-10 05:21:27, 212, 7, 79.2068009639, 100.619867481, 499.4565625
320, 44291, 0.004, 70.0, 1591766667, 2020-06-10 05:24:27, 1101, 8, 69.2908757621, 77.4161712506, 499.4271875
321, 44292, 0.004, 70.0, 1591766847, 2020-06-10 05:27:27, 2, 9, 58.3398832031, 68.8380683712, 498.77028125
322, 44293, 2.0, 70.0, 1591767209, 2020-06-10 05:33:29, 3, 12, 35.7430970919, 60.620818046, 497.06409375
323, 44294, 2.0, 70.0, 1591767389, 2020-06-10 05:36:29, 12, 13, 24.4303862522, 57.9142189839, 496.914875
324, 44295, 2.0, 70.0, 1591767569, 2020-06-10 05:39:29, 4, 15, 13.1057797843, 55.5350694359, 497.7465
325, 44296, 2.0, 70.0, 1591767749, 2020-06-10 05:42:29, 15, 17, 1.78124321915, 53.3023147475, 499.777
326, 44297, 2.0, 70.0, 1591767929, 2020-06-10 05:45:29, 19, 19, -9.53508836784, 51.0891524567, 503.02946875
327, 44298, 2.0, 70.0, 1591768109, 2020-06-10 05:48:29, 320, 20, -20.8358830887, 48.7755693096, 507.31640625
328, 44299, 2.0, 70.0, 1591768289, 2020-06-10 05:51:29, 253, 22, -32.1119294729, 46.2063116914, 512.25753125
329, 44300, 0.004, 70.0, 1591768467, 2020-06-10 05:54:27, 18, 23, -43.2229738548, 43.1580973029, 517.272875
330, 44301, 0.004, 70.0, 1591768647, 2020-06-10 05:57:27, 3, 25, -54.3847767874, 39.0166121002, 521.8826875
331, 44302, 0.004, 70.0, 1591768827, 2020-06-10 06:00:27, 502, 26, -65.3763099342, 32.3299969225, 525.4433125
332, 44303, 0.004, 70.0, 1591769007, 2020-06-10 06:03:27, 6689, 26, -75.802778116, 17.3661111323, 527.46425
333, 44304, 0.004, 70.0, 1591769187, 2020-06-10 06:06:27, 281, 27, -82.6439092482, -36.427963575, 527.6251875
334, 44305, 0.004, 70.0, 1591769367, 2020-06-10 06:09:27, 5885, 26, -77.1898119513, -99.3267897277, 525.8258125
335, 44306, 0.004, 70.0, 1591769547, 2020-06-10 06:12:27, 1, 24, -66.9390025746, -116.882745968, 522.20515625
336, 44307, 0.004, 70.0, 1591769907, 2020-06-10 06:18:27, 13, 20, -44.8098692705, -128.597517601, 511.126125
337, 44308, 0.004, 70.0, 1591770087, 2020-06-10 06:21:27, 5, 17, -33.5569686898, -131.787338886, 504.84615625
338, 44309, 2.0, 70.0, 1591770269, 2020-06-10 06:24:29, 475, 15, -22.131170408, -134.436263831, 498.87915625
339, 44310, 2.0, 70.0, 1591770449, 2020-06-10 06:27:29, 52, 13, -10.8020867512, -136.774196602, 493.94046875
340, 44311, 2.0, 70.0, 1591770629, 2020-06-10 06:30:29, 18, 11, 0.544690297321, -138.99646695, 490.3866875
341, 44312, 2.0, 70.0, 1591770809, 2020-06-10 06:33:29, 19, 9, 11.9004375186, -141.225622129, 488.436875
342, 44313, 2.0, 70.0, 1591770989, 2020-06-10 06:36:29, 78, 7, 23.2558942434, -143.586681921, 488.08165625
343, 44314, 0.004, 70.0, 1591771167, 2020-06-10 06:39:27, 2, 5, 34.4725043215, -146.220771695, 489.0785
344, 44315, 0.004, 70.0, 1591771347, 2020-06-10 06:42:27, 0, 4, 45.7808831137, -149.492883099, 491.05859375
345, 44316, 0.004, 70.0, 1591771527, 2020-06-10 06:45:27, 3, 4, 57.008279768, -154.063987201, 493.52396875
346, 44318, 0.004, 70.0, 1591772496, 2020-06-10 07:01:36, 3, 7, 59.7017409612, 45.9751029578, 498.9039375
347, 44319, 2.0, 70.0, 1591772675, 2020-06-10 07:04:35, 60, 8, 48.5885587302, 40.9106781984, 497.99028125
348, 44320, 2.0, 70.0, 1591772858, 2020-06-10 07:07:38, 14, 11, 37.1292464177, 37.3585939247, 497.1665625
349, 44321, 2.0, 70.0, 1591773038, 2020-06-10 07:10:38, 8, 13, 25.8193069273, 34.5937709151, 496.9195
350, 44322, 2.0, 70.0, 1591773218, 2020-06-10 07:13:38, 4, 14, 14.4955004453, 32.1859892141, 497.6138125
351, 44323, 2.0, 70.0, 1591773398, 2020-06-10 07:16:38, 22, 16, 3.17057338542, 29.942668223, 499.48875
352, 44324, 0.004, 70.0, 1591773576, 2020-06-10 07:19:36, 0, 17, -8.02138013663, 27.7581295475, 502.55215625
353, 44325, 0.004, 70.0, 1591773756, 2020-06-10 07:22:36, 0, 18, -19.3246439709, 25.4657148642, 506.71371875
354, 44326, 0.004, 70.0, 1591773936, 2020-06-10 07:25:36, 13, 20, -30.6046467422, 22.9424312493, 511.5893125
355, 44327, 0.004, 70.0, 1591774116, 2020-06-10 07:28:36, 8, 22, -41.8469707749, 19.9472925533, 516.66975
356, 44328, 0.004, 70.0, 1591774296, 2020-06-10 07:31:36, 43, 24, -53.0210134066, 15.9855540239, 521.3621875
357, 44329, 0.004, 70.0, 1591774476, 2020-06-10 07:34:36, 116, 25, -64.043658065, 9.76571312023, 525.0739375
358, 44330, 0.004, 70.0, 1591774656, 2020-06-10 07:37:36, 1356, 25, -74.5926666707, -3.44570535798, 527.2986875
359, 44331, 0.004, 70.0, 1591774836, 2020-06-10 07:40:36, 376, 25, -82.3610642845, -49.4722998313, 527.692
360, 44332, 0.004, 70.0, 1591775196, 2020-06-10 07:46:36, 3788, 23, -68.255958669, -139.195990436, 522.70840625
361, 44333, 0.004, 70.0, 1591775376, 2020-06-10 07:49:36, 2, 21, -57.3357361122, -147.164908744, 517.77884375
362, 44334, 0.004, 70.0, 1591775556, 2020-06-10 07:52:36, 0, 19, -46.1857289163, -151.773332999, 511.85684375
363, 44335, 0.004, 70.0, 1591775736, 2020-06-10 07:55:36, 0, 17, -34.940532789, -155.064773839, 505.57475
364, 44336, 2.0, 70.0, 1591775918, 2020-06-10 07:58:38, 5, 15, -23.5192185265, -157.764556372, 499.52775
365, 44337, 2.0, 70.0, 1591776098, 2020-06-10 08:01:38, 10, 13, -12.192867799, -160.12654507, 494.44678125
366, 44338, 2.0, 70.0, 1591776278, 2020-06-10 08:04:38, 11, 11, -0.847677328781, -162.356055418, 490.71009375
367, 44339, 2.0, 70.0, 1591776458, 2020-06-10 08:07:38, 20, 9, 10.5075211829, -164.578079879, 488.5638125
368, 44340, 2.0, 70.0, 1591778449, 2020-06-10 08:40:49, 68, 4, 42.1509790798, 15.1566900776, 497.515875
369, 44341, 2.0, 70.0, 1591778629, 2020-06-10 08:43:49, 2, 7, 30.8539110808, 12.1338643561, 496.96653125
370, 44342, 2.0, 70.0, 1591778809, 2020-06-10 08:46:49, 4, 9, 19.5343751746, 9.59746507043, 497.2014375
371, 44343, 2.0, 70.0, 1591778989, 2020-06-10 08:49:49, 25, 11, 8.20884833876, 7.29930875937, 498.53046875
372, 44344, 2.0, 70.0, 1591779169, 2020-06-10 08:52:49, 1, 13, -3.11285038953, 5.08932293341, 501.0915
373, 44346, 0.004, 70.0, 1591780688, 2020-06-10 09:18:08, 0, 19, -78.2615915754, -142.720272425, 526.087875
374, 44347, 0.004, 70.0, 1591780868, 2020-06-10 09:21:08, 3906, 18, -68.2017064765, -162.883441645, 522.65803125
375, 44348, 0.004, 70.0, 1591781048, 2020-06-10 09:24:08, 17, 16, -57.279472429, -170.824205912, 517.71875
376, 44349, 0.004, 70.0, 1591781228, 2020-06-10 09:27:08, 1, 15, -46.1286626858, -175.422767374, 511.79128125
377, 44350, 0.004, 70.0, 1591781408, 2020-06-10 09:30:08, 0, 13, -34.8830191811, -178.709823233, 505.50840625
378, 44351, 2.0, 70.0, 1591781590, 2020-06-10 09:33:10, 25, 11, -23.461394145, 178.592562545, 499.46528125
379, 44352, 2.0, 70.0, 1591781770, 2020-06-10 09:36:10, 15, 9, -12.1348128986, 176.231625696, 494.39225
380, 44353, 2.0, 70.0, 1591781950, 2020-06-10 09:39:10, 4, 7, -0.78945097997, 174.002429536, 490.6665625
381, 44354, 0.004, 70.0, 1591783240, 2020-06-10 10:00:40, 3, 16, 78.7152732305, 128.523259784, 498.076875
382, 44355, 0.004, 70.0, 1591783420, 2020-06-10 10:03:40, 0, 12, 82.1570397038, 56.399563064, 499.27
383, 44356, 0.004, 70.0, 1591783600, 2020-06-10 10:06:40, 367, 9, 73.9578279082, 13.5192948045, 499.6095
384, 44357, 0.004, 70.0, 1591783780, 2020-06-10 10:09:40, 104, 8, 63.2697020095, 1.03188587649, 499.20828125
385, 44358, 2.0, 70.0, 1591783962, 2020-06-10 10:12:42, 66, 8, 52.0275794674, -5.0234060584, 498.34528125
386, 44359, 2.0, 70.0, 1591784142, 2020-06-10 10:15:42, 37, 8, 40.777359736, -8.88070075015, 497.453625
387, 44360, 2.0, 70.0, 1591784322, 2020-06-10 10:18:42, 3, 9, 29.4763677934, -11.8247453622, 496.9788125
388, 44361, 2.0, 70.0, 1591784682, 2020-06-10 10:24:42, 3, 13, 6.83011446393, -16.60219887, 498.8049375
389, 44362, 2.0, 70.0, 1591784862, 2020-06-10 10:27:42, 0, 14, -4.49049975839, -18.8097245472, 501.51175
390, 44363, 0.004, 70.0, 1591785802, 2020-06-10 10:43:22, 26, 20, -63.063730825, -36.7712215618, 524.7819375
391, 44364, 0.004, 70.0, 1591785982, 2020-06-10 10:46:22, 15, 21, -73.6879329832, -48.895384488, 527.1443125
392, 44365, 0.004, 70.0, 1591786162, 2020-06-10 10:49:22, 894, 23, -82.0050679948, -89.612013597, 527.6989375
393, 44366, 0.004, 70.0, 1591786342, 2020-06-10 10:52:22, 4, 23, -79.0839326909, -162.709695293, 526.29675
394, 44367, 0.004, 70.0, 1591786522, 2020-06-10 10:55:22, 1, 22, -69.2139200208, 174.600945353, 523.02671875
395, 44368, 0.004, 70.0, 1591786702, 2020-06-10 10:58:22, 174, 20, -58.3295832779, 166.101526253, 518.20746875
396, 44369, 0.004, 70.0, 1591786882, 2020-06-10 11:01:22, 0, 18, -47.1920787432, 161.310531041, 512.34565625
397, 44370, 0.004, 70.0, 1591787062, 2020-06-10 11:04:22, 0, 16, -35.952770239, 157.938630573, 506.06721875
398, 44371, 2.0, 70.0, 1591787244, 2020-06-10 11:07:24, 28, 14, -24.5347737408, 155.19878215, 499.968
399, 44372, 2.0, 70.0, 1591787424, 2020-06-10 11:10:24, 33, 12, -13.2103892541, 152.817600621, 494.78946875
400, 44373, 2.0, 70.0, 1591787604, 2020-06-10 11:13:24, 8, 9, -1.86631311853, 150.581601592, 490.92515625
401, 44374, 2.0, 70.0, 1591787784, 2020-06-10 11:16:24, 14, 7, 9.48851160035, 148.363661584, 488.640625
402, 44375, 2.0, 70.0, 1591787964, 2020-06-10 11:19:24, 4, 6, 20.84513458, 146.042572059, 487.97459375
403, 44376, 2.0, 70.0, 1591788144, 2020-06-10 11:22:24, 1064, 4, 32.1919246485, 143.460309761, 488.74434375
404, 44377, 0.004, 70.0, 1591788322, 2020-06-10 11:25:22, 3, 2, 43.3843643946, 140.387079805, 490.55996875
405, 44379, 0.004, 70.0, 1591789194, 2020-06-10 11:39:54, 1, 6, 78.1055080925, 1.23261649171, 499.589375
406, 44380, 0.004, 70.0, 1591789374, 2020-06-10 11:42:54, 551, 8, 67.9366268348, -18.5833345121, 499.4834375
407, 44381, 0.004, 70.0, 1591789554, 2020-06-10 11:45:54, 0, 11, 56.9373038572, -26.4187755552, 498.78259375
408, 44382, 0.004, 70.0, 1591789734, 2020-06-10 11:48:54, 1, 13, 45.7290488081, -30.9723909573, 497.8535625
409, 44383, 2.0, 70.0, 1591789916, 2020-06-10 11:51:56, 14, 14, 34.3194602728, -34.2680016276, 497.136125
410, 44384, 2.0, 70.0, 1591790096, 2020-06-10 11:54:56, 3, 16, 23.0047823386, -36.919624497, 497.08965625
411, 44385, 2.0, 70.0, 1591790276, 2020-06-10 11:57:56, 7, 16, 11.6800631726, -39.2720475148, 498.0555625
412, 44386, 0.004, 70.0, 1591790454, 2020-06-10 12:00:54, 0, 17, 0.482315569086, -41.4713615971, 500.19865625
413, 44387, 0.004, 70.0, 1591790634, 2020-06-10 12:03:54, 0, 17, -10.8322821637, -43.6896499448, 503.5655
414, 44388, 0.004, 70.0, 1591790814, 2020-06-10 12:06:54, 92, 18, -22.1305078797, -46.0234606971, 507.928625
415, 44389, 0.004, 70.0, 1591790994, 2020-06-10 12:09:54, 88, 20, -33.4027156976, -48.6356119033, 512.88903125
416, 44390, 0.004, 70.0, 1591791174, 2020-06-10 12:12:54, 95, 21, -44.6319052766, -51.8083918668, 517.91025
417, 44391, 0.004, 70.0, 1591791354, 2020-06-10 12:15:54, 28, 22, -55.7798156044, -56.1545334426, 522.3921875
418, 44392, 0.004, 70.0, 1591791534, 2020-06-10 12:18:54, 32, 23, -66.7347321071, -63.3912315654, 525.7565
419, 44393, 0.004, 70.0, 1591791714, 2020-06-10 12:21:54, 40, 23, -77.0051509569, -80.5512553999, 527.5315
420, 44394, 0.004, 70.0, 1591792074, 2020-06-10 12:27:54, 0, 21, -75.9932789221, 162.661159968, 525.3619375
421, 44395, 0.004, 70.0, 1591792254, 2020-06-10 12:30:54, 0, 20, -65.5793031563, 147.37601623, 521.51740625
422, 44396, 0.004, 70.0, 1591792434, 2020-06-10 12:33:54, 144, 18, -54.5772685936, 140.606260575, 516.278125
423, 44397, 0.004, 70.0, 1591792614, 2020-06-10 12:36:54, 0, 16, -43.3963103955, 136.432714464, 510.200125
424, 44398, 0.004, 70.0, 1591792794, 2020-06-10 12:39:54, 8, 14, -32.135507286, 133.338092356, 503.9306875
425, 44399, 2.0, 70.0, 1591792976, 2020-06-10 12:42:56, 728, 12, -20.7048117586, 130.737019716, 498.06003125
426, 44400, 2.0, 70.0, 1591793156, 2020-06-10 12:45:56, 261, 11, -9.37255035618, 128.421257739, 493.28578125
427, 44401, 2.0, 70.0, 1591793336, 2020-06-10 12:48:56, 0, 9, 1.9762110757, 126.204492523, 489.94109375
428, 44402, 2.0, 70.0, 1591793516, 2020-06-10 12:51:56, 7, 7, 13.3327999044, 123.966034627, 488.21625
429, 44403, 2.0, 70.0, 1591793696, 2020-06-10 12:54:56, 70, 5, 24.6876965537, 121.577654078, 488.07246875
430, 44404, 2.0, 70.0, 1591793876, 2020-06-10 12:57:56, 564, 3, 36.0274925085, 118.855208977, 489.2590625
431, 44405, 0.004, 70.0, 1591794054, 2020-06-10 13:00:54, 3, 2, 47.2033383101, 115.50318436, 491.336125
432, 44406, 0.004, 70.0, 1591794234, 2020-06-10 13:03:54, 23, 2, 58.4142776236, 110.674950957, 493.853
433, 44407, 0.004, 70.0, 1591794414, 2020-06-10 13:06:54, 101, 2, 69.375071504, 102.040137017, 496.28575
434, 44408, 0.004, 70.0, 1591794594, 2020-06-10 13:09:54, 3, 2, 79.2782652332, 78.571948541, 498.2118125
435, 44409, 0.004, 70.0, 1591794774, 2020-06-10 13:12:54, 0, 2, 81.8536700217, 4.11407181158, 499.3604375
436, 44410, 0.004, 70.0, 1591794954, 2020-06-10 13:15:54, 235, 3, 73.2842209919, -34.9987806423, 499.65509375
437, 44411, 0.004, 70.0, 1591795134, 2020-06-10 13:18:54, 23, 4, 62.5454560708, -46.7406203146, 499.221
438, 44412, 2.0, 70.0, 1591795316, 2020-06-10 13:21:56, 110, 5, 51.2899805088, -52.5823274317, 498.34684375
439, 44413, 2.0, 70.0, 1591795496, 2020-06-10 13:24:56, 44, 7, 40.0350581922, -56.3556517778, 497.471125
440, 44414, 2.0, 70.0, 1591795676, 2020-06-10 13:27:56, 39, 8, 28.7322869853, -59.2598345521, 497.0388125
441, 44415, 2.0, 70.0, 1591795856, 2020-06-10 13:30:56, 47, 10, 17.4109837676, -61.7369119373, 497.455375
442, 44416, 2.0, 70.0, 1591796036, 2020-06-10 13:33:56, 21, 12, 6.08583984923, -64.0086465154, 499.0025625
443, 44417, 0.004, 70.0, 1591796214, 2020-06-10 13:36:54, 0, 15, -5.10829549138, -66.1909465964, 501.74415625
444, 44418, 0.004, 70.0, 1591796394, 2020-06-10 13:39:54, 6, 17, -16.4157176302, -68.4497106452, 505.63709375
445, 44419, 0.004, 70.0, 1591796574, 2020-06-10 13:42:54, 44, 18, -27.7025283925, -70.8958336131, 510.34940625
446, 44420, 0.004, 70.0, 1591796754, 2020-06-10 13:45:54, 36, 19, -38.9563800771, -73.7368576282, 515.40640625
447, 44421, 0.004, 70.0, 1591796934, 2020-06-10 13:48:54, 44, 21, -50.1526276537, -77.3752515873, 520.23028125
448, 44422, 0.004, 70.0, 1591797114, 2020-06-10 13:51:54, 67, 22, -61.2287322028, -82.7932240136, 524.2209375
449, 44423, 0.004, 70.0, 1591797474, 2020-06-10 13:57:54, 60, 25, -81.0637927952, -125.445398959, 527.705125
450, 44424, 0.004, 70.0, 1591797654, 2020-06-10 14:00:54, 1, 25, -80.4118034277, 157.87135321, 526.6205
451, 44425, 0.004, 70.0, 1591797834, 2020-06-10 14:03:54, 0, 24, -70.9835742232, 129.565901821, 523.63815625
452, 44426, 0.004, 70.0, 1591798014, 2020-06-10 14:06:54, 0, 22, -60.1788023539, 119.897058712, 519.0406875
453, 44427, 0.004, 70.0, 1591798194, 2020-06-10 14:09:54, 36, 20, -49.06768284, 114.721701436, 513.3076875
454, 44428, 0.004, 70.0, 1591798374, 2020-06-10 14:12:54, 19, 18, -37.8405354876, 111.184366956, 507.05096875
455, 44429, 2.0, 70.0, 1591798556, 2020-06-10 14:15:56, 702, 15, -26.429367471, 108.362863621, 500.86578125
456, 44430, 2.0, 70.0, 1591798916, 2020-06-10 14:21:56, 4, 11, -3.76744824898, 103.691342078, 491.40846875
457, 44431, 2.0, 70.0, 1591799096, 2020-06-10 14:24:56, 2, 9, 7.58634916675, 101.478483731, 488.8586875
458, 44432, 2.0, 70.0, 1591799276, 2020-06-10 14:27:56, 28, 7, 18.9435177077, 99.1840387741, 487.9389375
459, 44433, 2.0, 70.0, 1591799456, 2020-06-10 14:30:56, 58, 6, 30.2931013236, 96.6598535742, 488.5013125
460, 44434, 2.0, 70.0, 1591799636, 2020-06-10 14:33:56, 418, 4, 41.617841834, 93.6639140385, 490.20659375
461, 44435, 0.004, 70.0, 1591799814, 2020-06-10 14:36:54, 11, 4, 52.7590346708, 89.7510489277, 492.5586875
462, 44436, 0.004, 70.0, 1591799994, 2020-06-10 14:39:54, 10, 4, 63.880853676, 83.5498587094, 495.10059375
463, 44437, 0.004, 70.0, 1591800174, 2020-06-10 14:42:54, 0, 5, 74.5310242134, 70.3521232345, 497.3341875
464, 44438, 0.004, 70.0, 1591800354, 2020-06-10 14:45:54, 2, 7, 82.3690829266, 23.9989368628, 498.90446875
465, 44439, 0.004, 70.0, 1591800534, 2020-06-10 14:48:54, 0, 8, 78.2128308549, -45.6054326294, 499.63315625
466, 44440, 0.004, 70.0, 1591800714, 2020-06-10 14:51:54, 42, 9, 68.065389561, -65.7106067129, 499.54446875
467, 44441, 0.004, 70.0, 1591800894, 2020-06-10 14:54:54, 48, 10, 57.0705369423, -73.6114007135, 498.855
468, 44442, 2.0, 70.0, 1591801076, 2020-06-10 14:57:56, 100, 12, 45.7388262239, -78.2295374976, 497.91990625
469, 44443, 2.0, 70.0, 1591801256, 2020-06-10 15:00:56, 26, 13, 34.4550941693, -81.4937668638, 497.20815625
470, 44444, 2.0, 70.0, 1591801436, 2020-06-10 15:03:56, 25, 15, 23.1408516597, -84.1503826015, 497.14975
471, 44445, 2.0, 70.0, 1591801616, 2020-06-10 15:06:56, 23, 16, 11.8180116495, -86.5049537138, 498.078625
472, 44446, 2.0, 70.0, 1591801796, 2020-06-10 15:09:56, 32, 17, 0.49454480935, -88.7294985148, 500.23028125
473, 44447, 2.0, 70.0, 1591801976, 2020-06-10 15:12:56, 44, 19, -10.8199664789, -90.9477253909, 503.58721875
474, 44448, 0.004, 70.0, 1591802954, 2020-06-10 15:29:14, 22, 23, -71.3257257194, -115.922079861, 526.7119375
475, 44449, 0.004, 70.0, 1591803134, 2020-06-10 15:32:14, 36, 24, -80.6435790669, -145.491116246, 527.6881875
476, 44450, 0.004, 70.0, 1591803208, 2020-06-10 15:33:28, 0, 25, -82.5964326032, -175.480878624, 527.5300625
477, 44452, 0.004, 70.0, 1591804048, 2020-06-10 15:47:28, 29, 18, -37.6591495689, 87.5046270307, 506.93196875
478, 44453, 2.0, 70.0, 1591804230, 2020-06-10 15:50:30, 180, 16, -26.2472216938, 84.691381395, 500.757125
479, 44455, 0.004, 70.0, 1591805370, 2020-06-10 16:09:30, 0, 4, 45.5640519283, 68.7978863683, 490.9983125
480, 44456, 0.004, 70.0, 1591805550, 2020-06-10 16:12:30, 8, 3, 56.7937776771, 64.2634330619, 493.496625
481, 44457, 0.004, 70.0, 1591805730, 2020-06-10 16:15:30, 40, 4, 67.8115045994, 56.4843701078, 495.980375
482, 44458, 0.004, 70.0, 1591805910, 2020-06-10 16:18:30, 2, 5, 78.0073514439, 36.9189483083, 498.00984375
483, 44459, 0.004, 70.0, 1591806090, 2020-06-10 16:21:30, 3, 6, 82.4392631203, -31.5807524915, 499.28846875
484, 44460, 0.004, 70.0, 1591806270, 2020-06-10 16:24:30, 0, 6, 74.7623490602, -79.3429812756, 499.70984375
485, 44461, 0.004, 70.0, 1591806450, 2020-06-10 16:27:30, 44, 8, 64.1437818081, -92.8373791868, 499.3705625
486, 44462, 0.004, 70.0, 1591806630, 2020-06-10 16:30:30, 77, 9, 53.0442223893, -99.1186260524, 498.54734375
487, 44463, 0.004, 70.0, 1591806810, 2020-06-10 16:33:30, 25, 11, 41.8016832057, -103.09924664, 497.64284375
488, 44464, 0.004, 70.0, 1591806990, 2020-06-10 16:36:30, 0, 13, 30.5040448859, -106.101306025, 497.10971875
489, 44465, 0.004, 70.0, 1591807170, 2020-06-10 16:39:30, 0, 15, 19.1846114326, -108.627314885, 497.36640625
490, 44466, 0.004, 70.0, 1591807350, 2020-06-10 16:42:30, 0, 16, 7.85952087502, -110.920721654, 498.71846875
491, 44468, 2.0, 70.0, 1591807712, 2020-06-10 16:48:32, 96, 18, -14.8967279552, -115.399119597, 505.07984375
492, 44469, 0.004, 70.0, 1591808329, 2020-06-10 16:58:49, 47, 19, -53.418991454, -125.967348355, 521.5001875
493, 44470, 0.004, 70.0, 1591808509, 2020-06-10 17:01:49, 8, 20, -64.4331017911, -132.316979075, 525.129875
494, 44471, 0.004, 70.0, 1591808689, 2020-06-10 17:04:49, 475, 21, -74.9491615642, -146.005552434, 527.2589375
495, 44472, 0.004, 70.0, 1591808869, 2020-06-10 17:07:49, 2, 21, -82.4691725186, 165.73928034, 527.5513125
496, 44473, 0.004, 70.0, 1591809049, 2020-06-10 17:10:49, 0, 21, -77.9858568386, 98.0513338626, 525.8878125
497, 44474, 0.004, 70.0, 1591809229, 2020-06-10 17:13:49, 0, 20, -67.8712277735, 78.6225739031, 522.388125
498, 44475, 0.004, 70.0, 1591809409, 2020-06-10 17:16:49, 98, 19, -56.937112612, 70.8495385909, 517.3979375
499, 44476, 0.004, 70.0, 1591809589, 2020-06-10 17:19:49, 5, 17, -45.7816685854, 66.3099967936, 511.4435625
500, 44477, 0.004, 70.0, 1591809769, 2020-06-10 17:22:49, 2, 15, -34.5334944957, 63.0492371635, 505.1603125
501, 44478, 2.0, 70.0, 1591809951, 2020-06-10 17:25:51, 146, 13, -23.1101789877, 60.3647679144, 499.143125
502, 44479, 2.0, 70.0, 1591810131, 2020-06-10 17:28:51, 37, 12, -11.7823964819, 58.010046538, 494.1181875
503, 44480, 2.0, 70.0, 1591810311, 2020-06-10 17:31:51, 17, 10, -0.436175346732, 55.7827867367, 490.45690625
504, 44481, 2.0, 70.0, 1591810491, 2020-06-10 17:34:51, 3, 8, 10.9196658964, 53.5587883508, 488.396625
505, 44482, 2.0, 70.0, 1591810671, 2020-06-10 17:37:51, 0, 6, 22.2759892015, 51.2148074468, 487.94640625
506, 44483, 2.0, 70.0, 1591810851, 2020-06-10 17:40:51, 13, 4, 33.620557751, 48.584112277, 488.8969375
507, 44484, 2.0, 70.0, 1591811031, 2020-06-10 17:43:51, 18, 3, 44.9328058453, 45.3744322166, 490.8631875
508, 44485, 0.004, 70.0, 1591811208, 2020-06-10 17:46:48, 0, 3, 55.9829181096, 41.0337001506, 493.31125
509, 44486, 0.004, 70.0, 1591811389, 2020-06-10 17:49:49, 110, 3, 67.0856262455, 33.5702841436, 495.8319375
510, 44487, 0.004, 70.0, 1591811749, 2020-06-10 17:55:49, 0, 4, 82.5981538109, -49.3767932961, 499.24965625
511, 44488, 0.004, 70.0, 1591811929, 2020-06-10 17:58:49, 1, 5, 75.4306762402, -101.44269354, 499.73259375
512, 44489, 0.004, 70.0, 1591812109, 2020-06-10 18:01:49, 110, 6, 64.8782183891, -115.888953444, 499.44134375
513, 44490, 0.004, 70.0, 1591812289, 2020-06-10 18:04:49, 6, 8, 53.794966047, -122.423176856, 498.64171875
514, 44491, 0.004, 70.0, 1591812469, 2020-06-10 18:07:49, 6, 11, 42.5583315618, -126.50115496, 497.73003125
515, 44492, 0.004, 70.0, 1591812649, 2020-06-10 18:10:49, 16, 13, 31.2631589404, -129.548580461, 497.15815625
516, 44493, 2.0, 70.0, 1591812831, 2020-06-10 18:13:51, 1832, 14, 19.8188610913, -132.123862306, 497.35709375
517, 44494, 2.0, 70.0, 1591813011, 2020-06-10 18:16:51, 3457, 16, 8.49389859977, -134.425854622, 498.6399375
518, 44495, 2.0, 70.0, 1591813191, 2020-06-10 18:19:51, 42, 18, -2.82750557662, -136.636499989, 501.14725
519, 44496, 0.004, 70.0, 1591813961, 2020-06-10 18:32:41, 7, 21, -51.002040224, -148.596721299, 520.56065625
520, 44497, 0.004, 70.0, 1591814141, 2020-06-10 18:35:41, 4, 22, -62.0638389419, -154.230206684, 524.4476875
521, 44498, 0.004, 70.0, 1591814321, 2020-06-10 18:38:41, 83, 22, -72.7544168785, -165.388755032, 526.931375
522, 44499, 0.004, 70.0, 1591814501, 2020-06-10 18:41:41, 0, 23, -81.5316607533, 158.778497954, 527.6346875
523, 44500, 0.004, 70.0, 1591814681, 2020-06-10 18:44:41, 0, 23, -79.8304518766, 83.1676754744, 526.38875
524, 44501, 0.004, 70.0, 1591814861, 2020-06-10 18:47:41, 0, 22, -70.1814709581, 57.6180483212, 523.2613125
525, 44502, 0.004, 70.0, 1591815041, 2020-06-10 18:50:41, 128, 21, -59.3379172747, 48.5131602719, 518.552
526, 44503, 0.004, 70.0, 1591815221, 2020-06-10 18:53:41, 10, 19, -48.2139091939, 43.5202373478, 512.75340625
527, 44504, 0.004, 70.0, 1591815401, 2020-06-10 18:56:41, 6, 17, -36.9806727278, 40.0607772695, 506.4843125
528, 44505, 0.004, 70.0, 1591815581, 2020-06-10 18:59:41, 0, 15, -25.6915806823, 37.305779487, 500.40475
529, 44506, 0.004, 70.0, 1591815761, 2020-06-10 19:02:41, 0, 13, -14.3693195306, 34.9009689183, 495.12590625
530, 44507, 2.0, 70.0, 1591815943, 2020-06-10 19:05:43, 8, 11, -2.90027868089, 32.6318127366, 491.0918125
531, 44508, 2.0, 70.0, 1591816123, 2020-06-10 19:08:43, 4, 9, 8.45429033277, 30.4170043703, 488.6795625
532, 44509, 2.0, 70.0, 1591816303, 2020-06-10 19:11:43, 25, 7, 19.8114605813, 28.1108849124, 487.89584375
533, 44510, 2.0, 70.0, 1591816483, 2020-06-10 19:14:43, 10, 5, 31.1599718575, 25.5610130786, 488.57590625
534, 44511, 2.0, 70.0, 1591816664, 2020-06-10 19:17:44, 19, 4, 42.5445584853, 22.4945569624, 490.37971875
535, 44512, 2.0, 70.0, 1591816843, 2020-06-10 19:20:43, 37, 4, 53.7406489676, 18.4377217092, 492.7955
536, 44513, 0.004, 70.0, 1591817021, 2020-06-10 19:23:41, 39, 4, 64.7193550192, 12.0083920735, 495.31753125
537, 44514, 0.004, 70.0, 1591817201, 2020-06-10 19:26:41, 0, 5, 75.2959507589, -2.2439715666, 497.52640625
538, 44515, 0.004, 70.0, 1591817381, 2020-06-10 19:29:41, 1, 6, 82.5727864883, -53.4597847588, 499.04971875
539, 44516, 0.004, 70.0, 1591817561, 2020-06-10 19:32:41, 1, 7, 77.5156734464, -119.078132691, 499.7236875
540, 44517, 0.004, 70.0, 1591817741, 2020-06-10 19:35:41, 60, 9, 67.2404598038, -137.429239064, 499.58765625
541, 44518, 0.004, 70.0, 1591817921, 2020-06-10 19:38:41, 6, 10, 56.2196217303, -144.927475376, 498.871125
542, 44519, 0.004, 70.0, 1591818101, 2020-06-10 19:41:41, 3, 12, 45.0045774731, -149.361606863, 497.94771875
543, 44520, 2.0, 70.0, 1591818283, 2020-06-10 19:44:43, 2702, 14, 33.5925642207, -152.603364907, 497.25959375
544, 44521, 2.0, 70.0, 1591818463, 2020-06-10 19:47:43, 455, 16, 22.2772647393, -155.228671058, 497.26221875
545, 44522, 2.0, 70.0, 1591818643, 2020-06-10 19:50:43, 242, 18, 10.952795729, -157.56843432, 498.2891875
546, 44523, 2.0, 70.0, 1591818823, 2020-06-10 19:53:43, 11, 20, -0.369962612472, -159.788341423, 500.525
547, 44524, 0.004, 70.0, 1591822224, 2020-06-10 20:50:24, 0, 3, 35.5630942865, 0.825987742909, 489.15378125
548, 44525, 0.004, 70.0, 1591822404, 2020-06-10 20:53:24, 0, 3, 46.8665246066, -2.53140044099, 491.25984375
549, 44526, 0.004, 70.0, 1591822584, 2020-06-10 20:56:24, 0, 4, 58.0815176374, -7.29598416479, 493.8021875
550, 44531, 0.004, 70.0, 1591825992, 2020-06-10 21:53:12, 0, 27, -81.0840716268, 45.2359296406, 526.6973125
551, 44543, 0.004, 70.0, 1591828152, 2020-06-10 22:29:12, 0, 10, 51.675565178, -27.9519412878, 492.32271875
552, 44546, 0.004, 70.0, 1591828692, 2020-06-10 22:38:12, 0, 8, 81.9815789742, -86.4471020115, 498.88159375
553, 44558, 0.004, 70.0, 1591830852, 2020-06-10 23:14:12, 0, 24, -43.4100663965, 143.167212683, 517.3985625
554, 44560, 0.004, 70.0, 1591831212, 2020-06-10 23:20:12, 0, 24, -65.5572416453, 132.244510768, 525.392875
555, 44561, 0.004, 70.0, 1591831392, 2020-06-10 23:23:12, 0, 23, -75.9652956371, 117.013393826, 527.318375
556, 44562, 0.004, 70.0, 1591831572, 2020-06-10 23:26:12, 0, 23, -82.662897174, 62.1391486077, 527.386375
557, 44568, 0.004, 70.0, 1591832832, 2020-06-10 23:47:12, 0, 11, -10.7300103262, -36.7206576714, 493.59240625
